150
98 57 36 20 2 2483 
68 37 97 86 4 2092 
78 22 85 82 3 7436 
70 86 29 83 4 5839 
61 89 58 49 8 3711 
30 82 61 94 9 6883 
24 77 79 34 2 104 
42 55 41 43 3 3000 
24 89 56 61 5 7154 
74 87 32 52 4 1801 
38 92 72 30 10 1542 
58 76 81 80 3 1723 
47 25 76 83 3 3483 
75 50 79 64 7 3757 
84 27 51 22 8 2919 
71 70 21 33 7 5403 
65 46 20 40 5 4662 
95 38 95 89 6 6319 
55 79 90 25 6 6527 
59 95 25 29 2 7149 
72 72 41 21 8 2870 
99 59 46 66 1 1052 
57 68 20 76 3 3077 
44 38 56 89 4 1866 
59 74 86 63 9 1256 
82 86 87 76 3 2473 
96 21 63 42 3 5371 
95 72 42 46 4 1013 
95 71 96 69 7 1158 
68 87 26 76 7 2611 
50 77 58 91 1 5029 
87 57 93 47 3 7014 
90 98 63 80 7 5854 
91 53 51 42 5 3956 
96 20 85 81 9 4590 
80 76 94 99 4 1048 
45 78 50 32 4 134 
67 71 87 37 7 5930 
66 47 67 99 3 2571 
58 52 86 31 4 7247 
82 85 52 74 9 3464 
98 67 94 77 2 7022 
89 45 61 58 8 3378 
48 48 98 59 7 4718 
99 32 90 56 2 2156 
26 48 20 47 8 5057 
28 74 44 50 1 5136 
50 34 60 97 7 330 
74 20 33 26 8 3010 
82 46 28 56 10 1393 
70 70 80 45 1 5786 
48 35 63 38 9 7097 
21 36 46 55 6 3532 
94 84 81 34 3 6805 
28 69 34 62 10 2148 
95 88 96 32 3 3673 
20 33 55 37 5 158 
99 37 47 55 7 446 
59 56 83 48 9 1390 
41 46 26 70 3 2498 
35 49 46 76 4 2884 
81 23 97 70 3 2376 
32 52 36 83 4 1658 
76 39 88 77 6 2767 
67 74 31 65 2 5165 
76 23 75 20 1 2412 
71 26 65 53 1 4095 
46 52 93 50 9 2435 
93 27 73 28 1 617 
47 60 79 26 7 6239 
47 71 70 63 4 438 
26 73 92 33 9 297 
35 29 36 88 5 5899 
81 97 32 69 5 6842 
37 32 95 61 6 3307 
85 87 53 32 5 5015 
92 73 87 65 2 5187 
41 48 24 60 1 1281 
82 38 40 34 1 7182 
92 90 77 54 10 5586 
32 39 67 47 3 3859 
80 55 71 53 2 4724 
89 51 24 96 10 1412 
25 75 36 60 5 7079 
33 92 50 44 9 1076 
99 29 43 28 8 3544 
57 72 49 51 2 5360 
45 56 30 72 8 3958 
53 87 79 57 1 7017 
94 33 40 51 6 7466 
67 34 37 53 8 6028 
60 67 92 60 6 2483 
37 85 37 95 2 4196 
58 94 23 41 3 4728 
79 74 24 94 9 468 
22 78 24 46 10 6301 
49 32 84 59 3 4060 
95 37 77 55 7 2589 
49 47 94 54 10 1201 
64 61 49 32 10 201 
90 56 30 76 6 2644 
28 34 20 72 3 6328 
45 60 47 95 7 5451 
56 89 31 82 1 4530 
29 60 82 31 6 6891 
54 33 21 28 4 5081 
72 66 25 90 6 6890 
68 52 70 55 9 1202 
24 41 20 68 1 6124 
83 86 27 22 3 922 
34 30 64 72 6 2988 
82 70 80 21 10 7357 
22 76 58 88 6 6361 
62 37 62 41 1 2156 
66 94 85 28 10 6761 
73 66 50 23 1 2957 
27 71 36 38 7 4403 
77 35 75 52 3 3203 
62 47 50 31 1 3198 
84 47 22 52 2 5678 
74 91 47 49 9 6651 
28 83 73 75 5 1455 
90 31 98 78 2 6983 
94 22 32 32 2 342 
24 38 82 26 6 3895 
85 53 52 78 5 1582 
95 53 87 95 8 3958 
35 30 22 21 4 6768 
32 53 22 91 1 1357 
48 76 83 83 9 5676 
35 73 75 87 9 370 
61 92 53 51 9 6437 
98 20 89 62 8 3680 
84 20 56 78 7 6687 
26 64 44 73 8 85 
76 67 65 64 1 5609 
74 51 41 83 7 1232 
82 76 77 84 6 632 
55 52 62 73 4 7246 
98 55 45 42 9 7443 
56 24 25 73 5 4584 
95 69 99 21 9 5487 
84 46 25 49 2 3588 
32 57 51 96 6 2958 
67 85 31 55 1 3735 
72 22 79 20 3 6681 
97 24 93 36 7 6069 
35 34 71 33 5 4541 
55 35 52 82 2 4832 
30 93 38 51 9 4477 
