200
48 27 85 43 49 2828
26 73 43 28 37 918
95 37 42 51 5 2895
59 1 51 88 8 931
57 76 67 32 49 2837
58 27 86 37 32 1579
49 84 5 36 5 1850
26 50 4 28 12 155
87 73 39 49 34 1324
35 64 71 33 20 1734
77 91 50 2 23 2120
95 83 89 99 35 3069
65 78 64 50 46 1435
30 88 38 85 34 1795
75 34 26 84 25 2048
43 61 99 3 32 1635
68 58 65 5 29 3014
23 64 32 88 50 2184
73 81 4 42 23 1191
56 51 48 45 48 430
11 47 1 35 40 2981
14 73 31 29 17 2333
48 37 3 90 13 3165
12 45 44 36 28 2795
36 49 93 11 11 2641
40 27 57 94 22 2371
62 2 51 39 12 1942
54 38 72 62 28 2271
21 72 51 18 33 724
76 47 7 65 50 2247
59 37 44 42 23 582
42 88 23 60 26 2008
72 23 70 19 1 3115
3 64 70 65 39 851
80 70 92 35 50 985
41 28 59 49 35 1846
80 24 41 53 21 591
59 43 12 35 37 1074
74 93 75 66 16 2658
22 7 23 21 41 2298
50 72 40 53 42 3038
95 88 78 76 12 1395
31 33 23 26 42 1694
68 4 67 1 23 1475
41 56 91 32 43 1392
20 18 68 6 46 2000
45 68 89 60 50 1949
68 13 55 1 39 1137
97 57 11 30 27 1776
91 38 97 71 44 2173
66 74 70 36 30 2876
84 24 55 17 18 2607
43 96 41 91 8 1195
48 62 10 56 8 2010
4 10 1 5 5 2160
70 28 13 36 49 2952
68 2 11 19 44 1254
60 93 21 78 45 1520
20 32 66 51 25 1218
67 24 35 31 29 1735
24 44 32 53 25 1860
98 46 82 23 25 650
74 49 52 12 48 1856
6 78 16 28 11 2077
33 80 47 38 40 2291
47 29 97 76 15 2493
85 2 22 70 4 2695
44 87 92 14 4 1565
10 94 59 95 11 2957
78 1 48 12 13 211
18 72 58 78 27 2196
32 69 58 95 33 2724
89 93 34 82 16 918
13 33 3 45 11 665
100 68 54 37 49 2493
52 37 87 100 31 2775
6 87 8 80 44 988
6 61 25 35 1 2175
70 79 32 94 30 1973
18 74 30 35 27 2430
19 49 8 64 40 3030
83 18 49 92 9 1349
16 49 73 22 30 3002
93 99 16 29 48 132
5 65 62 8 27 348
88 82 42 83 9 2435
1 35 57 43 20 2257
28 29 75 82 17 753
10 58 6 94 50 1616
41 81 70 88 23 3013
30 64 62 85 37 3037
54 18 48 95 30 2653
85 95 38 87 6 2390
25 59 87 72 11 1310
82 52 73 34 20 1871
72 64 100 90 38 2136
83 59 77 84 27 540
35 56 94 57 21 568
33 76 21 5 0 859
63 51 67 27 27 2520
37 55 45 88 17 256
1 41 66 100 2 660
100 37 57 5 19 2220
99 22 8 64 41 1584
29 5 53 49 3 1055
60 42 74 18 48 2619
3 28 93 73 0 3121
66 37 100 46 47 2973
7 47 45 71 25 717
60 91 41 67 8 1568
81 45 98 24 33 1093
56 86 87 19 38 2585
90 56 20 93 39 2248
76 44 56 12 7 1755
68 89 85 3 16 603
93 20 83 19 14 1552
66 81 72 82 5 2167
74 26 13 1 34 1130
67 51 29 5 46 1220
17 62 91 26 13 1083
8 72 21 93 22 2125
75 60 27 33 45 2250
55 17 1 81 2 2041
90 41 81 33 22 2135
69 56 98 7 39 847
45 36 50 53 18 2360
33 4 14 47 19 695
88 15 5 30 33 2594
13 73 85 66 22 2910
68 44 4 48 15 2685
70 46 32 37 40 1241
77 3 57 46 47 257
75 69 9 67 1 314
8 56 41 85 6 1373
24 15 10 90 50 2252
69 62 73 66 0 2065
40 70 93 11 42 2765
51 51 30 16 18 1715
42 27 68 29 19 357
73 96 26 14 31 1636
90 89 96 56 37 2778
4 31 35 18 7 2465
7 51 1 72 17 1142
65 55 12 3 15 3116
12 5 13 9 32 1300
65 99 36 20 0 1533
35 68 80 36 31 910
69 71 60 2 48 861
28 98 51 32 6 2310
85 60 58 80 20 1546
93 27 59 18 16 1396
42 82 57 49 29 925
14 8 92 40 42 2537
38 73 52 22 50 2677
42 53 64 50 37 248
67 10 47 4 24 1343
80 4 20 77 34 714
51 28 13 54 43 964
5 81 80 48 20 3064
45 83 64 82 18 2012
8 26 99 88 22 3165
93 27 86 28 23 1858
61 94 35 53 36 469
33 35 30 47 28 266
84 42 44 76 10 1826
59 8 56 5 13 2178
4 96 91 96 37 2623
21 93 100 7 45 402
3 41 54 100 43 1483
74 77 30 78 6 3044
19 52 86 3 15 2033
93 56 90 78 4 2039
95 9 65 14 38 1990
61 89 56 75 39 2154
91 28 94 54 38 1047
19 48 86 47 50 305
4 60 35 76 34 902
86 45 73 71 34 2638
95 28 54 91 40 2470
13 16 84 19 3 2997
91 57 97 56 11 138
42 99 73 22 39 2699
84 10 18 89 39 2638
80 67 94 4 4 719
98 22 2 25 26 1342
74 72 68 5 32 803
79 9 69 39 36 2595
63 37 71 3 7 2028
38 5 93 1 13 855
45 41 95 44 8 3047
37 13 66 16 11 793
23 20 42 19 4 905
95 28 6 53 18 2016
84 3 7 97 50 1684
94 89 66 63 3 1041
91 21 78 29 15 136
17 12 96 86 29 1831
65 63 41 69 35 1413
15 58 28 82 48 1458
70 66 72 77 18 863
