100
86 4 26 19 34 425
22 2 54 87 35 601
34 85 39 7 46 960
17 65 70 81 15 820
57 94 21 4 29 1513
65 39 43 27 16 1392
60 43 62 2 39 1472
7 65 98 88 12 732
61 89 80 83 6 724
96 44 15 2 11 1575
12 28 82 5 31 164
12 16 87 1 13 139
56 21 22 23 26 961
93 22 45 78 29 1464
33 59 63 27 1 1404
39 75 63 3 45 176
47 91 5 79 12 805
10 6 60 96 12 1559
13 74 46 63 39 785
90 38 4 30 36 739
91 89 94 82 40 956
14 8 65 100 21 770
66 18 38 52 19 411
92 96 81 13 35 1231
3 31 71 30 21 351
44 16 96 22 28 1490
88 71 57 45 20 1591
28 46 73 4 33 434
48 63 54 45 0 451
100 69 14 42 13 1439
11 26 33 91 24 431
95 7 45 27 22 451
51 13 54 56 14 930
64 80 82 50 36 1425
35 21 2 4 10 545
45 58 73 83 8 608
60 27 79 79 6 168
84 72 88 48 8 1397
46 17 51 92 45 1296
71 69 50 15 7 1242
79 29 24 3 16 1538
27 17 97 8 0 792
36 36 24 19 40 1565
52 2 39 87 5 657
48 92 25 98 38 517
33 19 28 22 32 1028
1 36 75 75 31 201
87 4 52 2 18 1391
57 87 17 19 45 1051
53 32 4 98 9 813
46 43 87 88 41 1254
23 22 97 43 43 1029
64 26 40 25 50 316
32 50 76 60 33 715
5 90 10 78 44 412
43 18 61 8 15 185
12 38 1 63 25 1518
83 6 46 85 40 705
51 23 91 36 22 870
95 58 43 44 1 1134
36 5 41 45 6 1187
58 42 78 98 5 1369
72 4 57 64 14 1441
10 98 94 99 21 604
60 5 8 86 27 1449
97 76 1 93 11 241
40 84 30 69 9 253
58 68 9 5 5 1017
47 78 64 50 32 1281
77 65 69 22 13 749
62 55 64 18 34 1426
71 47 20 14 26 602
73 3 94 86 35 697
55 9 55 21 13 940
38 85 62 54 43 1000
17 52 53 43 24 939
53 94 87 16 40 957
65 89 37 81 42 1266
39 13 27 18 25 668
19 45 72 2 34 1391
52 13 40 98 44 875
66 42 73 62 46 1168
32 50 6 59 44 587
94 55 55 36 3 798
97 10 35 36 4 751
97 17 39 54 5 727
5 83 39 62 24 473
37 47 32 48 19 363
51 21 42 56 9 1002
23 11 10 10 13 123
77 28 87 9 16 1051
25 85 27 12 20 454
13 52 42 74 1 297
30 81 43 63 36 991
4 47 100 97 38 1137
50 32 3 48 41 862
71 100 42 21 8 1398
5 80 34 76 2 440
61 19 74 34 46 189
5 82 49 47 7 1505
