350
25 29 49 7 10 46
81 79 95 49 7 86
76 9 16 76 5 46
91 56 61 69 10 170
82 55 91 98 8 190
38 36 78 72 8 49
72 83 75 60 6 129
1 65 44 40 9 43
47 13 55 86 2 97
27 45 87 83 1 57
17 50 37 26 1 34
16 62 64 87 7 144
20 58 87 65 5 27
88 2 20 31 10 15
75 100 48 32 9 176
61 30 29 12 5 31
61 7 18 93 8 179
17 82 64 98 9 78
26 67 8 70 8 90
32 66 97 86 8 47
32 80 61 20 4 155
100 86 94 83 1 194
60 14 65 65 6 72
69 87 57 53 4 136
5 37 31 67 8 22
63 84 18 21 7 145
50 96 73 79 5 179
86 48 61 33 1 157
65 61 33 7 4 76
21 6 16 100 4 54
52 99 65 26 6 27
79 2 25 57 2 120
31 70 21 34 3 105
15 70 55 55 5 106
65 65 45 70 6 128
57 26 51 98 6 153
22 5 6 66 7 36
74 42 62 45 9 120
31 59 39 3 8 100
33 77 54 5 8 113
22 38 42 48 6 43
67 34 8 59 4 114
73 24 25 22 10 115
64 18 70 44 4 84
73 24 49 35 5 30
34 73 25 3 4 142
77 68 61 2 4 148
69 84 71 45 5 81
48 25 90 34 9 124
53 20 47 83 9 85
67 32 12 17 1 19
32 97 45 47 6 53
51 99 20 92 8 143
40 66 14 96 6 66
25 48 52 36 5 89
16 44 6 47 10 77
61 55 37 77 8 98
35 92 98 81 6 71
15 51 56 60 6 99
46 71 74 22 6 147
44 84 19 26 1 137
27 67 85 30 4 109
42 61 82 13 7 105
58 37 67 24 10 132
58 83 30 43 10 89
45 7 30 81 6 114
50 33 84 75 6 154
77 48 18 60 5 126
27 65 92 1 10 19
26 46 72 62 4 50
59 11 56 19 4 98
76 44 4 68 4 120
66 54 73 48 8 58
50 34 62 7 10 26
91 91 31 45 1 172
81 27 37 93 3 106
33 32 8 38 2 32
18 63 8 59 5 28
53 1 69 35 8 24
24 40 99 86 2 184
76 41 45 30 5 144
26 24 14 37 9 46
69 96 39 94 1 130
98 65 42 16 3 30
90 54 72 14 5 108
74 79 59 58 6 88
20 64 56 54 1 83
25 32 69 6 3 28
95 100 61 4 8 88
88 22 36 11 9 60
39 24 59 64 6 106
7 70 67 46 7 16
30 21 58 27 2 114
24 57 100 10 5 37
6 13 20 74 2 17
70 70 12 8 10 96
7 15 66 15 5 103
83 40 95 11 10 152
45 52 59 87 4 151
16 14 65 22 6 42
100 59 43 44 4 137
83 61 36 25 8 62
17 7 42 4 10 8
39 33 50 5 5 91
76 50 32 22 7 24
75 74 34 29 9 144
41 37 58 52 9 88
78 80 34 48 3 51
77 80 46 92 3 181
21 52 40 49 9 63
32 15 83 45 4 83
17 97 64 21 8 193
12 2 43 88 7 75
63 83 99 37 9 145
87 32 95 48 9 136
79 97 6 8 1 140
5 3 7 50 3 94
19 99 88 18 6 197
47 78 8 52 3 120
84 38 13 26 8 94
70 96 97 51 5 129
62 4 30 8 5 37
1 93 41 94 6 72
60 36 77 60 3 154
63 88 8 94 7 29
23 3 93 11 1 137
39 42 53 11 5 36
33 18 6 63 4 96
31 82 86 85 4 98
47 5 78 99 9 90
78 78 50 18 7 153
79 37 19 50 3 127
39 9 40 67 3 116
8 68 2 63 9 23
45 35 16 55 7 95
36 32 77 74 3 50
14 44 70 7 6 16
50 7 96 21 7 175
61 49 83 8 10 81
93 25 50 97 6 132
16 24 1 60 1 6
62 58 87 15 9 121
67 45 16 37 3 32
88 91 21 50 2 62
25 19 90 53 2 145
90 8 74 14 5 144
67 97 58 76 1 177
51 78 16 81 5 155
8 39 33 21 7 59
62 54 23 12 3 97
2 53 93 92 6 124
30 18 95 43 8 83
92 27 76 28 3 70
92 41 20 85 10 70
69 73 92 48 5 123
31 27 88 43 6 51
64 51 88 79 9 106
79 78 27 19 6 108
31 53 25 68 10 113
71 67 1 54 3 118
23 98 16 45 1 127
22 46 79 98 3 141
18 31 1 28 4 22
73 97 4 87 1 53
89 75 92 41 5 176
86 39 64 53 9 54
95 17 30 2 1 39
75 100 94 43 6 96
97 77 49 10 10 15
37 7 78 90 3 8
91 16 93 76 3 52
70 9 76 62 6 144
71 49 8 87 9 80
88 25 98 94 1 61
40 60 100 16 1 182
93 37 78 34 9 140
20 68 78 99 7 144
49 82 46 96 4 162
77 36 5 39 2 13
46 47 90 55 9 46
26 30 65 35 1 119
58 67 53 56 3 69
16 78 48 7 1 121
99 5 81 5 5 88
59 7 30 32 6 100
58 32 19 99 8 155
95 47 55 12 5 137
85 2 12 61 4 12
98 44 85 52 4 121
43 37 99 6 8 31
35 50 72 1 4 99
69 42 57 3 10 47
54 76 30 97 7 186
1 54 24 42 3 87
54 30 53 62 4 111
60 84 41 87 1 137
25 91 100 85 1 77
17 48 87 10 9 47
1 80 68 54 9 96
48 4 36 8 2 39
3 73 34 45 1 119
80 20 39 6 9 71
24 62 8 94 9 50
65 23 95 70 3 96
91 85 13 46 3 52
20 57 36 13 6 90
79 71 65 9 8 69
15 21 47 72 5 48
86 97 10 72 7 99
51 61 61 83 10 151
37 88 67 19 6 92
40 12 25 71 8 79
38 35 52 72 8 138
3 85 84 49 3 125
69 4 21 58 6 73
55 49 37 10 7 26
64 1 77 43 6 106
66 78 80 52 9 74
97 28 36 43 8 38
32 17 35 56 2 25
65 63 81 72 7 146
18 66 65 3 10 76
36 84 39 58 9 131
22 29 93 8 1 131
67 50 95 93 9 117
26 49 58 48 5 69
9 7 87 10 5 159
80 17 68 62 2 62
95 28 14 48 7 82
93 84 59 95 6 156
6 34 87 8 6 83
9 37 30 93 6 52
43 54 70 72 1 69
84 13 60 43 10 70
2 67 39 15 4 48
68 50 66 51 1 66
5 63 20 18 3 97
81 68 5 94 8 71
96 81 56 47 9 58
59 40 54 37 3 110
70 48 92 24 10 41
17 64 34 12 7 65
58 26 46 23 8 116
94 60 38 95 2 176
31 33 63 93 1 123
65 79 44 35 1 149
72 93 73 35 2 95
25 54 34 70 2 82
76 15 45 72 6 104
13 7 95 49 8 31
47 10 30 37 8 71
61 78 63 3 10 29
62 21 64 3 10 108
14 29 75 74 4 38
48 12 27 10 2 68
93 53 64 77 5 105
7 62 55 83 4 117
86 79 68 77 1 77
14 37 80 25 5 61
98 13 21 65 9 173
57 40 33 2 10 19
17 38 16 20 7 70
46 83 58 96 2 50
91 59 92 34 6 168
85 51 43 69 3 151
37 41 74 70 9 43
27 89 94 11 8 148
98 10 69 99 1 194
42 20 9 84 9 64
4 66 66 59 10 92
42 2 36 12 5 2
16 62 39 82 2 85
45 80 81 76 7 110
24 12 20 59 3 50
42 6 50 54 3 81
82 28 83 60 8 90
18 68 17 87 10 30
91 48 79 57 9 125
30 71 98 92 4 39
95 100 97 31 10 97
19 37 57 33 1 105
45 85 9 64 10 84
95 24 1 82 7 168
50 12 3 58 3 28
8 76 58 97 1 142
36 89 30 74 2 131
46 33 72 59 4 64
21 27 84 64 2 157
63 37 9 38 8 16
91 66 100 94 9 125
16 41 97 66 4 111
14 12 63 13 6 74
20 89 67 4 8 120
78 8 18 72 10 52
3 83 86 74 6 148
28 25 36 12 4 32
24 63 13 97 9 119
22 60 55 75 2 31
29 33 41 86 5 81
32 42 4 100 7 150
4 100 46 28 4 121
77 32 30 21 1 114
74 82 53 32 7 150
92 46 42 34 9 176
40 25 27 21 6 43
49 35 13 50 9 17
70 13 50 35 5 32
51 18 54 42 9 66
90 46 36 23 1 94
24 76 54 87 6 123
95 80 92 69 5 140
16 78 38 51 8 149
93 58 59 22 4 96
13 54 44 57 6 22
71 46 59 28 9 77
31 78 52 36 2 70
27 79 61 4 2 56
17 53 17 5 3 10
69 83 77 35 6 141
47 62 8 86 2 91
2 63 60 14 7 15
63 90 100 65 5 193
65 74 29 63 1 84
45 10 72 27 9 106
60 29 88 82 3 166
47 10 48 12 4 68
78 31 30 80 9 31
36 7 11 61 8 8
71 2 47 99 8 49
10 36 53 2 5 104
75 6 24 83 5 17
70 28 85 50 8 42
19 51 27 24 10 91
87 21 57 3 1 102
81 98 56 45 5 185
96 30 99 98 7 176
50 12 57 84 7 69
100 29 27 89 6 121
38 10 71 82 10 101
92 74 40 12 8 164
98 95 17 21 9 41
56 36 9 90 9 49
26 91 40 78 5 104
76 100 35 45 8 137
3 54 63 47 3 58
83 84 77 13 8 114
84 50 84 62 2 55
65 75 82 81 5 103
30 76 29 24 6 115
98 97 90 15 10 97
