500
23 69 35 97 7 22
55 65 36 53 5 42
64 48 72 57 8 50
33 85 72 16 7 15
41 48 98 16 10 35
67 17 65 75 1 37
41 13 69 33 1 29
58 65 54 59 7 124
11 10 37 17 5 32
89 57 89 84 2 156
57 32 46 85 10 92
40 31 71 57 7 102
62 18 64 58 7 70
38 70 55 22 8 83
49 45 78 48 10 162
34 12 14 82 10 56
67 58 30 70 7 137
100 23 60 73 10 111
78 78 10 68 2 59
92 89 74 63 10 345
31 32 63 24 10 133
33 94 48 62 5 183
99 19 68 86 7 102
46 93 22 48 9 142
35 100 51 69 3 289
17 55 20 21 9 122
85 18 75 19 3 125
21 17 16 34 6 124
84 26 97 85 10 199
76 76 59 93 1 506
23 99 73 80 10 182
75 21 90 34 10 155
46 55 87 85 2 463
34 89 99 77 3 363
92 50 94 45 10 364
72 30 22 94 7 184
34 29 26 43 4 262
48 91 31 36 4 298
17 21 35 24 5 164
87 54 91 92 5 542
95 13 94 70 2 144
55 35 18 74 7 225
18 80 65 77 8 193
11 10 74 32 1 102
74 16 62 34 6 201
23 27 62 90 5 284
32 13 55 19 8 152
69 32 62 99 3 404
42 83 78 66 7 588
62 38 61 90 3 585
88 84 90 36 2 450
21 40 67 46 4 273
15 21 80 82 6 250
47 59 82 91 9 774
17 71 52 66 5 251
79 81 99 92 3 1097
58 27 11 58 6 162
11 92 34 91 3 190
66 49 41 29 9 429
40 45 90 96 1 575
56 50 19 23 7 280
71 87 89 85 10 1344
57 49 83 99 10 729
39 15 13 100 7 212
74 75 87 46 1 922
33 63 48 80 5 619
42 27 77 87 6 491
86 90 90 72 10 1187
77 85 49 99 4 875
92 98 95 42 7 852
64 85 38 17 2 311
31 79 26 53 8 532
96 10 26 57 7 223
56 40 63 45 6 879
83 66 39 42 9 696
39 37 99 12 5 238
93 58 35 12 4 273
42 94 14 25 3 332
52 27 34 28 8 571
55 48 65 59 7 911
13 89 39 66 1 322
93 77 87 24 10 498
57 28 62 13 7 285
93 89 98 61 2 1493
66 64 66 62 9 1494
86 52 19 27 4 488
60 83 18 39 9 439
47 38 29 26 9 564
21 36 34 61 9 491
40 90 92 25 3 661
58 23 28 16 10 429
69 84 76 50 9 1248
82 62 30 78 9 729
14 77 98 48 6 302
61 70 90 81 4 1581
24 51 66 32 3 581
100 34 57 43 9 947
43 41 69 18 8 485
78 76 59 89 3 1664
73 63 34 21 3 553
21 84 22 48 1 525
35 60 60 95 2 869
24 18 60 66 9 523
13 84 27 60 10 348
52 10 29 60 8 305
78 28 63 41 1 768
74 16 92 74 7 395
24 20 11 57 2 303
46 29 38 44 7 850
33 98 63 24 5 649
60 58 80 29 2 928
50 77 10 76 2 312
46 89 18 70 10 509
79 16 62 93 2 423
65 15 26 88 5 470
60 59 34 76 10 1036
11 26 84 83 7 304
87 96 12 55 6 336
89 30 42 53 1 853
83 75 65 51 10 1392
63 41 37 65 9 1037
68 13 20 45 7 461
59 69 61 83 9 1945
12 14 100 67 2 423
97 18 97 11 10 389
27 51 42 59 1 896
64 66 62 95 8 1814
83 83 64 28 7 836
70 16 88 82 10 549
44 85 91 22 2 816
100 54 51 70 4 1837
45 38 87 12 4 403
46 69 93 12 1 401
12 68 55 100 2 469
36 48 80 56 9 1133
94 93 100 27 5 835
38 85 19 46 4 792
85 55 31 15 8 480
59 40 61 98 6 1547
77 38 21 53 5 864
31 47 16 49 5 592
18 53 93 74 3 619
95 94 97 83 8 3230
93 71 79 79 6 2735
27 61 100 47 7 952
85 83 97 69 10 2665
15 72 27 19 6 645
10 11 95 79 2 430
57 46 87 82 6 1950
74 96 29 76 5 1047
53 82 11 77 5 377
61 51 34 18 1 728
71 40 30 61 5 1201
77 95 13 22 2 562
48 100 70 49 2 1794
72 13 16 17 2 463
20 45 81 43 8 741
51 32 96 31 5 1320
24 88 79 92 7 916
81 47 84 18 7 707
59 32 91 46 1 1219
12 60 45 47 5 541
21 56 85 34 9 969
82 93 99 10 10 469
93 80 38 20 2 812
35 44 59 53 6 1574
51 80 78 40 8 1932
50 65 50 79 5 2423
19 71 78 23 4 743
77 91 81 95 4 2992
35 66 77 33 9 1365
99 60 76 69 10 2793
73 65 39 86 1 2027
24 53 65 84 1 1055
10 16 44 62 1 513
59 62 75 90 3 2786
85 20 19 79 10 990
98 72 10 88 4 458
80 30 83 76 2 1256
36 39 48 31 7 1345
40 66 40 13 3 632
92 73 40 94 4 1746
72 15 93 68 4 800
30 86 97 29 3 1339
20 20 95 37 3 955
62 26 13 94 2 714
33 54 92 19 7 873
62 61 42 64 1 1889
44 97 25 19 9 865
24 24 25 56 8 1379
61 34 36 41 9 1588
70 70 39 28 2 1605
36 66 68 17 4 998
19 26 22 48 9 949
99 31 12 92 2 557
23 21 13 93 10 617
76 79 94 11 5 537
41 88 52 42 10 2292
89 76 50 60 6 2874
18 15 48 48 9 816
60 39 33 63 2 2007
22 95 48 67 2 1323
87 24 69 68 7 1211
94 96 40 72 9 2164
87 49 43 76 1 2583
82 27 44 55 10 1530
27 70 16 18 8 789
85 70 82 37 3 1811
33 41 56 75 5 2069
99 35 20 14 6 684
78 14 48 82 5 796
51 31 13 93 6 660
58 41 71 76 1 2633
57 32 20 11 7 658
10 89 77 95 7 623
39 32 72 99 3 1777
61 88 61 66 7 3208
81 47 18 16 1 878
91 51 55 92 4 3089
77 73 41 10 9 585
12 45 89 53 1 805
63 27 94 41 2 1368
43 53 86 90 2 2869
98 90 88 78 5 5063
61 31 22 74 5 1148
56 39 54 67 8 2317
48 75 39 60 4 2271
48 99 58 51 10 2934
20 96 28 23 3 1075
59 32 86 69 2 1760
28 15 53 95 5 900
54 69 88 60 8 3415
44 89 77 53 7 2587
92 35 32 50 8 2248
36 36 61 33 2 1831
79 25 36 57 7 1448
100 37 91 60 6 2332
38 70 91 71 7 2435
89 45 77 94 3 2761
40 61 20 34 10 1125
17 41 29 11 5 720
74 24 35 73 9 1452
84 38 30 54 9 1706
64 67 31 76 5 1708
40 29 53 44 4 2151
96 79 31 20 8 1439
87 97 47 15 8 995
47 99 46 93 8 2822
69 56 19 44 10 1288
39 39 44 26 3 1668
30 97 86 16 4 1165
30 17 47 85 2 1262
25 11 31 15 8 670
97 61 77 68 4 3915
89 34 34 11 8 762
44 42 54 11 4 645
13 19 60 19 1 931
95 69 59 65 6 4526
58 37 10 45 6 691
70 28 87 38 10 1798
22 94 71 87 9 1709
33 66 36 50 7 2104
79 58 79 14 3 984
21 92 77 28 4 1506
21 36 23 79 2 1305
88 53 43 96 6 3277
36 18 82 24 8 1228
49 25 15 75 10 1171
34 69 52 67 4 2584
96 13 90 52 2 820
61 21 27 89 4 1337
67 46 36 18 7 1441
89 22 39 54 2 1551
88 93 83 30 4 2097
91 30 58 11 1 910
73 47 56 25 10 1741
91 53 38 27 2 1735
52 33 33 14 4 963
69 10 72 78 10 659
10 55 95 91 10 832
97 97 70 53 4 4358
83 38 29 77 6 1860
30 46 15 57 8 1193
17 67 99 100 5 1325
10 52 88 10 10 816
68 52 34 61 10 2349
58 36 42 59 7 3028
30 64 14 14 9 962
34 33 79 23 5 1889
29 64 59 68 6 2104
26 20 40 55 8 1374
94 68 49 36 8 2624
15 30 12 49 7 925
74 13 67 60 6 1084
94 86 96 51 10 3962
60 13 93 71 9 1109
55 64 65 45 7 3859
69 36 21 76 3 1681
97 93 64 54 8 3958
12 78 11 13 9 975
73 99 65 40 6 3517
10 49 93 70 1 844
69 50 20 45 6 1500
28 65 52 86 5 2181
41 63 74 20 6 1654
36 33 73 27 9 1917
98 18 74 36 1 1268
86 45 31 100 10 2466
40 87 74 70 8 2937
43 85 95 88 6 3045
84 77 47 67 1 3502
63 12 31 48 6 1104
45 40 39 81 8 3492
20 23 66 28 6 1703
87 93 61 55 4 4885
40 26 56 29 6 2192
77 19 42 90 2 1547
96 86 35 95 7 2779
87 48 96 98 9 3535
25 89 63 37 9 2028
26 65 13 77 1 1163
29 100 56 44 10 2571
27 56 64 98 4 2118
26 36 68 13 1 987
95 29 68 41 7 2813
28 72 39 16 9 1226
21 76 14 84 6 1089
40 44 50 37 2 2786
38 70 22 15 2 1306
32 23 61 17 2 1665
31 92 44 46 5 2624
55 83 75 36 1 3144
73 85 89 15 7 1409
85 83 82 55 5 4668
54 34 52 18 6 1543
68 55 58 91 6 5516
31 85 71 70 3 2959
75 82 34 20 10 1878
89 14 100 59 7 1273
17 45 83 23 4 1710
100 62 32 17 7 1614
10 79 10 61 2 957
79 11 26 27 7 1081
93 20 38 70 4 1657
48 51 12 11 9 1037
23 53 91 21 4 1672
91 77 77 18 5 1791
23 75 39 22 1 2262
52 61 32 86 1 2622
17 89 40 85 7 1748
26 36 84 93 1 2657
77 66 87 94 4 5712
26 20 23 78 5 1795
70 27 73 36 7 2508
58 67 30 100 3 2700
70 94 95 44 6 4262
15 50 26 90 7 1233
98 67 36 93 10 3062
91 10 64 84 8 1054
95 46 100 25 3 2379
100 63 82 71 1 6320
37 77 86 62 9 3107
85 41 44 95 1 4475
13 31 49 17 6 1120
28 73 81 25 2 2534
65 52 19 72 7 1866
65 23 99 73 6 2192
53 65 41 48 3 3955
16 69 19 19 3 1357
16 99 72 44 4 1782
72 48 69 87 10 4487
49 36 71 19 2 1621
84 44 49 81 7 4524
64 97 97 19 4 1839
92 44 18 21 10 1846
38 91 96 78 4 3538
80 40 88 36 5 3218
61 76 16 88 4 1730
40 20 75 50 8 1917
50 99 98 60 7 5163
39 19 13 43 5 1307
49 63 30 22 10 2334
93 73 68 97 1 6937
57 20 91 27 2 1731
17 81 42 11 2 1021
41 13 44 80 6 1452
27 76 40 68 7 2845
32 42 79 98 4 3051
51 45 29 46 4 3401
46 97 13 17 2 1226
61 30 67 91 1 3170
20 51 75 59 7 2348
43 40 62 30 3 2996
82 64 32 73 10 3469
93 58 94 33 8 3657
63 84 60 36 2 4229
60 95 82 99 6 6350
82 52 53 41 1 4001
37 92 56 69 5 4363
39 15 83 68 8 1504
72 25 20 19 8 1797
15 63 17 56 6 1495
24 45 19 33 5 2132
96 12 33 85 7 1265
24 64 89 30 10 2566
48 75 67 53 7 5568
72 81 68 10 2 1156
52 100 29 13 1 1277
20 16 87 32 8 1789
28 77 51 100 6 3235
28 41 84 61 5 2877
36 90 90 29 1 3520
69 51 32 82 1 3640
35 34 62 95 10 4138
51 36 53 85 10 4293
94 73 61 31 9 3091
61 77 67 36 9 3470
17 14 58 51 3 1442
14 20 42 10 1 1111
99 65 53 66 7 5038
56 54 23 36 7 2547
82 84 32 70 3 3197
64 42 86 70 9 4797
23 85 53 81 1 2722
21 86 68 42 9 2078
36 53 88 87 8 4412
29 63 35 53 1 3516
31 52 74 58 4 3455
87 22 66 89 10 2583
64 86 69 61 1 7755
26 36 73 72 7 3222
67 44 97 82 3 4857
73 50 70 68 3 5120
51 25 67 98 6 2748
35 29 56 12 6 1346
77 51 99 88 5 5671
21 72 15 76 5 1576
87 96 72 68 6 8719
61 79 87 51 1 6477
93 53 92 70 8 6028
24 65 24 86 3 3063
84 94 24 96 7 2634
38 62 47 65 6 3954
74 33 39 77 7 4036
55 98 62 56 1 5813
87 96 11 23 1 1208
41 85 89 100 1 5444
77 84 84 41 7 5481
35 75 13 64 6 1485
70 90 51 70 10 6579
92 98 56 26 2 2775
11 39 66 100 9 1228
26 31 67 93 6 3320
45 37 73 52 7 4173
40 98 10 94 4 1287
80 88 15 98 9 1777
94 15 93 13 1 1730
78 94 91 72 9 8050
82 85 77 71 1 9340
13 15 19 66 1 1692
32 85 83 31 2 4097
40 75 35 19 8 2344
49 11 60 47 2 1387
100 89 65 26 1 2774
80 32 90 62 8 4174
21 38 53 35 4 2576
14 17 37 20 10 1882
79 33 35 10 2 1234
98 39 54 63 4 4383
25 95 71 65 5 2934
85 27 54 20 4 2806
20 96 94 98 9 2133
55 93 68 89 1 5988
38 95 37 29 4 3495
58 13 77 69 1 1713
80 100 84 13 6 1473
13 20 49 80 9 1439
65 67 35 85 1 3798
98 16 76 19 8 2114
35 83 62 85 2 5020
91 87 60 66 2 6570
84 100 36 94 3 5205
93 55 21 31 1 2311
39 59 53 92 5 4312
86 31 32 62 4 3918
52 60 97 64 8 6713
38 89 94 19 5 2418
60 12 62 43 9 1528
43 18 49 28 4 2131
94 56 57 64 7 6367
53 48 63 90 10 5343
98 47 34 29 10 3671
96 41 73 41 5 5157
39 39 20 21 9 2673
72 78 69 43 9 5316
89 92 73 14 3 1667
57 75 77 80 6 6462
87 69 81 92 1 8997
36 39 69 82 3 5009
20 54 64 17 3 1923
