250
18 11 15 11 6 337
25 14 23 9 5 421
8 8 23 7 2 1660
2 2 8 3 2 2236
15 2 16 4 3 454
25 15 24 25 2 1256
13 11 25 4 3 1682
17 6 18 14 1 533
14 20 15 25 3 1722
3 2 7 20 7 1305
9 11 19 4 1 1276
21 21 7 23 7 1575
2 11 23 6 8 2310
24 11 19 12 10 2425
8 20 17 25 3 596
17 23 22 2 5 674
5 17 6 2 3 202
18 7 14 5 10 2273
12 18 5 3 5 1287
14 4 23 25 4 2180
17 17 4 14 8 741
21 4 3 16 5 1627
9 20 13 15 3 283
6 21 18 11 7 1828
20 16 11 23 8 75
21 25 20 13 1 526
9 8 8 8 2 929
11 23 8 7 5 383
15 11 23 2 8 1125
22 20 11 24 6 1662
3 2 8 3 8 1007
12 16 19 3 5 1223
9 9 19 13 10 15
17 19 17 18 6 2486
20 12 2 3 10 1086
17 2 2 16 6 725
2 15 24 2 3 983
8 9 24 15 9 983
11 14 24 11 8 1268
12 10 25 7 10 26
14 13 25 16 4 1863
4 25 4 24 8 2279
11 5 21 19 1 2069
8 6 11 24 5 1852
3 16 10 25 2 1773
5 18 6 11 7 623
18 17 16 15 3 1377
4 3 22 9 4 522
8 25 12 17 10 1463
21 17 23 5 7 2014
20 3 5 23 2 1551
9 20 24 12 9 620
24 25 24 4 9 873
18 25 24 3 3 586
6 25 6 6 4 1649
8 3 20 15 4 1850
10 20 3 18 5 1569
11 14 6 11 8 1137
18 21 15 20 1 2343
20 21 4 16 3 2051
15 14 11 6 7 1802
12 9 15 13 2 1253
6 4 11 22 5 758
7 18 8 25 7 870
22 9 20 21 6 1271
10 21 22 3 5 1903
18 3 4 24 7 311
14 10 12 21 5 988
7 3 13 9 5 1986
8 12 6 6 3 301
16 4 2 20 7 1650
23 20 25 19 6 2425
10 23 23 21 1 1711
5 14 18 18 10 936
2 25 4 5 9 1370
22 15 24 15 5 2283
21 3 17 22 10 294
20 9 18 14 9 1081
20 8 17 3 5 2170
19 9 19 13 4 2221
7 16 19 20 3 1370
9 8 13 16 4 1849
9 19 22 19 9 1608
16 10 18 14 9 134
17 15 12 21 1 854
25 18 15 8 3 290
10 15 18 10 8 2062
10 16 19 25 6 23
21 7 7 9 8 1396
23 20 22 13 1 867
16 5 18 15 2 1372
22 17 7 3 7 2261
20 3 12 9 1 657
20 25 3 18 8 2314
4 5 13 7 5 1995
25 2 15 12 3 1138
6 13 3 10 5 1590
2 9 11 23 8 804
3 23 17 8 1 680
23 21 3 5 9 1289
13 7 8 14 5 207
7 4 20 22 6 155
2 16 11 4 8 1044
23 19 17 6 7 30
7 4 4 21 9 1535
8 16 4 17 5 1690
9 16 6 24 2 445
22 14 22 15 9 2458
9 24 18 23 7 2145
10 18 10 12 1 2185
11 23 11 8 7 2222
21 18 10 25 9 2309
13 9 19 19 6 1347
16 17 7 13 9 127
9 7 12 5 5 1421
18 2 15 22 1 528
24 24 5 23 8 588
21 9 9 7 4 146
16 21 9 17 7 1439
17 15 9 2 4 367
13 16 12 16 4 260
20 7 9 25 5 190
8 10 21 10 6 277
7 17 17 16 8 1610
2 15 24 16 3 1171
10 20 6 11 8 71
22 10 16 2 8 1981
15 10 11 8 9 2415
5 13 23 2 2 67
10 13 21 17 3 1905
13 15 9 10 2 2441
10 7 6 9 6 72
17 6 8 12 2 1333
17 5 2 23 1 106
17 14 19 21 6 563
19 16 18 12 10 1377
16 21 9 23 9 1601
16 14 12 25 1 1951
21 13 25 23 7 152
24 20 21 25 10 1190
24 4 14 21 10 2104
20 10 10 15 4 631
6 17 8 25 2 2097
18 15 7 2 6 328
24 9 22 25 1 629
14 20 5 2 7 687
12 16 9 18 1 2322
3 19 9 9 3 2022
15 2 19 24 10 2406
10 16 16 13 7 474
6 8 24 2 10 1775
24 6 19 6 6 1295
19 6 21 18 9 1495
9 12 15 11 7 1338
11 19 14 22 3 2323
5 24 4 23 5 1064
22 12 24 12 7 1260
3 20 22 2 4 1916
19 2 22 23 6 1749
21 4 23 12 10 1691
14 4 12 24 1 507
15 25 2 20 4 1983
24 21 13 13 10 1403
18 2 15 21 3 1090
3 19 22 19 6 734
12 13 21 18 2 1051
25 9 21 21 6 622
8 16 7 16 8 1451
8 7 14 9 4 159
22 12 24 20 6 1096
25 8 15 17 6 1518
20 7 22 9 8 2174
18 5 12 17 1 320
11 11 21 5 8 1196
24 20 12 15 9 1587
10 19 22 12 5 908
15 22 10 7 9 1371
16 18 21 12 3 1976
22 24 6 23 2 1870
5 6 16 24 8 801
22 18 14 15 1 977
6 5 2 14 2 1873
3 20 23 8 3 2326
15 8 24 17 3 1638
7 13 7 20 3 1821
17 24 3 6 8 152
19 10 3 13 10 633
14 25 13 12 7 633
5 5 20 18 1 1450
23 12 7 24 9 162
18 13 3 5 7 2070
9 9 8 24 10 499
3 9 3 24 6 1961
6 13 17 2 4 1235
4 18 25 23 10 1055
20 9 9 20 9 2223
2 7 14 23 6 2133
7 5 16 25 7 1494
9 3 11 11 9 184
13 16 8 17 3 191
15 19 23 13 8 2006
22 3 17 11 9 353
25 5 23 5 5 1187
24 10 25 11 4 1450
9 11 10 20 2 1696
5 9 9 18 4 58
12 19 15 18 9 2219
17 25 20 19 7 1375
24 25 23 21 2 1787
19 18 8 14 7 12
25 14 9 12 10 2330
20 4 19 14 10 73
14 4 10 21 3 1204
13 23 6 21 9 1102
17 8 10 11 8 1657
5 11 25 20 1 45
20 9 15 8 5 59
4 11 14 10 1 1983
11 9 18 23 10 1612
16 20 20 8 3 311
24 14 22 2 10 2499
21 4 17 10 10 411
8 9 5 2 2 319
25 24 21 24 1 1694
8 10 23 24 2 1800
13 4 11 13 3 865
5 22 23 8 6 718
18 10 8 11 6 1734
5 7 13 2 5 2319
3 18 10 21 6 637
3 15 8 17 8 1344
7 24 19 20 6 2460
17 17 8 19 1 1495
24 12 24 7 9 920
18 14 24 14 3 483
7 15 7 8 6 289
25 11 14 10 7 1923
23 14 12 3 10 743
23 17 23 16 1 1045
22 10 13 2 8 1730
15 13 3 9 3 1016
20 6 2 5 5 2097
2 3 16 14 8 291
18 9 17 18 3 1767
18 9 3 18 7 35
6 5 2 4 7 1014
24 22 12 17 8 1667
18 5 18 3 2 1992
2 22 11 12 5 527
21 12 11 11 7 454
