200
32 30 45 3 1 123
34 9 20 12 7 188
42 46 22 15 2 159
39 12 32 45 2 51
12 24 27 22 10 171
5 22 33 6 2 92
8 12 7 25 3 143
48 46 38 4 2 166
30 38 3 41 6 142
43 3 50 28 8 83
30 40 38 24 4 66
25 28 23 18 5 73
44 42 47 48 6 178
45 46 17 1 8 65
38 50 8 14 2 198
8 27 18 44 8 62
4 12 30 20 4 53
10 37 44 12 1 133
49 40 50 19 6 136
42 35 12 31 2 139
2 48 41 9 6 188
45 20 24 27 3 99
31 38 19 2 4 190
39 6 10 45 10 192
9 9 41 45 7 179
27 37 34 34 6 190
44 41 22 5 1 158
17 37 4 28 5 113
38 34 50 31 2 143
33 24 50 40 3 62
26 7 4 25 4 179
31 17 29 50 6 69
7 1 16 28 7 123
36 42 41 20 10 80
12 17 37 17 5 134
38 50 38 20 5 97
28 46 41 8 1 146
47 47 32 5 2 131
11 11 22 9 5 50
45 49 45 39 10 168
23 45 28 46 8 68
31 5 35 32 5 63
27 10 36 40 8 82
25 33 43 38 7 51
33 2 33 33 8 184
10 11 42 22 4 157
44 32 13 16 8 71
11 27 5 26 1 158
1 22 3 10 1 140
17 42 15 30 5 53
9 45 43 46 9 189
47 44 24 11 2 118
48 8 47 5 8 138
50 7 38 17 1 154
44 12 6 44 4 63
23 33 21 1 2 98
39 2 46 35 5 149
41 18 24 32 7 143
12 15 11 10 6 147
50 39 47 33 6 131
15 48 22 47 10 60
22 7 23 46 5 64
45 28 35 5 5 71
30 29 20 40 1 166
15 27 41 28 7 157
48 21 18 43 6 113
9 7 47 14 8 191
3 21 29 34 7 114
17 21 5 49 4 85
4 48 9 34 9 167
34 7 15 11 8 75
31 32 12 11 9 104
15 28 48 30 3 52
12 32 37 16 5 67
19 3 17 41 4 172
23 33 10 37 10 164
25 34 26 37 3 91
10 16 24 42 3 116
50 30 1 31 8 72
21 46 41 4 9 142
32 41 45 1 5 110
29 44 41 5 9 134
13 16 38 16 7 64
5 22 19 41 10 77
28 44 40 40 7 198
36 14 42 36 3 73
42 30 32 16 6 155
31 31 17 3 3 184
48 47 33 1 7 105
31 13 19 27 4 162
17 42 50 18 5 89
50 45 1 15 3 112
17 24 22 44 1 154
41 10 3 11 8 98
19 38 44 16 3 123
22 20 13 26 10 120
2 13 1 40 4 93
2 16 22 39 4 126
47 34 38 8 4 179
42 22 7 18 7 171
46 21 47 41 4 174
1 20 12 17 5 85
36 18 31 38 10 166
18 11 10 5 3 173
48 21 17 20 8 55
16 37 25 34 7 71
30 36 37 5 2 92
13 27 40 15 1 180
13 36 22 47 1 122
36 4 50 49 8 128
11 3 5 48 9 87
15 12 23 11 7 84
2 46 11 14 1 102
26 34 29 41 1 185
32 41 41 25 6 67
24 30 2 18 2 142
40 7 40 16 1 91
50 24 2 47 1 94
25 1 44 19 3 167
42 30 25 3 6 122
36 23 37 44 5 145
7 43 1 13 10 145
43 20 35 6 8 90
42 46 5 1 2 136
14 37 16 22 1 96
20 5 31 22 2 89
43 28 11 43 9 63
11 37 46 27 2 76
35 3 48 50 4 76
46 43 43 45 6 196
24 14 9 16 4 142
30 42 13 29 7 100
4 45 33 10 3 192
28 42 49 32 6 196
46 3 34 4 5 170
35 35 1 10 10 130
49 23 6 16 9 54
18 48 29 16 6 98
15 48 40 37 3 155
1 41 3 11 7 78
16 15 43 38 8 193
11 39 15 44 3 172
45 46 9 47 9 179
26 23 45 36 2 153
19 1 15 37 10 150
25 16 43 24 3 166
30 8 24 31 9 200
24 22 47 6 1 182
7 43 42 7 6 200
4 49 16 33 4 162
27 27 24 34 4 131
2 47 17 30 6 197
3 36 2 34 3 96
1 8 50 27 2 61
25 33 3 21 2 107
27 2 43 4 5 53
44 20 10 24 7 61
20 30 29 2 4 129
9 3 25 41 6 151
8 25 50 39 7 142
14 36 36 4 7 90
12 28 25 3 2 154
28 30 49 3 10 182
2 37 20 11 6 99
45 3 8 50 7 52
8 45 47 38 5 72
9 18 17 15 1 145
5 35 21 45 3 126
43 13 38 41 10 126
19 40 14 8 6 125
32 31 7 19 5 160
38 46 49 10 8 200
50 40 33 2 2 132
12 25 29 21 9 53
6 46 42 13 2 183
22 4 35 25 5 174
22 20 14 2 1 113
20 12 38 44 3 176
14 44 20 37 9 95
8 16 5 30 3 58
39 21 21 33 5 164
21 17 29 28 2 87
13 49 5 27 10 186
45 34 40 42 10 139
45 34 23 29 5 171
45 9 8 10 8 199
13 22 9 3 4 184
45 30 26 50 2 195
1 10 32 45 5 73
23 4 7 8 4 102
26 21 23 44 5 166
21 46 41 28 3 67
44 34 21 41 1 174
10 6 32 45 5 184
4 24 36 15 1 179
8 28 35 24 5 62
36 20 25 47 9 98
46 2 41 1 3 156
21 34 35 1 10 62
30 23 18 43 10 175
