250
54 97 100 56 8 1892 
39 79 27 34 3 2654 
70 89 66 20 5 893 
45 75 48 64 5 4194 
78 74 38 71 1 10698 
94 64 52 40 8 9563 
50 90 85 84 3 7460 
62 90 79 84 1 9346 
96 36 87 90 1 5640 
59 43 88 71 1 8652 
98 22 74 93 5 8355 
60 78 29 96 10 6659 
60 96 38 61 10 5510 
94 73 70 92 5 3818 
58 87 50 20 2 5246 
59 47 26 95 3 8084 
71 47 34 23 7 10040 
35 57 96 70 4 3358 
51 99 90 31 2 7310 
35 46 84 77 5 1243 
74 90 92 28 4 3695 
54 72 58 58 7 4469 
72 20 64 72 5 12213 
67 84 21 54 10 9794 
81 63 78 97 2 9019 
92 58 95 44 4 8125 
62 96 49 54 2 3261 
78 25 37 45 4 8735 
88 43 83 84 6 4381 
21 42 28 28 2 7129 
34 21 84 31 6 7062 
59 79 90 29 8 2436 
67 99 66 51 9 4545 
31 99 71 64 8 1823 
52 51 94 59 9 6204 
78 66 48 29 4 923 
91 88 47 39 7 6829 
59 33 94 26 5 7641 
64 82 90 47 1 3660 
42 37 63 40 3 6806 
64 87 42 53 2 833 
23 23 27 75 5 6637 
53 94 30 24 10 11336 
98 83 37 98 7 9658 
55 80 85 76 1 10267 
34 41 87 55 2 2505 
72 82 49 73 7 8647 
38 33 43 98 9 9896 
73 92 32 60 6 4741 
36 72 32 79 5 3361 
60 85 70 46 5 3468 
69 39 33 86 3 12107 
86 41 76 32 3 10116 
75 23 46 89 10 2739 
99 27 74 63 1 4027 
67 67 95 30 4 12173 
55 55 38 35 2 8890 
41 54 33 70 2 9809 
64 76 66 94 4 12143 
82 42 45 43 7 10280 
57 55 56 86 10 11115 
81 28 96 88 5 8470 
49 57 66 58 3 8408 
43 46 76 76 8 6121 
26 40 49 34 9 3808 
65 70 31 59 4 501 
67 42 80 57 7 9762 
78 60 24 63 8 3840 
73 62 47 52 9 10779 
40 72 64 42 6 4411 
82 64 73 96 6 539 
41 27 64 32 8 7242 
21 98 90 38 3 3836 
41 86 68 71 8 1302 
81 46 75 90 10 7159 
44 83 100 25 4 270 
84 88 40 50 4 12413 
61 39 27 64 10 1324 
33 55 24 82 9 1185 
94 64 79 92 2 1561 
54 82 45 24 8 3028 
83 28 21 46 7 10571 
59 96 33 50 3 8880 
27 48 81 51 5 2110 
53 28 90 42 3 4662 
92 90 86 74 4 10721 
79 82 46 40 6 4001 
67 67 57 96 8 5804 
59 25 33 24 2 10576 
99 29 44 23 4 6137 
97 77 32 96 7 5661 
30 65 83 99 8 10150 
36 90 84 21 10 11616 
51 98 97 35 4 264 
40 31 33 76 1 6095 
48 47 74 82 5 3580 
65 95 90 53 7 3758 
87 58 71 73 5 2700 
66 84 88 83 4 6839 
68 27 73 39 5 11992 
61 100 99 67 1 4444 
90 71 93 79 6 10213 
86 67 27 86 4 6014 
21 28 84 36 2 5309 
68 89 53 92 8 4186 
58 92 37 88 6 139 
32 99 80 52 1 2405 
62 26 81 63 2 5665 
36 65 78 77 6 11551 
37 26 80 85 8 942 
41 38 34 40 3 11173 
64 53 36 81 8 2987 
87 57 88 77 3 7721 
44 82 100 61 3 7314 
72 25 92 27 3 8310 
87 96 47 66 6 10065 
46 69 25 60 7 7900 
53 57 97 22 3 7040 
81 35 70 45 3 967 
47 66 56 29 5 5419 
34 38 89 59 4 7734 
56 29 47 35 5 6694 
51 23 23 70 1 9373 
58 73 23 83 3 11384 
53 70 47 34 4 3465 
59 38 94 89 1 11439 
90 61 94 20 3 11781 
60 36 90 39 2 12253 
97 76 77 91 7 12284 
44 50 38 50 9 5449 
54 29 38 58 5 3332 
77 87 71 99 4 611 
45 91 50 35 5 1470 
78 94 55 46 7 9943 
54 34 72 78 10 10024 
33 56 61 44 2 4947 
34 50 50 41 5 2280 
31 61 61 57 2 1614 
38 44 35 86 1 6429 
54 78 49 36 8 12352 
64 74 86 38 9 8899 
21 96 51 59 4 5429 
34 41 38 54 9 8569 
44 75 83 71 10 2612 
34 100 83 27 1 869 
65 76 53 88 2 11483 
21 46 39 39 8 5414 
71 47 99 75 6 7245 
38 42 35 47 7 1911 
84 80 99 51 9 3767 
99 74 39 100 5 1834 
67 67 74 97 3 1700 
24 26 48 65 8 10320 
50 79 90 32 2 6592 
79 45 62 53 3 11949 
33 93 53 26 3 3524 
100 36 49 63 10 12414 
47 55 77 32 3 7156 
94 94 31 49 6 1891 
69 90 83 66 3 1780 
21 75 93 31 4 5047 
68 65 76 85 10 3511 
48 25 29 59 4 8991 
79 35 81 73 2 1785 
90 51 70 45 6 5389 
45 62 89 56 1 7930 
79 58 86 72 5 6218 
73 85 59 68 9 11769 
24 32 61 63 7 11840 
21 32 51 93 2 10672 
64 80 66 87 4 8876 
48 52 64 29 9 9436 
21 22 87 42 4 674 
98 67 84 73 10 10998 
63 54 82 25 4 7348 
43 70 95 37 3 3788 
48 35 99 87 6 2499 
49 82 65 97 5 7008 
100 83 91 45 1 11062 
65 57 22 79 3 7417 
94 80 61 31 1 4775 
43 58 73 93 6 10247 
59 64 34 64 3 12096 
49 25 42 56 4 9013 
95 37 50 41 7 5727 
80 85 50 76 3 8709 
72 92 51 49 10 1760 
40 93 33 75 10 11543 
21 23 89 78 4 3357 
51 68 91 88 3 2237 
89 76 89 54 7 5288 
88 27 94 64 2 6790 
63 42 76 25 3 8495 
94 90 58 46 2 2427 
28 67 88 67 7 6615 
31 89 64 80 5 1184 
79 54 85 87 1 6767 
94 23 66 43 5 4960 
82 57 42 41 5 1522 
55 72 58 86 9 5420 
62 95 84 46 6 4309 
50 65 80 98 2 11589 
75 40 23 71 3 4732 
92 25 95 98 8 2889 
53 31 35 62 1 9000 
51 99 80 66 8 7589 
45 34 50 81 7 382 
26 98 82 84 6 9510 
91 25 23 20 3 3281 
21 21 84 87 4 6081 
68 86 54 87 7 2397 
97 37 92 58 6 1719 
42 27 65 32 7 3806 
89 51 67 36 6 10263 
99 60 20 37 9 102 
20 29 99 70 1 6451 
83 35 92 49 3 1048 
21 89 99 87 8 4254 
39 37 48 25 2 1334 
65 31 91 37 7 3436 
21 73 25 61 1 11369 
21 52 92 88 6 6651 
47 75 67 47 2 9432 
77 91 97 86 8 1684 
90 53 22 59 3 3662 
48 51 95 32 5 8191 
55 60 27 27 1 6804 
70 56 44 76 10 4138 
27 21 63 22 3 6175 
30 78 76 90 10 12359 
42 39 25 35 2 8082 
63 62 56 84 8 10180 
65 91 64 36 3 3492 
69 58 22 20 2 4273 
38 95 45 85 9 3601 
92 62 39 94 6 7607 
81 38 57 47 9 5483 
100 34 78 60 4 7296 
61 81 99 42 4 12484 
82 45 59 22 8 9460 
98 99 20 37 1 11215 
88 21 69 69 2 8340 
26 62 25 33 10 1984 
100 27 43 51 3 5816 
56 73 32 43 3 9571 
80 89 94 84 4 5429 
74 46 80 63 3 2789 
34 34 41 46 9 619 
76 28 92 74 10 12404 
53 84 96 91 7 443 
