100
92 32 91 31 100 132
52 82 94 37 83 149
58 39 27 78 227 169
56 2 8 5 208 178
97 52 61 28 104 153
68 100 24 100 138 173
48 70 53 87 114 140
88 97 47 8 113 193
46 86 48 93 88 192
44 86 87 16 103 152
45 19 95 44 114 147
49 55 50 18 104 191
95 28 77 26 151 167
17 34 52 41 139 100
33 17 54 10 105 180
9 29 12 30 223 184
68 84 29 69 226 187
60 23 17 25 159 118
45 98 15 29 239 116
54 95 37 52 135 200
62 41 7 42 143 200
82 97 91 28 115 123
46 14 96 73 199 143
45 48 52 24 246 117
63 49 10 4 84 171
59 3 97 38 118 112
42 41 71 27 223 127
76 2 70 97 196 185
74 39 7 81 135 199
67 51 38 14 54 124
34 15 17 43 186 172
19 32 93 18 203 101
52 28 86 90 175 135
90 90 41 71 179 191
88 47 54 88 150 128
58 27 44 8 166 138
96 78 4 46 187 122
1 35 2 10 229 140
96 5 21 84 218 193
96 46 60 25 234 108
88 8 39 83 135 117
34 33 71 66 117 140
92 2 11 79 82 173
16 96 25 13 216 170
53 13 37 31 133 112
74 68 56 73 87 138
3 95 39 6 190 192
85 78 34 58 50 164
45 25 15 33 129 181
76 7 8 54 145 134
21 77 29 100 152 131
35 24 80 51 142 123
57 96 81 81 188 110
47 100 44 77 94 127
28 46 60 16 202 137
96 61 34 6 109 125
86 87 48 80 60 104
90 65 40 100 170 118
49 17 89 9 249 123
54 62 43 90 134 161
32 97 82 45 119 187
17 34 48 53 153 169
98 65 2 2 191 133
67 7 7 98 155 153
9 49 99 14 144 201
47 62 2 2 241 183
95 58 93 97 65 175
47 30 27 72 109 116
51 99 99 3 138 170
69 95 23 91 198 146
8 19 8 19 168 191
73 18 43 31 130 153
17 18 57 34 92 106
13 68 55 82 172 154
69 28 41 41 97 145
97 83 13 31 94 136
76 75 71 6 238 140
37 78 68 13 186 185
25 57 74 31 175 187
7 65 4 5 237 160
53 72 5 65 217 198
76 93 8 52 213 101
6 79 31 84 215 174
34 74 62 26 114 194
70 83 80 72 250 145
58 35 79 54 236 162
41 37 82 46 54 171
15 16 55 41 239 130
35 92 17 82 60 179
49 22 31 63 121 187
1 59 18 80 199 140
77 29 78 52 168 143
18 46 76 88 187 157
41 87 80 64 135 109
35 46 32 86 194 132
53 24 64 55 237 164
43 56 8 89 206 109
69 55 46 19 241 196
90 45 4 85 67 115
87 78 4 34 133 152
