150
22 34 30 35 8 2652
40 40 37 40 3 1744
81 77 93 85 3 2435
78 85 86 78 6 1379
81 100 76 100 10 1919
28 29 33 38 6 604
29 47 41 47 10 792
39 43 56 40 10 2301
56 64 78 69 10 1924
100 83 90 77 8 2573
33 38 36 46 3 408
15 21 14 14 3 1933
77 100 100 74 5 1443
86 78 71 67 6 2140
21 26 25 14 9 1758
89 94 100 100 8 1341
71 64 76 65 7 2328
100 76 67 100 2 1032
24 24 26 24 9 907
42 41 28 34 8 1161
55 62 55 48 7 1469
26 37 40 27 4 542
43 41 54 52 9 1796
20 32 27 22 4 951
46 34 33 42 5 225
100 100 86 100 5 1062
23 32 36 30 4 2561
31 30 22 30 2 2070
55 89 58 91 4 1957
54 34 44 46 1 284
73 65 63 68 2 2535
15 10 10 10 1 214
80 99 68 60 8 750
100 87 71 100 4 2212
49 65 48 70 3 74
43 33 41 48 6 1013
55 50 63 84 9 2049
21 36 30 28 4 205
46 55 74 56 6 1018
83 100 100 100 4 2085
12 10 10 12 1 1165
45 38 51 47 5 217
78 65 67 61 6 360
41 52 48 48 3 2380
27 28 27 26 7 2155
41 42 30 47 7 764
51 51 57 49 10 2343
58 82 77 79 6 685
86 95 87 100 5 425
16 11 11 11 7 1052
71 92 93 63 1 1297
83 74 56 75 8 2216
88 100 100 62 3 1621
66 60 68 79 1 778
100 77 73 100 9 2210
82 100 95 69 9 96
87 100 78 100 10 2065
71 100 67 72 4 2251
55 72 70 76 6 2480
74 69 58 42 6 2375
47 60 56 55 4 169
48 55 67 44 4 942
67 40 56 53 7 1740
68 50 82 65 10 440
21 34 26 30 5 2720
43 40 60 60 5 2121
39 52 51 65 6 2539
35 38 35 31 1 1106
71 78 79 61 5 1303
85 72 72 72 4 254
100 87 90 82 8 1403
71 76 78 70 4 1821
100 100 78 67 10 143
66 45 73 53 2 715
100 65 67 98 4 325
20 26 19 25 8 502
25 38 32 40 6 823
66 100 89 100 4 100
89 68 100 100 3 1463
21 22 32 36 2 667
11 13 19 11 9 2038
29 41 40 26 8 1153
74 90 100 100 6 2654
59 55 55 66 3 995
19 18 24 24 1 244
37 41 56 41 10 2078
44 68 44 71 6 2213
72 66 61 70 4 1484
35 25 44 38 6 791
73 50 83 68 2 2663
26 25 19 22 1 419
41 34 39 38 5 873
61 55 61 69 4 1806
11 14 12 12 3 2363
100 74 100 100 9 1883
79 76 58 58 10 2678
77 100 73 100 7 2489
36 22 22 37 7 1799
96 94 79 100 3 2685
100 70 84 100 6 2669
35 46 28 31 5 1426
42 57 34 48 1 288
42 27 27 40 5 2130
20 11 18 16 3 1462
63 100 71 70 5 422
16 15 10 11 9 1997
45 47 59 59 7 1723
58 57 58 46 5 1038
75 100 87 93 6 1072
86 100 83 80 8 352
30 45 46 40 9 91
54 54 44 56 6 767
71 49 69 48 7 2554
44 41 26 25 8 2323
41 35 35 41 3 1510
90 71 96 75 6 2394
15 14 16 15 7 737
87 62 71 62 3 1877
42 51 56 60 4 280
23 33 26 26 9 266
25 32 22 32 4 2176
28 36 40 34 1 2678
70 62 52 56 7 1640
46 44 47 32 1 269
20 28 21 25 3 2620
46 62 68 46 6 1918
66 39 44 57 2 1074
91 77 86 76 7 360
100 100 98 86 5 2530
68 58 59 63 9 493
67 62 56 72 8 1784
36 28 41 27 7 385
37 23 35 29 7 2032
19 27 16 15 7 2494
44 63 59 51 8 1441
34 33 56 48 7 1841
80 93 90 64 4 336
47 31 47 36 3 2196
100 73 100 100 8 1583
31 26 24 21 3 2144
72 94 100 70 8 292
54 49 35 54 1 425
13 10 10 14 2 1779
23 17 16 25 8 2088
64 52 76 72 10 1328
46 50 41 57 8 1106
70 60 61 48 7 704
85 65 93 81 3 1014
62 71 54 65 4 1311
41 57 55 37 4 1353
