400
100 36 38 54 6 40
80 28 72 67 6 32
68 36 52 62 10 35
81 13 17 79 3 13
67 55 56 14 6 26
75 25 40 60 7 57
99 87 52 60 8 117
43 63 41 23 8 51
48 18 88 42 7 53
13 40 41 13 5 38
16 13 70 38 2 41
59 42 22 91 7 67
14 49 29 60 9 64
23 93 61 93 4 99
73 12 81 89 6 43
97 62 86 86 10 294
77 52 20 68 8 112
38 57 31 91 9 181
66 84 72 57 10 317
66 67 80 51 9 257
36 48 29 26 2 170
64 69 12 13 8 75
90 28 77 52 7 196
82 93 45 68 9 315
12 40 93 56 2 88
19 85 78 57 6 136
60 10 73 69 7 63
83 72 82 92 7 568
60 46 11 76 1 92
67 76 52 60 4 484
40 82 78 36 2 315
16 77 60 26 8 125
39 57 31 45 7 263
61 61 76 46 4 412
79 86 90 86 8 805
44 73 84 89 10 437
26 80 12 88 2 113
82 34 34 75 9 405
87 47 58 53 5 456
84 65 16 81 7 174
48 90 67 65 6 624
37 45 91 84 4 392
71 32 44 19 1 211
88 66 69 19 7 201
97 52 51 48 5 642
74 13 55 23 1 157
90 89 70 68 5 856
86 69 27 46 9 357
48 98 100 57 8 599
74 31 61 12 4 151
93 60 73 22 8 335
37 52 90 47 4 544
67 76 58 100 1 734
16 82 24 89 5 221
30 25 96 40 8 377
89 79 73 53 6 815
63 55 34 63 1 554
65 25 92 88 10 380
78 11 22 43 4 172
82 47 16 90 1 254
44 18 26 57 4 342
66 90 71 28 2 420
37 30 22 61 6 355
51 89 82 35 1 632
71 73 98 18 4 336
49 67 61 58 10 983
92 34 42 20 6 357
98 43 76 61 9 826
30 58 93 62 3 636
32 61 45 10 9 196
84 35 43 69 2 699
97 83 10 78 6 185
20 13 92 66 9 294
40 32 14 81 8 302
47 78 78 44 10 796
75 53 39 86 3 715
88 50 56 30 2 564
88 64 20 31 3 415
16 70 41 24 3 377
51 87 54 22 7 502
23 64 28 49 6 531
77 17 52 45 9 412
84 53 16 93 4 384
34 90 48 12 2 262
82 74 38 98 7 754
62 86 61 83 9 1359
62 93 47 83 9 986
17 69 84 82 1 340
60 63 34 16 4 421
93 36 95 83 9 851
30 21 100 34 1 464
18 77 41 86 6 419
88 54 52 98 10 1332
47 80 16 41 1 435
61 59 51 65 2 1383
61 43 93 49 9 1146
94 13 82 94 3 364
70 39 62 85 8 1044
23 99 50 82 6 521
15 17 39 87 5 375
34 34 27 81 2 792
63 47 72 41 6 1274
66 42 97 94 3 1166
63 10 33 36 6 248
69 76 100 62 3 1711
27 92 26 63 7 731
47 14 30 55 3 361
52 25 86 99 9 765
18 21 24 58 1 595
28 11 31 56 1 337
91 42 94 45 10 1187
63 72 87 73 10 1598
63 54 27 51 7 898
65 12 39 66 3 400
53 88 37 28 4 787
80 14 18 30 3 421
97 32 31 83 10 868
82 34 22 14 6 394
54 42 16 77 4 473
12 28 88 19 7 355
63 98 32 11 7 346
24 11 16 91 4 331
22 78 79 68 8 753
88 97 24 73 10 865
57 50 92 75 5 1632
72 65 52 31 1 1140
84 78 69 33 2 989
10 96 29 96 8 382
97 72 14 93 7 454
24 50 41 87 5 841
75 53 75 20 8 679
86 20 48 66 5 715
61 93 53 19 9 656
38 40 24 30 1 887
94 80 33 24 5 908
48 69 17 21 1 589
78 35 22 67 4 881
12 12 75 97 9 405
97 68 47 79 2 1542
36 71 80 60 5 1416
26 19 28 95 2 714
33 63 89 18 5 622
97 89 53 23 4 827
25 79 35 45 1 940
89 83 31 66 9 1325
24 82 62 62 6 998
16 37 17 57 1 625
21 90 46 95 1 746
79 92 21 99 1 793
35 31 76 79 2 1215
88 70 24 26 4 841
78 21 12 82 4 441
85 75 44 71 3 1618
41 30 78 13 1 459
74 42 13 98 6 589
47 15 44 46 9 551
69 72 15 46 6 559
93 80 84 21 8 958
79 89 76 42 7 1615
76 15 75 50 1 546
78 15 100 27 2 685
94 87 33 45 6 1488
87 34 84 69 9 1383
66 38 60 96 7 1549
59 24 72 12 2 459
19 66 73 77 4 885
52 43 52 26 8 1161
48 53 70 69 7 1889
54 87 75 83 8 2258
90 58 14 76 4 624
26 97 87 73 10 1069
66 19 86 59 6 848
54 31 52 15 1 719
65 78 94 36 10 1830
18 34 100 32 9 914
83 81 31 81 7 1575
86 99 69 27 2 1250
72 49 66 92 4 2424
80 39 88 12 2 568
69 67 29 17 9 843
51 64 85 18 1 772
51 32 48 41 6 1627
34 72 58 77 2 1493
90 94 49 52 3 2111
16 29 17 10 7 476
59 87 62 92 4 2879
93 59 39 61 5 1780
11 25 58 21 7 584
76 91 83 70 2 3825
74 78 97 24 2 1278
99 83 90 76 2 3596
53 39 77 38 7 2060
24 36 91 80 5 1402
21 56 66 27 1 1008
68 83 21 61 6 1153
71 14 49 85 1 755
85 68 57 35 2 1822
44 54 28 21 3 1208
93 33 64 79 4 1960
23 95 16 40 7 934
76 78 93 42 4 2082
68 42 65 68 4 2017
35 63 22 49 2 1041
75 71 80 88 10 4103
50 29 72 56 3 1699
74 90 30 40 1 1807
83 53 58 72 6 2843
47 32 67 36 9 1641
51 11 65 27 3 652
11 64 92 51 8 551
72 32 18 31 7 1008
61 38 22 85 2 1170
56 82 100 89 10 3161
96 76 100 96 7 4611
45 44 39 51 8 2374
40 33 41 63 4 2016
33 63 65 26 1 1675
77 62 82 33 2 2042
23 79 23 69 7 1416
15 49 39 69 1 955
20 91 97 97 8 1033
58 77 11 78 2 557
28 63 19 37 7 1001
18 51 45 26 1 1082
17 65 12 97 9 716
72 26 85 15 4 809
37 59 36 39 1 2031
39 42 80 25 7 1455
67 24 85 57 1 1634
76 56 62 69 8 3084
86 34 63 99 2 1985
69 81 56 76 3 3649
54 25 18 28 4 1231
58 39 88 40 3 2560
53 94 76 64 8 2855
79 47 19 64 1 1023
53 82 73 85 3 3549
23 31 87 57 2 1652
87 67 19 25 3 1067
75 89 85 60 8 3735
61 38 55 81 9 2392
43 30 84 88 9 1796
22 73 63 46 4 1371
28 26 89 14 2 819
43 56 67 94 10 3143
42 85 48 81 7 2345
84 81 54 18 8 1154
78 81 92 63 1 4053
41 15 37 40 4 855
11 49 94 80 8 745
53 41 23 81 2 1659
83 100 44 17 1 967
42 34 37 12 10 706
10 29 67 99 4 724
100 29 40 100 2 1687
38 10 89 41 3 652
61 24 76 73 9 1490
80 78 60 68 3 4274
11 12 90 35 8 661
87 31 30 13 10 948
48 48 44 28 5 1724
80 93 84 61 2 4010
100 58 60 61 1 4164
62 65 28 30 2 1782
50 37 57 63 9 2728
50 34 31 59 4 1937
82 57 23 38 5 1734
28 57 70 72 1 1749
98 78 37 81 3 2935
59 27 60 90 5 1925
100 53 79 67 7 3695
58 30 86 90 5 2156
21 16 64 94 6 1235
70 32 82 84 3 2385
24 18 64 97 6 1299
97 32 93 83 1 2451
54 44 46 77 3 3176
23 14 61 11 8 771
40 89 33 52 1 2354
23 15 35 95 3 1250
36 97 40 53 2 2702
52 29 40 27 8 1817
13 11 81 28 8 808
53 85 53 42 7 2977
78 85 69 52 8 3795
63 61 12 24 10 897
32 65 78 53 4 2583
98 63 38 56 9 2975
55 42 42 20 4 1527
38 25 92 76 3 1959
91 80 43 82 8 3458
60 93 51 40 5 2982
72 23 12 17 6 879
98 17 75 21 10 1294
11 98 63 37 3 773
81 10 35 37 4 741
80 57 63 67 2 4749
64 12 12 19 9 1021
51 78 19 11 1 847
36 96 99 17 2 1271
48 71 41 87 1 2923
37 19 55 87 1 1354
74 24 66 94 4 1833
78 96 96 87 9 5591
15 55 36 87 4 1136
12 49 40 29 2 888
98 14 89 32 9 1165
100 62 25 97 2 2212
37 14 23 100 3 1145
92 83 56 21 7 1538
56 70 61 63 3 4265
15 71 64 25 5 1262
98 60 21 84 7 1854
13 76 54 37 4 975
23 12 66 44 1 879
56 24 31 45 6 1936
85 42 83 90 8 3157
99 99 87 51 5 3792
51 89 36 78 2 3048
92 77 87 100 7 5873
69 40 17 39 5 1374
51 21 62 16 3 1263
22 25 37 23 2 1683
76 52 22 22 6 1935
89 32 60 65 8 2538
89 49 37 53 4 2847
55 66 68 33 6 3148
94 54 91 63 7 4863
33 96 49 44 3 2892
97 58 87 68 1 5300
67 31 11 19 2 1033
36 10 84 93 6 880
29 49 60 73 8 2776
15 48 40 65 7 1188
80 73 75 93 8 6333
12 59 39 96 8 1053
40 91 78 73 2 3330
51 66 71 68 3 4746
74 82 93 56 3 4406
72 43 28 64 2 2187
19 42 64 32 10 1517
18 34 10 18 9 842
15 14 46 34 4 1143
57 26 13 77 5 1046
32 94 94 50 6 2859
87 98 72 77 9 7139
81 18 27 59 4 1738
14 22 42 38 1 1221
99 60 54 88 7 5617
60 97 32 27 10 2269
41 88 20 69 4 1676
81 26 77 38 6 2380
28 47 42 58 10 2340
30 63 86 36 7 2793
96 77 32 83 4 2646
81 13 96 43 4 1080
30 29 75 60 5 2445
13 31 57 92 5 1243
42 45 84 16 2 1361
15 83 38 47 1 1300
83 88 52 89 4 4506
55 73 92 10 5 878
63 44 50 95 1 3610
52 65 80 99 4 4398
77 72 71 97 3 7392
44 48 23 39 9 2095
87 97 16 53 9 1639
31 73 18 69 6 1590
82 46 36 58 5 3382
17 78 47 85 5 1425
64 14 28 42 6 1472
37 65 76 69 1 3481
56 94 66 27 9 2838
45 11 15 37 2 967
74 23 96 32 8 2450
22 42 93 25 5 2376
24 42 17 55 8 1900
96 71 63 36 2 3846
33 51 22 16 6 1702
57 74 44 14 8 1492
62 21 61 100 10 2370
94 89 95 50 1 5366
62 67 33 19 10 2161
56 51 23 96 3 2257
84 76 33 80 2 3673
73 39 20 29 6 2098
57 13 81 10 2 1047
82 67 59 98 10 5334
41 91 36 50 6 3955
18 86 29 67 2 1749
100 31 23 73 7 2629
76 54 66 37 2 3839
53 43 94 49 6 4109
43 26 82 85 1 2601
45 73 97 83 1 5118
26 10 64 37 9 1145
54 31 64 23 6 2353
84 62 80 33 5 3816
74 97 69 48 9 5305
21 19 47 42 10 1974
