450
41 46 7 12 100 1644
44 22 37 7 80 3614
48 49 25 48 70 801
36 36 49 29 90 4110
26 48 44 14 90 3380
41 5 12 11 100 558
48 30 50 11 100 1876
28 11 11 14 90 2068
31 39 26 39 60 4249
34 38 16 26 90 2786
42 41 30 5 90 4066
45 16 17 22 100 3771
28 45 7 42 70 3786
23 41 25 13 60 4446
33 15 25 39 100 856
23 16 17 40 70 1137
17 34 13 12 50 2238
7 5 32 30 80 1370
47 26 13 17 50 4062
43 18 42 29 100 1107
15 14 33 28 100 999
14 28 8 31 80 3944
18 43 20 20 80 3637
29 38 34 9 80 763
36 39 43 28 50 2490
30 30 50 27 80 3399
39 7 16 22 70 268
45 24 16 5 100 493
7 31 23 30 60 3305
41 27 32 12 70 1649
13 24 28 11 100 3940
27 35 34 11 70 3587
14 15 34 27 70 1109
15 32 24 11 100 2551
49 8 45 16 100 4344
43 6 31 37 50 3135
49 26 31 13 80 2642
31 8 21 31 50 1273
25 32 27 30 100 2141
37 13 30 31 100 193
14 5 32 50 80 2366
18 10 44 7 60 680
6 9 5 34 80 4202
17 16 22 15 90 296
24 5 42 37 90 1710
17 28 39 38 60 1010
23 18 31 29 70 4006
19 49 7 38 60 1945
35 14 6 6 70 3283
5 15 40 15 80 4185
27 12 30 17 60 1694
19 17 47 44 60 3475
13 6 14 35 100 2994
11 13 25 25 100 1558
23 42 27 39 80 4228
30 39 10 29 90 49
20 18 21 35 60 2104
5 8 23 33 90 2297
5 21 13 49 70 553
8 28 34 24 50 1613
21 12 26 32 80 3737
23 40 37 14 70 1981
42 43 11 39 90 2771
46 48 21 19 90 502
45 19 47 44 90 1107
26 47 43 32 60 3762
35 41 28 24 70 917
8 16 22 26 80 42
31 48 25 46 50 2833
22 35 6 18 80 2933
34 39 28 11 90 3430
13 41 37 19 70 3626
49 43 20 26 90 1540
25 50 11 29 90 307
6 32 27 24 60 2351
40 29 23 23 100 4155
42 22 11 5 90 1666
38 29 11 45 80 1493
16 41 12 9 70 1730
49 27 25 32 80 3906
47 38 26 39 70 4416
40 34 33 41 90 3283
29 34 9 31 90 2696
44 26 41 30 100 3862
34 42 44 35 100 2934
7 18 14 47 60 488
25 11 8 27 80 2968
9 21 18 37 70 1195
35 20 44 36 60 2439
37 43 48 46 100 3130
22 22 36 27 60 4194
8 24 19 34 50 638
13 7 22 29 90 2504
5 29 49 21 100 916
22 5 45 11 60 3284
46 30 46 31 100 4478
8 41 50 22 60 3333
37 6 29 40 80 1361
27 24 31 45 90 1935
27 38 28 14 50 3243
14 8 33 18 80 4283
32 44 29 41 60 2495
32 29 7 26 50 3207
43 31 24 42 70 1795
28 47 12 36 100 3889
8 44 29 32 80 2599
32 39 26 46 90 3235
7 9 42 32 70 586
39 19 37 35 60 4034
27 38 5 39 60 198
50 41 30 21 60 2759
18 11 29 30 100 4092
18 12 17 40 50 3777
11 34 33 26 90 1248
13 42 21 40 90 3559
47 38 47 45 60 2316
43 11 18 9 60 2248
27 15 49 6 80 1551
38 20 21 11 90 51
33 29 48 43 100 3294
9 5 39 43 80 2086
9 27 25 47 50 134
10 37 46 26 70 1012
29 39 17 14 70 1577
34 9 18 40 90 738
27 50 46 6 60 1263
27 34 12 23 90 1561
16 46 35 25 70 1434
33 5 30 12 50 623
11 18 8 32 60 625
46 12 47 10 70 2619
49 7 12 42 60 3243
33 38 34 21 90 994
8 32 15 37 100 2427
23 42 21 47 60 1321
8 8 21 17 60 2757
29 46 46 23 70 3581
43 25 27 25 50 2612
50 35 18 5 60 1918
18 7 13 50 70 231
41 33 42 10 50 3034
29 26 45 43 90 1278
50 39 48 31 80 1950
48 41 42 30 50 1339
45 41 42 15 50 4474
14 49 15 49 80 7
47 45 11 43 100 3464
36 50 7 38 70 263
39 23 46 16 90 4167
37 30 11 49 90 3380
15 33 15 48 70 1757
15 24 9 14 80 3744
8 43 24 27 60 1903
24 32 15 44 100 2172
50 36 46 30 50 1470
11 36 22 31 90 1890
42 16 20 19 60 3244
9 31 43 10 80 1276
17 6 44 12 90 3095
43 18 16 44 60 817
46 13 10 34 60 2374
41 24 50 48 70 926
22 26 25 6 50 2250
34 46 9 31 50 1256
20 26 19 23 100 790
27 35 39 46 50 2593
38 37 20 16 100 256
14 18 38 10 60 403
34 6 14 8 100 865
49 34 16 27 70 166
36 15 29 49 80 3355
16 36 28 47 80 547
43 26 49 26 90 1892
33 11 17 40 90 786
11 13 12 8 80 3839
21 25 38 50 80 4434
27 20 42 45 100 3271
9 14 20 29 80 4483
15 26 14 34 60 2784
8 13 38 25 100 1578
23 11 50 25 60 3371
39 15 16 38 100 2788
28 13 28 17 80 198
34 13 26 9 70 4421
13 45 38 47 90 186
21 50 19 19 90 1909
15 10 14 37 100 1073
19 33 45 20 100 1965
42 43 12 8 70 4022
28 32 24 45 60 893
21 8 29 7 60 3959
18 6 23 13 50 3004
5 19 47 25 60 2548
13 32 14 33 100 1051
18 5 24 28 80 2388
7 17 27 23 100 808
38 48 11 39 80 2678
15 44 22 18 90 536
25 26 50 48 70 510
25 14 8 19 80 269
48 32 41 29 90 531
32 50 43 49 100 345
12 8 50 26 90 3359
8 18 31 30 80 2239
11 39 36 6 70 1475
31 46 12 7 50 4250
5 40 16 49 80 2837
38 23 31 42 70 495
10 5 26 33 100 336
42 15 47 10 80 1819
14 26 45 37 70 1872
6 7 15 29 70 1325
37 34 20 18 50 3329
8 12 13 13 50 3993
30 14 8 29 80 1443
48 48 26 28 50 2099
20 42 17 5 100 3076
11 37 45 17 100 4038
48 42 25 46 70 4316
36 38 25 40 70 3282
38 41 29 21 70 1389
22 45 16 42 80 2583
6 46 46 40 90 3813
46 13 39 24 90 2907
10 37 20 12 60 1274
33 41 23 34 50 1864
17 24 46 41 80 2463
25 50 14 26 80 2958
36 35 19 15 90 2872
32 44 13 37 80 3520
13 27 28 7 90 1834
7 43 40 20 80 571
23 30 42 10 100 1865
8 26 28 21 60 1416
38 44 16 19 80 1669
47 45 13 49 90 3498
40 36 13 35 90 1932
20 38 14 43 100 2365
46 23 40 25 90 309
12 29 50 19 50 851
15 34 37 46 90 2713
11 23 7 21 80 2125
7 24 5 16 100 3837
28 13 24 25 100 903
41 13 23 42 80 2606
5 13 30 37 70 4467
10 40 28 8 100 1275
41 50 49 5 90 3675
36 5 49 37 80 794
42 9 39 42 100 335
18 29 14 7 50 1437
32 8 45 39 80 3976
43 8 21 9 90 2352
29 18 48 27 90 2865
28 42 18 17 100 4067
18 31 9 42 60 3134
32 41 30 5 70 1174
30 38 36 37 60 3882
48 47 14 40 70 4415
19 49 30 38 60 4284
18 36 23 32 60 3312
18 5 39 29 60 2583
48 10 48 20 50 3454
46 27 7 33 80 3870
6 28 23 11 50 1219
15 28 6 26 50 2954
39 35 35 47 100 2379
45 11 29 32 90 1337
44 31 44 42 70 1627
32 17 48 27 70 3869
14 11 12 27 90 4378
49 10 5 49 90 3969
49 33 6 22 60 2950
25 35 43 45 50 3120
32 13 5 47 100 3695
30 12 23 15 50 3349
44 17 7 32 50 1659
16 37 19 17 60 774
5 32 32 35 50 4391
22 34 10 41 70 2165
18 41 8 10 90 1849
10 24 45 19 50 234
18 25 5 32 50 304
43 14 39 25 100 3430
42 19 50 28 60 3269
11 15 33 46 70 1487
22 37 40 19 50 145
43 45 47 36 100 1447
45 20 40 37 90 846
34 9 6 23 80 4291
9 9 30 47 90 2233
46 32 12 45 100 2522
9 40 6 12 70 4118
30 40 20 24 50 704
7 43 41 25 90 1854
17 14 5 25 90 3771
29 30 37 28 70 1033
8 38 18 12 60 720
38 6 8 13 80 3044
8 39 14 22 60 814
11 23 19 13 100 2258
26 40 41 20 80 3309
35 15 31 33 100 2385
13 49 7 45 50 2365
43 16 11 31 90 4498
50 39 12 21 80 236
50 42 38 40 80 1185
47 46 14 47 50 1314
6 29 31 33 100 3793
32 23 33 45 100 4061
5 26 40 6 50 3083
36 44 28 15 60 1637
49 41 49 45 80 1823
17 38 18 32 80 3672
47 19 35 19 50 556
24 43 31 26 60 1517
26 41 15 46 60 2108
20 32 21 18 90 3058
49 45 17 11 60 1044
41 42 19 46 100 1146
16 47 45 35 70 3050
17 19 43 43 90 3289
37 41 6 23 50 1740
30 7 29 10 100 2681
20 25 47 33 80 193
27 15 17 15 80 2700
26 42 17 25 90 2370
43 16 43 10 100 2638
45 19 38 14 80 3886
7 17 16 14 100 2559
48 31 32 24 100 3405
6 22 41 10 80 1422
26 7 17 30 80 766
44 12 28 9 50 1996
17 33 23 14 70 1752
28 34 6 44 90 1980
29 45 28 24 50 4246
36 41 33 20 90 1451
48 33 44 29 100 37
22 35 31 48 90 2949
19 32 36 29 60 2010
43 30 19 12 70 3789
43 48 16 31 80 3140
43 28 26 32 50 294
12 24 19 28 70 2831
9 20 33 27 60 2413
44 38 23 50 100 3379
26 43 37 5 100 453
35 30 14 26 100 3039
27 38 40 28 80 2798
32 8 40 18 80 166
21 48 35 23 80 1748
47 32 24 30 60 4168
26 14 12 33 90 1484
11 49 46 32 60 2613
29 34 43 42 100 406
7 23 13 45 60 5
47 50 11 6 100 3025
9 18 46 33 60 3921
10 10 42 28 60 2047
19 12 28 16 70 695
16 45 8 19 90 501
7 43 35 39 90 2560
44 28 8 22 100 3912
28 16 28 14 90 146
43 34 26 12 100 1234
16 6 12 50 80 232
28 9 49 29 90 2550
39 23 29 22 50 2644
40 19 20 5 70 4135
31 20 38 7 70 1552
48 37 21 27 60 971
22 11 39 22 100 939
13 38 49 44 80 1585
27 15 48 45 90 3591
14 20 30 46 80 4314
23 47 9 34 70 4378
45 28 24 47 70 3260
22 15 46 39 90 313
6 27 26 47 90 2844
45 46 15 24 50 3612
24 8 17 11 100 4088
10 21 14 16 50 2445
36 7 31 32 70 2796
29 17 44 37 70 2952
8 6 45 38 60 1629
38 20 16 43 70 2504
26 40 7 9 80 1718
26 28 39 8 90 3845
35 35 19 27 70 1013
36 39 43 13 70 727
41 25 5 37 90 1376
6 9 29 38 60 3333
32 49 10 48 90 592
9 30 30 13 60 3041
43 39 39 40 70 3726
49 18 19 30 80 413
33 27 45 16 90 1089
41 7 41 30 90 1776
32 44 31 37 70 717
19 8 10 10 100 1125
22 21 40 17 60 2174
36 25 19 21 60 2969
49 35 32 33 60 3868
41 20 20 43 80 2247
18 9 50 15 60 2969
17 27 50 22 60 3463
37 22 26 9 80 648
8 37 41 12 60 1596
31 43 47 18 100 426
15 47 23 18 80 344
41 47 11 21 90 2572
10 36 39 21 100 4066
30 26 42 39 70 3859
30 42 34 7 60 2280
25 5 35 37 70 2617
37 15 43 9 50 2121
38 31 5 8 50 355
7 20 35 46 90 2114
27 29 9 32 90 527
8 26 50 13 60 139
31 34 14 9 100 675
50 5 36 32 50 1259
45 41 16 23 100 2205
41 49 13 7 70 3057
8 44 33 46 100 4211
20 46 5 7 80 4076
12 32 47 43 70 1058
50 49 44 6 90 4423
37 35 38 32 80 583
24 20 22 44 50 3752
7 19 34 32 70 961
7 9 24 13 80 1451
26 28 50 16 100 270
44 15 14 5 80 2613
17 8 36 43 100 1379
38 15 42 25 70 3811
30 34 48 49 50 3884
28 38 25 46 80 2438
43 22 41 26 50 1824
37 41 21 25 90 727
5 21 19 28 70 2653
43 46 36 17 80 4421
18 16 11 32 90 1574
38 26 14 40 60 180
29 8 46 23 100 1058
24 14 23 34 90 2491
30 44 42 40 70 1019
12 10 15 18 100 2961
20 23 25 5 100 239
