300
85 23 44 24 5 14215 
52 90 95 38 8 1156 
45 62 85 62 3 4368 
49 41 37 42 2 11143 
59 99 56 22 3 4945 
93 21 99 20 3 7980 
86 85 82 23 10 1100 
82 68 94 29 8 1711 
93 65 70 78 1 1565 
97 95 34 47 7 9166 
34 77 96 35 6 3864 
43 90 52 80 1 6311 
59 36 56 35 4 13796 
81 41 82 66 10 13103 
74 51 56 58 1 2253 
89 51 90 43 7 728 
23 88 26 51 2 12526 
85 72 44 70 6 2116 
42 35 98 87 10 13835 
67 74 66 57 4 10126 
40 65 66 83 10 14162 
60 54 73 33 1 7589 
43 54 58 80 8 2548 
91 57 84 41 5 11325 
41 56 51 58 3 7404 
61 95 55 20 9 13745 
23 47 51 51 3 4832 
57 55 78 95 10 13891 
68 66 21 31 5 11018 
20 43 69 27 9 328 
47 74 23 75 6 7526 
34 89 81 93 5 6429 
69 58 56 63 4 2818 
76 71 66 51 2 2947 
30 37 89 99 2 9459 
78 27 91 99 2 5664 
72 87 68 41 10 915 
92 44 33 85 10 2685 
82 53 40 61 7 13557 
51 52 66 40 5 13111 
55 69 40 37 10 4439 
79 94 48 20 2 14120 
45 47 36 31 10 8237 
88 54 75 45 5 8057 
24 42 56 60 10 13812 
58 48 71 39 4 13265 
45 91 29 31 10 6217 
94 100 23 78 7 11528 
94 48 68 29 3 14121 
87 35 21 44 6 88 
86 34 92 27 7 10700 
22 46 31 88 5 13164 
86 37 97 62 10 7279 
50 84 39 88 1 8985 
76 76 70 52 5 13181 
67 20 35 55 8 8821 
100 71 73 71 9 2006 
43 97 34 95 7 3981 
63 97 77 36 2 7996 
82 79 99 59 2 10135 
86 50 92 38 4 4896 
55 59 20 31 10 8991 
35 99 32 70 9 9619 
66 29 71 33 8 8617 
76 65 94 99 4 5430 
72 64 58 46 2 1149 
46 92 89 61 10 8584 
76 97 43 93 10 3545 
60 32 87 35 7 6807 
95 86 42 67 3 13445 
50 68 97 62 9 10783 
58 68 31 79 7 13024 
87 27 45 89 9 979 
24 32 52 42 2 3034 
31 29 56 29 7 2175 
49 86 33 20 9 6722 
90 52 22 62 5 14142 
69 69 92 80 1 8326 
57 98 72 81 3 5811 
62 86 34 67 8 14580 
88 62 50 49 7 7198 
39 88 60 23 4 4800 
94 92 38 31 2 13804 
54 81 20 83 1 6084 
59 52 34 69 4 9653 
32 42 20 94 10 14252 
31 93 67 49 2 6238 
73 59 89 42 5 1519 
69 81 70 63 6 5604 
20 20 89 63 2 3398 
40 79 71 55 10 13301 
35 88 46 33 9 13451 
39 41 80 36 10 12107 
77 76 92 84 3 9891 
57 47 26 27 7 3036 
86 89 21 20 7 2152 
28 40 68 66 10 13836 
20 46 94 38 6 11983 
67 63 93 70 6 181 
53 24 79 40 1 9748 
95 92 49 43 5 893 
83 62 67 97 8 2179 
93 28 81 48 9 9848 
96 45 91 99 4 3831 
38 77 96 23 10 5938 
39 87 89 50 1 6490 
81 65 24 36 8 10258 
24 99 31 26 3 4587 
48 78 68 22 7 11940 
72 69 65 74 6 11136 
51 42 73 23 8 13724 
66 40 28 37 4 2987 
99 32 30 72 8 2722 
63 34 52 66 8 12950 
42 33 56 81 1 8955 
92 56 34 40 5 1010 
69 94 56 21 3 14958 
58 34 96 77 5 4651 
91 100 92 94 3 12545 
23 95 78 66 2 7098 
25 59 73 34 7 7015 
30 70 38 89 6 3768 
84 35 28 96 3 1656 
24 85 35 20 8 3446 
48 41 44 61 7 8355 
76 44 84 41 4 14720 
75 63 44 45 5 7856 
38 42 83 90 10 7699 
23 74 71 46 10 11229 
86 73 39 46 8 5682 
51 23 78 49 3 13976 
61 99 64 41 3 14637 
57 90 35 62 6 7185 
77 54 96 96 6 10460 
69 27 54 47 9 10979 
66 61 75 28 1 6939 
52 54 93 58 3 3686 
82 93 33 88 8 7442 
25 43 29 60 7 11812 
29 64 21 45 4 4796 
39 38 96 60 4 11520 
52 67 96 97 6 10758 
98 50 41 47 10 5370 
46 78 80 35 4 11593 
69 88 89 82 4 7491 
40 34 73 85 3 13749 
93 90 36 55 8 13987 
92 69 89 67 4 1464 
22 71 93 79 7 13844 
64 81 82 71 7 2241 
35 45 93 73 10 9802 
79 22 25 65 9 14791 
21 27 94 52 6 14341 
75 73 83 96 9 14785 
96 85 38 43 8 837 
85 80 55 75 7 10685 
67 91 79 82 6 5430 
87 75 78 43 4 4469 
28 26 44 32 4 106 
59 94 84 51 3 7782 
68 85 33 84 5 3692 
86 32 62 43 10 166 
72 100 83 64 4 13730 
39 91 20 35 7 2666 
74 94 37 24 4 12225 
53 48 35 82 2 5215 
92 54 70 87 5 10234 
21 94 97 47 3 14374 
94 82 99 79 1 9362 
40 94 73 74 4 13180 
77 73 77 30 1 11007 
61 73 45 28 9 9107 
51 38 32 88 9 2910 
34 71 97 96 1 1392 
55 43 43 54 7 2526 
93 45 28 77 1 11289 
66 87 83 64 5 9786 
94 83 83 59 5 2578 
40 79 71 31 7 2320 
79 27 32 24 9 5087 
55 96 93 56 4 6313 
23 74 25 54 3 4411 
37 54 28 46 4 12790 
32 74 42 34 10 1195 
52 21 63 93 10 6060 
75 66 58 82 6 12796 
96 49 24 93 8 6244 
72 79 20 37 7 6142 
34 32 21 80 10 2769 
65 25 83 73 7 14269 
58 50 64 84 2 1361 
29 49 92 99 7 5815 
99 74 67 82 5 7116 
39 70 95 99 6 5399 
99 75 90 37 8 636 
85 69 48 39 1 14171 
65 67 47 100 4 14165 
21 77 68 28 2 2535 
63 33 90 53 5 8692 
37 62 83 44 2 2997 
57 20 63 61 3 13262 
50 96 25 23 3 11649 
22 53 44 98 9 1021 
70 82 79 57 5 13037 
33 66 51 96 5 14018 
28 81 49 86 8 3268 
46 88 73 28 10 14105 
73 34 89 40 5 1779 
74 47 89 97 9 1194 
73 30 42 98 3 6524 
43 79 39 71 1 14589 
36 72 87 70 5 3084 
21 62 29 24 6 277 
81 81 72 98 10 12428 
83 56 59 74 4 10063 
84 69 47 72 9 11529 
96 90 77 58 8 8553 
34 92 93 68 5 6673 
72 63 75 86 5 2960 
80 22 88 79 5 7890 
64 51 52 52 1 8943 
59 98 60 26 5 13551 
92 29 40 25 1 11460 
57 23 94 57 5 10119 
37 83 92 93 10 96 
75 72 39 58 4 10106 
69 99 71 89 5 4454 
42 51 100 84 7 4880 
56 55 22 23 1 11278 
84 28 42 69 5 1095 
67 28 56 32 1 5645 
82 74 37 25 6 7689 
85 40 59 39 6 13037 
30 28 86 53 7 1896 
49 92 52 27 2 6318 
69 35 97 55 3 13101 
99 35 51 73 2 12851 
28 93 60 67 7 2996 
57 81 33 96 2 14073 
20 82 66 58 10 7942 
51 29 64 57 1 14893 
47 90 62 48 9 11910 
71 66 70 53 2 10802 
34 74 51 96 5 3432 
49 88 42 82 1 5238 
94 78 35 74 10 9896 
76 94 66 40 4 12477 
62 79 67 40 7 10079 
58 28 41 38 2 10865 
96 29 32 63 4 4349 
49 62 44 70 8 4688 
57 40 56 57 7 5881 
99 46 53 64 3 14217 
38 33 88 91 7 12560 
58 85 99 100 7 6828 
56 83 85 67 3 9776 
82 68 76 38 5 13460 
83 61 32 67 6 8391 
32 71 47 62 10 11006 
99 27 50 34 5 6472 
26 81 63 30 10 3763 
35 40 91 61 7 5114 
60 26 98 38 4 12102 
27 77 25 94 4 8026 
39 54 80 29 6 10461 
96 69 70 65 10 364 
35 83 78 23 5 9079 
22 97 81 93 1 5263 
34 63 56 68 9 641 
53 26 64 93 4 12222 
94 66 86 20 4 10075 
26 30 54 84 2 12609 
69 63 85 55 10 938 
50 83 39 93 9 2091 
98 88 52 76 2 6693 
73 87 27 77 3 8032 
91 76 84 89 5 2447 
50 41 98 52 2 1506 
55 21 76 100 5 3013 
48 91 48 93 7 9799 
37 30 88 42 8 12864 
100 46 41 49 9 9662 
69 73 53 71 1 5873 
27 38 64 53 6 2417 
92 84 68 48 1 3878 
82 95 78 69 10 4347 
40 94 52 24 4 11762 
93 87 78 38 4 4924 
90 41 30 70 2 9346 
69 52 98 93 2 10773 
59 70 63 44 10 6411 
43 20 77 22 5 3558 
75 35 39 90 9 1768 
85 87 82 34 7 9158 
58 48 93 65 3 1152 
29 94 46 84 5 12956 
84 58 30 59 1 9700 
56 32 91 31 6 7905 
63 55 85 90 6 10714 
50 24 20 100 4 9051 
