50
5 5 2 4 2 18
2 2 3 1 1 112
11 13 1 14 10 85
12 18 3 12 7 100
4 2 5 2 6 118
6 7 7 8 8 9
12 2 1 9 10 40
16 18 19 9 7 98
4 3 3 5 4 82
5 9 1 4 9 93
2 12 14 1 3 101
19 13 2 19 2 68
2 1 4 2 3 116
5 4 6 2 3 8
4 8 13 2 3 96
4 2 16 16 3 64
1 5 2 1 10 28
2 3 2 1 9 45
15 12 3 4 1 52
20 9 1 3 4 33
4 2 5 3 10 49
7 3 1 5 10 71
1 10 1 12 10 27
6 18 1 2 5 18
3 3 1 3 7 69
8 9 10 1 1 92
3 13 12 4 1 54
4 13 18 20 3 46
5 4 1 3 2 75
1 3 10 2 6 50
7 9 15 11 5 3
6 12 17 5 1 22
3 1 5 3 8 45
4 9 7 1 10 13
4 13 6 5 4 99
9 17 14 20 2 30
3 3 1 4 1 26
2 1 8 3 1 86
15 15 5 6 3 98
5 6 17 5 3 91
4 4 3 1 2 27
10 7 4 8 7 3
11 14 2 8 10 100
5 2 5 14 10 62
2 4 1 5 5 51
9 2 3 8 5 114
13 11 14 11 5 44
4 4 4 3 6 111
1 3 4 2 8 64
9 2 6 5 3 32
