50
36 87 30 79 63 140
58 71 76 97 57 165
87 6 47 13 190 138
85 33 63 11 104 116
88 71 63 79 109 158
70 44 59 20 83 134
39 45 91 38 236 152
36 6 91 7 118 176
96 96 39 54 138 110
14 93 38 49 209 166
12 52 70 3 55 198
87 61 46 29 161 184
70 20 30 59 211 192
78 24 96 4 209 114
63 100 8 64 181 109
47 37 31 28 68 124
38 34 31 79 130 164
98 29 92 92 209 138
97 17 7 24 189 148
43 40 14 76 153 145
49 6 60 20 125 122
23 13 39 49 201 200
39 1 3 71 201 135
30 73 49 8 78 167
56 98 15 78 205 144
78 26 93 48 152 176
20 2 34 85 91 193
25 73 4 83 233 146
59 17 10 19 168 176
49 75 31 21 127 169
50 76 18 20 245 198
80 52 93 2 226 108
3 94 95 70 83 164
50 97 49 56 238 143
67 77 79 9 243 137
43 93 11 46 52 157
40 37 28 32 86 177
39 71 86 2 199 107
1 56 77 33 183 197
65 33 24 56 95 149
42 41 48 80 164 165
21 70 9 6 55 197
78 89 80 79 157 165
41 20 72 27 245 135
27 31 82 35 248 182
75 29 72 57 99 165
32 35 47 28 210 165
81 92 40 73 219 124
48 9 41 97 62 193
75 14 99 62 159 143
