150
128 134 117 183 5 4500
97 85 100 129 3 3180
163 144 164 224 2 3180
56 46 70 79 2 360
132 140 141 204 3 1800
56 58 66 90 2 1560
147 156 123 232 4 4380
61 50 63 80 1 2400
118 129 128 184 3 2160
83 85 98 133 7 1260
43 35 48 61 2 1920
230 239 219 368 5 4980
149 150 165 221 3 1740
33 30 40 53 6 900
121 124 112 186 3 4980
24 21 31 45 6 240
21 20 25 36 4 780
39 37 51 68 1 1500
35 32 43 60 5 840
55 43 65 75 1 1860
81 82 83 118 3 2820
93 95 97 134 3 1500
108 107 118 157 2 1800
239 256 221 412 4 5160
139 144 125 203 3 3060
82 69 87 113 2 2820
83 77 91 130 3 3000
48 40 55 60 2 480
127 123 131 170 3 4260
85 82 90 118 3 1860
163 170 177 229 2 4200
110 113 111 170 3 3780
61 60 87 112 5 1380
45 44 59 67 7 480
49 51 58 84 2 480
83 82 95 123 2 1500
46 43 57 73 2 2100
36 33 43 55 1 2820
89 89 103 149 2 2040
51 54 72 86 2 1620
35 32 50 59 1 1440
68 69 79 122 2 1440
36 34 43 60 1 1980
43 43 57 71 4 360
36 28 40 48 2 480
112 114 113 180 3 5580
119 105 119 176 3 3360
53 54 73 93 1 1380
87 96 96 155 3 1620
85 77 96 125 6 60
64 51 77 106 6 1380
52 46 60 78 2 1380
27 20 26 41 5 300
123 107 129 191 3 2820
105 107 95 181 3 3300
100 85 107 152 2 2460
74 86 90 120 2 2340
64 50 64 82 2 2640
48 47 63 81 2 1620
121 115 125 201 2 3600
100 96 100 134 3 3240
89 67 92 129 4 600
197 217 170 314 3 5220
99 122 106 163 3 4560
52 51 65 75 2 660
48 47 59 71 1 600
44 41 54 68 1 2820
70 78 77 116 2 1680
57 51 64 85 2 1080
44 39 54 67 6 180
174 179 149 238 3 4980
54 45 67 78 1 2460
46 38 55 62 1 420
214 254 205 363 3 4380
34 34 43 48 2 1920
39 34 48 52 2 2280
148 153 168 233 3 1560
41 41 48 60 1 2100
50 48 66 76 2 720
108 103 95 154 2 2760
29 28 33 46 1 660
163 185 173 247 4 5520
37 34 42 50 1 1500
69 68 80 112 7 1020
169 181 196 275 3 4140
44 46 61 69 2 2460
59 53 66 80 2 1980
68 55 89 116 4 180
100 101 91 151 3 4020
150 143 162 225 2 3060
187 197 186 255 2 2100
104 109 119 168 2 1560
47 43 52 65 2 180
66 60 80 104 4 1140
36 36 46 57 1 1500
75 68 86 109 5 240
47 50 58 77 2 2760
139 165 139 230 4 4260
62 49 66 95 7 1020
63 73 65 107 3 4020
92 92 113 144 3 2700
53 47 61 72 2 1440
45 44 53 73 2 1260
140 137 148 234 3 2040
87 73 98 137 7 1320
240 218 201 336 3 3540
31 29 36 54 2 1620
59 55 71 98 7 360
46 40 57 64 2 2400
162 152 164 234 2 3000
176 196 205 276 3 1860
135 141 148 246 3 3180
59 47 67 86 4 540
102 97 106 162 3 1920
122 119 124 164 2 3600
40 43 56 64 1 1980
46 43 52 67 2 2160
174 163 184 252 3 4140
73 59 75 117 4 180
51 49 62 75 1 2160
33 28 41 48 1 300
54 50 62 86 2 2400
56 51 66 98 2 1380
133 143 112 184 3 3660
43 38 50 69 2 780
106 106 118 166 2 3900
267 242 215 397 4 3000
182 189 185 269 2 4080
107 117 118 194 4 3240
36 27 41 51 1 1560
61 61 71 85 1 660
42 37 52 73 1 1500
45 41 48 62 1 1920
65 53 67 88 1 1200
57 51 73 98 7 420
219 276 253 393 5 3540
33 27 40 45 2 780
46 38 52 85 4 240
188 187 198 272 3 2640
55 46 63 84 1 1080
33 27 35 47 2 1980
51 47 64 82 2 540
147 163 179 215 2 3360
94 106 100 139 4 5400
86 86 82 110 3 3420
71 68 86 123 7 120
190 204 164 261 3 4380
43 40 56 71 1 2400
38 31 42 52 1 2760
54 50 58 75 1 780
