200
34 23 28 25 5 5709 
50 33 56 55 5 8795 
90 92 34 28 9 3092 
99 76 55 82 1 3759 
55 70 59 46 9 7224 
82 52 73 81 1 561 
31 29 21 37 10 4521 
28 66 74 50 9 1492 
35 54 65 99 9 4262 
85 30 47 48 1 5434 
55 74 89 79 1 4075 
74 82 29 71 4 4476 
28 20 98 56 8 7960 
26 93 30 30 8 5762 
88 27 66 88 6 4129 
31 56 98 90 4 2710 
99 31 50 37 10 1498 
50 25 20 29 7 4266 
40 82 24 31 4 1036 
82 84 56 91 1 3989 
22 92 78 90 9 1134 
36 49 53 27 1 9877 
38 38 63 85 6 6589 
83 84 45 85 9 262 
63 75 36 91 9 437 
47 83 33 35 7 8024 
69 97 51 82 5 718 
95 35 85 37 1 875 
95 53 21 63 4 8325 
74 36 49 28 4 7516 
76 88 93 33 5 7019 
63 62 91 24 4 5435 
69 34 89 23 9 5350 
58 23 66 66 8 4532 
84 53 27 60 9 5041 
52 92 22 77 9 3807 
34 56 92 67 8 5987 
46 38 75 32 2 5652 
36 84 31 99 9 8352 
72 46 90 54 2 4830 
20 66 32 54 5 9312 
65 26 37 58 6 7265 
24 61 77 53 10 6547 
23 92 68 34 4 2010 
27 32 32 56 5 8893 
67 53 52 96 6 9873 
41 45 67 81 1 4825 
73 65 99 52 3 2094 
38 90 90 85 6 7390 
75 54 85 44 9 4994 
24 28 21 48 4 5801 
28 46 63 73 8 1533 
24 79 78 27 8 1970 
40 38 62 22 9 2773 
31 45 46 51 7 8274 
98 75 49 100 7 6008 
62 71 26 76 3 9092 
22 68 72 34 7 2721 
61 54 74 27 10 5848 
94 61 90 38 4 5224 
26 41 57 37 6 1507 
36 20 27 93 4 8524 
84 42 94 84 6 7347 
71 40 23 87 10 5172 
65 38 28 81 8 6108 
37 66 31 92 3 1742 
62 87 67 97 8 6553 
93 54 49 31 7 5897 
23 59 33 62 9 7283 
41 67 55 93 6 650 
91 41 96 66 6 7901 
63 55 22 74 3 9374 
73 34 61 54 5 3245 
31 32 87 37 8 2231 
24 36 64 97 6 6411 
30 77 80 68 6 1895 
93 21 55 40 6 5734 
83 63 28 71 9 835 
31 45 28 50 2 7284 
27 51 46 22 8 3918 
27 82 95 68 7 4280 
43 80 49 41 10 3996 
94 95 72 49 6 3442 
34 56 51 37 9 5974 
63 83 65 87 10 5025 
22 71 31 84 7 363 
52 88 89 44 9 8200 
96 71 38 92 1 1969 
84 81 77 21 10 9379 
67 90 46 52 9 639 
79 36 45 51 8 9686 
55 33 87 74 3 7328 
23 98 24 70 1 8577 
75 83 54 42 8 3911 
22 25 86 60 6 4394 
93 66 26 56 4 3652 
96 80 28 23 3 2167 
28 81 96 88 8 4586 
40 57 81 61 9 5906 
24 26 42 53 5 7195 
78 29 57 32 4 8079 
58 89 53 28 6 5412 
77 51 71 40 3 7594 
72 35 81 54 1 4068 
65 99 46 53 2 6702 
20 83 45 27 2 9434 
64 92 51 75 10 375 
24 29 89 55 4 4504 
47 91 81 87 4 6914 
33 21 67 90 1 1338 
50 57 94 34 4 4184 
45 92 25 78 8 9537 
25 92 77 83 3 5091 
88 30 50 89 3 8256 
93 29 63 72 2 7651 
59 32 27 58 2 5699 
69 50 61 87 5 8492 
49 97 32 31 2 7653 
81 43 26 79 4 409 
62 93 70 97 6 4692 
61 84 36 40 3 5165 
50 92 67 35 8 2665 
65 55 56 61 8 209 
66 91 51 24 10 2688 
49 64 61 92 1 2339 
31 21 46 23 9 3717 
25 55 55 58 6 618 
94 74 95 24 5 4279 
43 25 55 30 8 110 
87 73 91 73 1 7851 
28 36 45 55 10 3624 
75 45 45 87 9 3633 
88 52 32 57 1 2693 
83 86 89 98 4 6295 
20 89 98 29 7 5201 
56 74 51 86 7 7995 
32 77 22 32 10 6063 
38 39 59 80 3 8724 
28 59 84 94 1 1468 
63 93 55 20 2 6328 
32 80 91 52 6 8680 
54 64 63 85 4 3474 
60 69 39 34 2 6455 
77 55 82 71 1 450 
65 34 43 40 7 3318 
40 22 84 21 2 4677 
64 76 26 41 2 5689 
93 66 60 71 2 2477 
26 79 37 43 9 5516 
92 65 35 45 6 144 
51 31 53 25 4 5580 
42 75 68 58 3 8566 
55 66 76 26 6 1101 
90 62 36 57 8 2979 
20 20 20 95 10 3340 
47 55 65 73 5 6483 
81 40 74 73 2 4368 
28 29 100 20 1 5292 
81 89 35 35 3 1052 
40 78 90 21 3 6993 
95 59 40 71 9 2935 
88 94 88 92 8 2485 
79 97 39 79 9 9589 
48 83 67 86 7 6495 
94 77 24 88 8 4461 
48 67 28 82 5 9990 
27 61 96 87 4 2886 
62 73 86 31 9 9612 
64 77 43 87 1 1734 
81 87 35 34 5 9825 
26 83 89 65 6 6435 
100 90 42 44 10 5610 
100 69 59 48 10 650 
54 26 21 44 4 1954 
70 40 41 90 8 6408 
93 93 29 59 8 8234 
43 52 23 56 2 4423 
69 77 62 69 1 2929 
28 30 98 61 7 3279 
80 63 58 34 8 6481 
78 72 40 37 10 9964 
60 58 100 42 6 1063 
26 35 35 44 10 9524 
90 43 27 29 7 7632 
91 42 91 88 4 3129 
52 95 26 90 6 397 
70 82 28 23 6 5878 
96 45 32 42 2 7995 
98 85 22 76 3 3080 
20 23 50 82 9 8662 
79 91 75 89 4 8444 
28 66 43 88 10 2717 
44 100 28 46 1 108 
80 56 76 63 10 4520 
21 81 48 48 1 1359 
53 94 48 30 1 6069 
28 41 62 35 6 5638 
95 82 20 78 5 6194 
81 40 83 52 2 4969 
46 86 58 67 9 6326 
