400
21 27 29 34 13 266
27 16 11 6 5 107
45 31 20 9 13 396
45 33 41 42 16 341
7 14 10 29 15 474
15 25 36 45 1 170
9 33 8 15 3 452
11 37 9 5 12 365
36 16 18 38 18 115
44 7 30 46 17 194
21 23 26 36 11 101
16 38 35 18 17 404
19 23 28 20 12 259
36 25 17 9 7 395
40 8 20 31 16 200
33 33 12 26 19 309
36 39 45 17 4 190
17 11 15 24 3 131
20 38 6 34 16 486
18 27 10 18 3 467
33 50 21 47 9 326
39 45 31 26 9 369
31 41 12 23 12 368
38 13 25 29 12 233
27 8 43 6 15 136
44 7 23 32 6 378
45 37 14 49 13 176
10 43 28 10 7 434
43 42 13 38 14 495
16 47 32 43 3 340
47 6 22 30 18 120
33 26 25 36 1 394
30 21 23 48 7 457
15 30 26 33 19 149
16 18 34 34 15 238
42 28 22 48 4 168
40 45 45 28 11 116
23 37 15 31 14 215
31 46 50 30 2 275
42 46 18 39 15 468
45 10 9 21 17 345
29 38 16 9 3 232
50 47 18 47 7 248
33 34 47 49 17 363
22 24 38 14 7 483
16 7 25 42 14 131
23 35 37 39 6 413
45 33 40 10 2 347
47 5 9 10 8 281
24 45 14 29 11 406
7 10 39 14 9 492
38 16 12 11 5 444
35 38 47 30 1 178
38 16 16 18 20 176
17 6 35 43 3 230
12 30 42 49 18 432
38 34 28 28 8 269
45 49 18 44 16 157
7 21 43 29 18 494
23 6 25 12 3 301
13 25 39 32 19 294
20 13 18 39 15 491
7 23 47 13 18 473
25 13 32 18 5 287
11 20 38 45 2 133
29 48 47 38 4 203
50 34 33 41 17 331
49 5 46 11 12 181
39 25 37 17 4 383
34 21 46 11 11 333
14 13 14 20 1 212
7 13 35 29 14 229
31 35 5 40 8 200
5 45 22 50 13 149
44 39 34 11 13 355
10 45 37 9 1 461
28 10 30 11 2 250
11 23 27 34 20 483
23 5 29 31 7 448
10 36 46 14 6 244
41 42 35 20 9 181
15 13 32 23 4 295
22 17 25 7 20 108
18 33 21 33 11 393
27 39 8 46 16 454
39 46 46 40 9 405
12 14 21 29 14 300
8 46 19 47 11 174
45 15 19 19 14 453
30 35 25 29 19 456
12 42 43 10 8 355
38 46 11 13 16 123
47 42 21 43 2 371
19 34 43 42 4 219
38 28 46 42 18 313
14 11 22 43 12 451
19 46 27 48 10 363
35 29 17 29 13 454
33 29 23 19 14 169
47 48 28 28 4 169
38 15 26 32 4 191
6 14 49 29 15 483
25 17 21 49 5 231
45 43 37 29 2 328
8 26 33 28 18 280
23 21 12 23 7 156
26 33 27 6 10 479
11 24 14 28 13 147
21 25 22 12 19 450
50 41 35 47 4 236
11 18 5 44 9 105
34 16 14 7 4 295
32 31 32 28 9 304
18 28 20 39 12 460
18 33 13 50 16 266
9 8 21 50 4 325
38 17 12 45 11 158
38 38 16 29 15 233
31 45 36 25 17 209
25 40 15 18 3 120
41 29 46 46 15 121
21 40 34 24 14 264
13 22 39 37 17 120
13 43 45 27 13 377
44 29 36 17 13 442
44 8 31 17 2 318
14 35 26 19 12 483
13 17 17 17 19 377
10 25 26 43 10 206
17 5 20 50 16 314
38 30 7 49 12 223
26 16 16 23 20 488
15 24 22 45 2 310
38 18 46 42 13 344
32 12 20 13 15 384
12 23 45 26 14 215
10 7 48 32 12 313
8 44 14 29 9 139
21 17 30 49 12 254
22 7 9 43 17 276
25 37 21 13 5 392
44 28 6 25 19 288
29 35 26 43 9 156
8 30 46 24 4 132
6 25 6 37 4 260
40 17 26 21 12 290
32 10 11 30 6 478
23 10 20 17 1 403
33 35 21 39 4 317
49 25 19 49 10 130
40 6 20 16 16 109
19 21 44 47 4 465
38 45 35 25 16 446
14 14 48 17 19 106
6 34 26 48 10 332
47 8 43 27 15 124
25 12 45 30 2 248
16 8 16 31 5 330
32 23 23 45 20 355
20 7 13 16 9 355
31 34 17 49 5 199
7 39 26 23 15 355
38 23 27 46 11 115
36 15 12 19 9 432
47 5 43 5 6 332
43 44 40 29 1 195
38 23 34 17 11 254
46 8 30 31 18 132
48 7 48 37 7 444
23 11 45 6 17 497
31 14 35 40 13 105
14 31 13 48 2 430
47 43 49 19 16 115
16 22 24 15 4 226
24 14 28 23 7 185
27 12 40 34 5 352
35 48 15 21 17 174
14 9 40 42 8 360
28 8 40 40 13 168
30 43 11 40 5 120
5 26 21 11 10 319
6 7 18 37 11 245
30 19 20 6 2 469
27 20 26 36 4 373
18 49 43 9 18 435
45 32 7 38 19 105
22 10 37 41 10 175
15 10 9 28 12 132
24 9 39 38 19 377
47 26 26 7 13 201
24 37 48 25 15 340
37 26 35 12 2 376
48 29 20 39 7 155
23 25 35 47 2 340
10 46 24 26 7 382
25 28 37 41 19 284
42 28 19 30 14 243
45 41 34 5 11 456
19 11 21 14 6 274
36 24 48 20 2 310
41 34 23 23 3 298
45 21 45 42 18 109
14 29 13 25 16 440
18 40 10 31 4 227
23 28 48 45 5 383
38 19 28 7 8 224
40 37 30 38 19 424
27 38 7 5 11 265
21 9 11 31 2 447
25 47 19 42 14 327
45 25 44 27 1 302
48 12 46 37 14 245
6 45 44 12 12 162
48 40 18 15 13 448
13 20 28 35 3 399
33 23 11 33 5 312
43 33 21 49 3 477
26 9 17 37 7 196
39 30 34 25 11 413
26 40 32 13 13 338
19 13 15 31 5 387
29 47 50 38 4 430
9 10 39 46 16 174
40 6 40 30 4 464
8 19 27 45 16 460
27 46 37 41 5 187
25 16 25 50 20 423
18 28 10 21 3 317
46 30 31 13 1 465
23 41 8 12 3 345
19 31 28 33 19 329
35 23 40 21 2 480
40 10 24 33 2 145
43 22 17 42 1 452
23 31 9 15 5 287
27 32 44 15 15 396
19 19 19 35 2 142
38 25 18 48 11 482
17 50 18 33 3 160
28 30 33 33 18 143
5 31 30 18 18 353
7 6 25 24 19 364
34 22 28 45 13 278
30 50 46 39 5 322
36 31 14 44 14 130
12 9 33 16 14 191
46 45 39 20 14 306
14 8 50 33 7 431
47 10 9 40 20 375
8 19 32 38 9 235
14 13 6 16 15 223
39 21 25 28 9 120
36 42 33 29 11 464
14 27 28 26 16 354
15 35 5 36 17 293
38 14 36 22 13 231
16 27 18 47 5 237
40 21 43 34 4 455
11 46 35 21 2 115
30 5 34 9 6 233
14 36 13 48 20 126
50 43 49 14 14 108
15 12 43 12 2 159
25 14 21 32 9 116
28 20 19 44 4 222
8 21 22 20 9 415
34 28 8 26 5 258
32 18 44 50 3 471
32 38 43 31 6 259
22 23 40 41 10 108
14 19 11 7 19 169
44 17 50 35 10 361
25 19 12 34 13 458
28 32 9 25 12 441
35 35 19 22 17 228
35 19 13 42 7 241
46 34 18 29 6 431
11 50 33 27 1 345
47 40 50 24 11 374
32 29 41 42 20 370
23 40 40 6 7 469
42 43 10 44 8 459
38 10 36 26 3 332
45 44 44 33 9 261
44 16 9 15 2 352
50 31 21 25 17 350
11 32 6 6 17 186
26 7 48 16 12 324
16 25 6 27 5 332
11 22 42 18 3 336
27 7 41 16 18 138
30 5 27 48 7 452
32 33 29 35 17 163
12 31 13 10 16 151
30 22 12 30 18 352
47 9 8 37 14 355
46 28 14 38 7 367
10 34 10 26 6 100
37 35 10 26 9 148
36 13 40 24 3 414
35 36 23 42 11 237
27 21 19 5 19 330
25 43 29 28 9 291
31 10 36 9 15 414
25 7 37 32 19 385
36 14 32 12 13 464
33 26 42 19 18 156
8 22 21 34 2 124
33 26 44 38 8 418
34 46 35 15 17 414
33 18 17 7 14 140
15 22 19 40 14 366
36 27 12 37 14 151
23 42 24 37 13 211
16 11 33 27 1 127
26 50 23 22 12 376
24 37 18 28 11 494
28 5 35 29 18 302
34 35 48 44 4 209
43 35 24 14 13 252
14 19 22 36 1 296
26 50 49 39 18 319
45 34 38 40 14 289
30 40 43 7 20 178
23 24 25 28 4 378
24 9 49 29 7 179
32 9 34 8 8 142
7 9 15 28 12 373
29 24 50 31 9 282
25 29 21 45 1 173
16 19 8 9 6 282
12 34 38 17 16 262
6 18 16 18 2 231
12 26 48 7 17 500
34 38 23 34 4 274
5 21 41 48 2 487
18 16 33 25 10 117
36 19 40 19 7 409
42 44 25 21 4 362
17 16 40 37 2 116
48 33 7 5 19 246
42 49 27 39 11 418
29 19 38 38 13 433
42 35 48 50 13 333
50 32 36 49 2 299
46 10 9 35 19 331
35 23 10 33 3 124
15 35 29 24 19 424
27 14 39 6 13 287
33 48 32 46 7 151
15 14 17 19 4 255
47 28 5 44 18 209
13 49 49 46 19 101
33 35 39 29 5 421
21 41 5 46 18 161
31 44 7 5 8 311
25 50 5 6 16 408
25 34 41 37 7 372
17 46 9 16 1 431
35 23 23 48 11 410
19 43 41 9 14 303
45 26 24 9 20 230
49 10 34 26 5 215
43 34 43 46 19 293
28 46 30 10 18 179
27 44 43 50 14 193
50 27 16 47 6 281
25 27 33 33 4 365
28 15 26 15 20 402
22 13 21 29 2 191
5 6 38 12 15 123
24 17 48 19 15 357
10 9 38 47 2 113
47 38 47 11 2 455
10 22 21 15 14 166
44 45 46 33 2 319
5 30 15 9 15 372
15 49 32 45 5 333
40 41 45 13 8 238
17 18 7 11 14 125
15 25 50 23 5 208
35 37 13 11 14 340
49 12 46 29 11 431
25 41 33 17 1 441
13 10 6 36 12 144
30 34 31 33 1 171
17 49 5 45 14 128
46 22 10 11 17 474
31 13 49 40 6 265
27 7 31 34 17 441
34 27 19 36 11 371
18 12 19 23 8 403
11 31 30 8 3 273
8 33 49 15 8 326
35 7 36 10 17 177
41 8 22 14 4 488
36 16 26 44 11 280
32 5 49 42 16 161
50 36 39 11 9 281
45 24 12 14 10 396
