450
156 26 163 197 137 589
40 35 167 152 53 830
184 59 150 29 75 843
167 152 109 60 144 1881
125 67 187 46 125 1509
27 117 154 173 53 378
43 162 132 185 76 1416
31 89 106 116 90 3045
54 147 190 136 120 363
109 140 175 136 126 2080
161 126 95 157 54 3304
159 152 192 138 111 1838
68 48 69 86 127 3152
176 199 64 152 122 3292
127 71 41 120 106 91
169 53 99 37 139 3320
93 84 137 81 134 3090
79 30 168 54 102 1085
190 121 80 95 55 2799
105 133 114 44 64 1801
108 50 142 72 130 320
118 99 187 85 144 2669
122 135 139 36 136 2395
28 154 86 173 55 2531
103 100 77 81 144 509
143 124 33 136 116 931
176 31 192 199 104 1208
172 47 58 192 100 580
81 163 96 108 80 2012
52 106 28 67 141 1635
166 147 185 115 104 1470
118 30 163 108 87 382
117 76 97 165 103 1428
140 112 146 176 89 2818
199 29 194 41 120 2409
68 192 79 185 50 3344
89 41 112 84 109 2125
83 152 31 32 56 2367
169 47 62 104 90 321
25 59 96 170 145 916
25 121 145 166 54 2878
76 92 25 93 126 1959
117 153 35 103 141 2090
127 112 111 45 129 185
26 91 74 58 147 1595
71 73 158 131 148 825
33 68 68 85 128 1781
182 100 65 54 112 1331
141 114 101 58 95 3416
86 153 122 135 61 3074
134 64 106 83 73 1773
91 180 185 182 112 1646
174 93 53 115 88 2273
82 68 95 93 113 2956
186 23 186 176 57 3256
191 130 166 170 137 2036
45 189 78 78 82 550
72 193 165 191 86 735
98 183 153 68 61 279
31 57 176 185 123 1337
40 42 187 93 108 295
57 103 87 28 100 385
95 198 188 162 75 1408
154 92 36 63 51 1576
109 23 112 169 113 3016
55 45 118 74 122 3176
63 163 96 140 125 1477
172 43 104 85 79 1797
136 175 114 128 140 303
66 59 144 103 82 1796
158 174 157 183 58 2702
53 95 99 105 131 702
26 194 147 155 131 1893
141 49 43 35 121 316
112 32 138 177 146 2353
54 62 166 177 50 267
196 58 192 134 73 2512
143 88 151 125 134 3252
124 182 177 157 128 690
122 125 136 58 103 1615
155 153 134 197 120 3264
125 26 116 197 148 2432
80 29 145 20 140 1549
177 52 102 199 80 3386
72 21 127 152 81 2460
122 85 189 115 60 3172
38 87 94 60 85 1341
134 74 31 172 70 3098
116 34 41 172 68 2974
119 60 127 191 66 216
104 113 147 68 103 2671
144 69 50 68 125 692
195 151 69 80 51 2814
54 168 162 62 101 2839
87 47 75 85 146 1801
192 135 78 155 119 1417
45 142 122 93 99 1145
58 37 23 171 124 83
33 139 126 148 68 2192
114 194 38 127 91 409
63 139 94 93 145 1259
173 95 191 52 72 961
90 51 29 169 77 3313
198 50 102 28 119 2155
157 88 128 124 142 2894
108 106 107 25 56 2591
55 26 190 68 117 3324
152 134 28 121 103 2708
193 26 22 76 106 1596
72 21 172 157 118 30
173 88 164 192 77 1181
64 82 37 106 103 3234
165 163 153 73 77 1798
89 104 104 69 98 348
24 53 23 64 116 213
162 182 84 40 148 486
108 122 85 61 139 1918
156 51 140 150 129 788
49 73 157 49 84 698
171 31 39 183 122 286
22 96 59 47 139 2713
125 160 45 20 81 1947
156 77 193 140 132 673
174 136 177 99 149 3290
149 55 148 127 100 3210
58 60 162 89 76 1656
62 35 119 126 126 2495
31 64 185 147 141 1294
187 87 130 164 66 1173
166 176 50 191 67 1260
78 41 67 77 121 707
118 32 190 175 77 2981
33 70 147 70 150 330
103 117 78 45 78 2658
71 118 169 72 136 2736
120 200 90 152 74 659
37 34 29 75 140 2282
114 41 156 137 149 1878
67 158 124 67 117 1101
169 100 130 138 110 1726
48 125 65 22 119 1918
82 38 133 107 143 2223
157 165 67 133 130 1786
189 95 68 166 132 1768
196 160 37 147 55 2700
131 124 164 49 62 3407
189 195 65 21 82 166
29 44 92 127 105 1486
179 84 183 45 118 2568
161 160 192 96 142 3124
117 28 131 64 103 1313
141 109 51 122 109 1569
109 164 143 37 107 2923
138 122 190 198 149 303
161 100 170 134 50 1381
49 151 157 128 143 192
184 20 115 177 125 2722
146 73 137 147 92 719
104 149 33 48 93 1809
87 72 72 57 110 706
71 191 188 145 68 1519
163 154 38 78 50 1658
185 181 167 73 139 2224
113 42 66 136 102 1892
122 92 127 25 99 2490
92 112 125 138 56 1292
127 94 119 65 54 589
120 178 42 129 78 1087
31 57 112 165 145 1138
87 49 131 119 51 1562
194 21 35 30 89 2002
39 144 170 53 78 1124
156 197 194 137 119 2901
123 117 160 142 98 929
69 184 91 107 111 647
42 199 111 191 71 1857
72 83 56 176 61 2942
91 93 160 113 148 1379
30 156 123 59 82 3363
176 129 106 46 126 1341
47 199 116 102 131 3301
106 96 30 140 131 1968
147 180 137 51 131 1132
52 20 178 71 126 479
57 97 25 54 108 852
102 102 152 36 124 2663
152 168 96 150 100 1426
134 95 128 94 81 923
87 51 126 30 133 1199
49 39 179 128 136 1114
136 117 75 192 92 2818
34 37 40 124 76 1278
46 133 44 72 78 1663
24 102 126 90 106 3153
196 74 95 131 141 3258
193 42 24 55 99 1748
125 198 140 63 68 428
188 74 102 126 128 157
62 97 170 156 71 3402
99 123 167 34 94 2212
165 152 159 117 88 2529
115 54 100 42 94 1445
143 105 123 154 87 849
85 150 138 171 84 2518
79 64 189 109 89 1514
108 184 79 199 129 2414
184 155 39 97 116 1735
197 73 63 51 69 2715
68 116 136 154 149 866
158 99 164 168 106 529
195 88 118 69 58 130
127 140 92 56 135 757
64 82 43 169 121 1044
117 24 124 121 83 1891
40 96 165 100 138 1416
86 184 118 50 143 2552
161 50 106 146 79 3076
179 96 123 185 108 205
50 121 144 149 77 1046
120 56 108 152 98 3225
40 194 115 21 144 2000
140 75 46 73 69 1225
124 96 121 126 146 1253
23 68 56 20 105 2512
138 20 37 111 110 2440
186 190 124 171 137 1759
136 177 57 31 78 2157
50 166 127 148 112 339
143 150 113 64 70 1971
95 141 172 147 51 3206
53 139 30 158 62 1486
162 134 135 108 60 2211
54 180 22 160 109 691
24 74 81 182 81 2742
49 116 32 134 141 1502
98 121 51 132 124 2850
186 24 95 147 132 1890
148 100 27 186 94 3304
162 91 55 71 105 1076
47 66 174 130 111 541
133 42 162 66 67 3398
150 126 86 44 112 2251
192 191 85 36 53 387
25 146 162 93 82 1357
123 57 103 172 131 3315
23 185 81 151 65 2198
109 186 124 128 66 302
44 116 149 49 92 394
139 140 31 162 118 344
194 53 185 145 119 126
187 41 182 76 92 548
28 104 57 59 122 3296
70 103 36 175 63 2856
55 172 188 188 50 2725
175 98 191 73 91 381
26 23 40 137 138 1954
68 192 27 93 63 1084
120 157 20 40 118 1596
168 164 28 175 145 2325
34 32 81 41 51 1199
139 185 101 130 141 1070
190 75 194 31 87 1179
21 47 124 85 100 98
83 89 28 115 54 3445
38 120 151 150 98 1395
120 183 46 24 102 1844
151 34 149 34 132 3110
194 179 65 140 60 3462
26 67 150 199 107 2026
59 77 36 34 70 1979
26 36 173 71 125 3189
88 70 200 176 63 1202
189 23 33 32 112 2160
127 52 108 164 50 2760
58 145 157 181 104 429
77 172 200 73 82 3407
86 39 131 82 125 771
176 100 94 72 90 709
121 186 175 132 71 2539
105 192 72 98 129 2887
95 152 79 139 55 1260
183 155 20 108 66 285
151 144 29 98 98 2081
164 21 175 122 67 179
135 67 22 186 128 871
162 166 89 156 66 908
155 191 28 115 78 2010
172 127 75 149 66 3093
27 39 89 190 72 363
30 187 169 167 134 2431
126 138 129 67 136 2038
92 170 44 192 128 1769
78 27 186 83 125 2192
140 134 110 56 126 2631
54 192 139 162 119 2460
22 194 79 168 74 2957
186 146 162 195 65 2164
39 118 141 30 144 889
41 97 189 157 105 1443
177 188 144 183 74 3457
143 189 43 97 135 1546
56 77 40 183 90 951
43 24 125 24 75 2312
27 94 160 33 143 408
190 56 138 172 110 1850
31 59 114 153 110 2077
137 69 92 109 85 1206
52 88 21 146 78 1195
105 148 109 108 120 1037
70 77 103 116 89 2846
35 73 27 43 113 2141
77 100 200 85 78 2249
118 27 159 46 88 378
29 38 68 28 95 2844
45 157 57 78 109 1801
79 179 105 61 78 2335
79 77 117 49 113 752
109 100 69 32 115 235
56 136 46 190 130 230
101 30 114 120 87 2171
45 144 26 91 57 1807
111 111 185 147 63 1083
109 62 181 45 56 2839
189 57 85 185 116 1995
27 136 109 29 113 2987
99 143 141 125 143 230
143 44 164 107 139 1493
119 88 43 169 142 584
146 63 134 148 101 2760
147 85 196 170 94 2870
36 190 168 54 80 901
179 38 25 177 112 1625
160 68 137 138 135 1407
59 95 87 143 126 3062
157 129 32 162 67 338
129 89 23 109 76 2432
66 200 69 163 100 739
158 149 150 66 60 2128
183 96 119 45 140 1637
168 161 124 179 77 666
61 137 177 193 78 1899
29 130 98 112 102 964
85 153 170 153 117 2151
43 100 57 62 64 1236
108 32 115 110 117 1822
126 178 157 200 101 2185
183 179 23 82 109 2545
57 117 148 133 92 1036
63 102 152 142 116 1619
72 76 121 92 70 940
175 175 84 74 72 1768
74 57 56 163 87 2175
104 96 180 142 88 2522
105 163 111 79 71 1084
131 53 200 143 129 552
128 163 116 58 98 1450
35 42 24 165 138 393
129 175 34 157 89 3476
115 31 155 125 141 366
93 26 83 72 131 1915
36 105 25 142 88 2800
96 112 49 163 127 3225
120 170 150 144 85 707
58 114 112 183 131 1814
43 197 171 141 93 2289
195 180 31 173 70 1250
116 69 27 190 131 2533
119 157 118 66 67 2512
23 163 54 98 103 1997
54 62 134 46 79 1024
107 186 162 92 97 3399
141 138 194 72 56 2705
164 165 81 92 149 2101
91 151 118 167 74 807
180 196 142 153 129 892
101 23 126 175 139 1464
136 151 149 77 124 240
119 165 36 129 52 2463
88 53 155 142 66 1572
91 138 168 97 122 2928
91 192 25 27 112 1929
106 73 120 99 71 2141
45 158 57 112 88 2215
177 178 26 140 63 3259
195 124 166 78 150 441
143 47 101 160 131 2053
61 194 127 126 139 1375
69 29 29 56 131 916
190 193 120 141 56 1557
52 171 143 181 139 1526
128 58 58 149 137 1232
116 52 100 30 142 3197
177 68 146 78 97 2515
88 126 136 171 78 486
167 162 46 119 106 187
135 166 60 190 137 2716
172 181 71 108 76 675
166 30 69 56 101 842
83 185 150 30 120 2710
180 72 118 122 85 2743
148 101 56 24 111 32
24 189 69 90 113 2409
99 100 142 56 131 1898
186 141 191 185 56 520
76 149 193 54 80 565
173 25 101 99 58 1920
115 182 196 55 135 3478
85 181 133 32 86 3165
117 179 52 169 88 2993
185 162 100 159 103 1900
129 139 181 108 83 1915
152 60 104 137 81 295
97 38 185 31 92 1780
86 65 138 73 80 2202
96 141 121 142 95 606
68 44 34 174 123 1834
108 139 120 78 53 929
113 49 141 100 103 810
57 59 65 37 135 131
198 69 71 43 139 230
116 35 43 42 99 3374
29 120 40 91 79 3472
27 122 198 24 148 745
73 139 193 116 55 3064
66 93 79 125 78 3457
136 142 78 193 103 352
117 115 127 133 117 151
156 51 56 48 141 2678
85 141 96 190 50 1517
192 25 74 95 142 2757
183 153 135 27 58 1182
49 36 143 165 118 1112
22 96 78 67 70 230
154 142 95 28 115 1782
82 146 24 82 140 1141
46 114 134 100 130 221
33 169 30 85 122 3313
88 44 46 64 63 3287
151 102 149 132 63 1207
161 40 163 73 102 451
172 125 47 135 71 2892
118 50 189 37 109 2146
185 172 58 157 94 173
92 167 170 175 62 925
181 105 123 120 76 920
133 31 183 185 150 1523
88 156 82 99 90 183
151 25 22 143 145 1571
117 159 168 56 82 2049
166 31 169 25 52 779
