500
47 43 42 10 1 304
8 8 17 29 10 116
5 33 21 34 9 130
29 7 44 7 15 128
31 32 49 6 18 420
26 35 32 18 5 328
32 38 41 44 2 400
23 33 45 49 8 255
8 21 39 6 14 313
22 18 39 31 14 244
42 20 34 11 1 424
30 10 10 35 18 391
46 21 30 20 4 223
36 31 5 6 16 441
37 34 49 8 20 456
12 50 43 36 20 272
19 6 36 13 1 265
16 11 44 46 10 363
19 45 17 33 1 208
23 21 13 24 6 257
20 37 19 47 16 319
37 28 24 12 14 269
40 13 25 8 8 346
22 32 5 35 16 117
11 33 18 14 7 207
29 7 14 38 7 411
36 19 23 34 16 271
15 29 7 24 3 270
48 42 40 28 15 336
40 50 20 35 13 203
43 24 43 33 2 307
34 39 44 21 16 183
49 46 25 16 11 353
14 29 29 8 7 116
46 13 30 20 5 165
25 10 18 27 2 232
49 31 28 29 9 299
20 11 39 11 11 262
48 16 14 33 11 212
42 34 32 45 14 264
50 18 47 7 5 108
16 15 20 33 1 369
25 50 36 28 13 233
40 22 41 46 20 493
23 28 9 8 6 342
8 40 48 28 19 154
6 36 12 17 18 194
11 6 49 9 16 167
43 48 44 8 6 217
35 19 13 10 11 486
18 46 44 11 14 312
50 28 12 23 1 126
31 22 24 50 11 448
41 17 12 48 9 270
40 31 7 27 8 107
14 49 23 45 3 471
15 22 30 8 6 350
44 30 17 12 13 229
47 32 28 29 17 112
15 24 20 11 4 149
45 34 23 42 16 387
23 11 15 25 13 238
23 47 16 48 4 165
25 18 22 30 14 285
26 25 30 8 15 359
13 14 6 25 5 362
48 14 18 8 4 272
42 17 43 13 4 438
33 48 11 32 17 463
11 14 41 6 8 294
47 5 43 5 10 284
30 7 48 49 17 292
17 50 33 35 13 371
12 6 45 7 14 307
26 8 46 34 3 125
45 50 33 19 5 454
23 35 33 26 8 487
12 6 42 45 6 275
47 13 34 22 1 246
27 33 8 33 20 485
43 40 48 12 7 132
12 7 19 41 6 458
8 27 5 28 3 297
27 29 32 43 11 353
30 21 36 27 18 332
40 44 40 15 5 153
27 39 38 44 4 239
35 5 43 16 18 125
30 16 7 36 4 128
42 41 11 37 6 106
18 47 5 5 14 298
20 9 44 23 15 147
35 42 5 20 9 123
45 50 45 35 19 410
34 46 5 27 4 356
10 6 44 25 10 121
7 30 33 21 6 100
37 6 11 37 19 336
29 49 35 7 10 435
44 9 8 18 18 444
42 10 38 35 18 112
37 48 26 31 13 437
42 22 23 5 12 390
45 23 11 16 7 112
37 17 8 50 3 156
10 40 32 50 11 435
44 17 38 19 1 463
39 17 36 33 15 122
6 38 24 9 9 337
45 34 31 29 11 363
43 20 40 48 6 155
26 50 14 41 6 226
38 30 21 32 2 298
7 9 20 46 2 292
47 22 19 21 20 270
35 27 22 41 16 265
32 34 43 48 4 169
17 24 49 33 8 418
46 28 8 31 10 218
30 11 15 17 6 360
16 22 27 34 12 369
15 31 9 18 13 285
11 25 46 28 2 352
27 41 26 44 15 276
31 20 23 42 8 392
9 34 13 26 19 483
11 19 44 40 12 449
12 43 36 32 16 236
21 50 13 25 1 432
35 6 18 48 9 431
36 42 23 42 7 408
14 50 7 24 10 489
29 33 30 41 18 461
21 32 39 26 14 214
49 37 16 12 12 294
20 19 38 26 1 172
48 20 14 13 5 280
30 29 24 40 6 293
11 21 28 25 19 184
30 12 48 40 4 139
23 20 11 33 2 390
40 35 18 50 16 365
48 29 43 24 18 371
8 42 14 39 18 170
20 16 44 32 20 495
17 37 29 45 13 392
44 29 27 14 6 150
6 14 14 5 3 402
31 17 33 48 20 377
45 6 25 32 11 219
29 35 34 6 9 258
38 49 47 44 5 215
20 7 22 46 17 294
6 29 12 26 13 219
33 35 43 32 1 276
12 12 49 18 3 378
24 15 42 15 15 161
49 7 46 36 11 163
10 43 39 11 9 110
5 21 42 27 16 313
5 48 38 25 6 129
32 12 34 33 18 344
14 40 8 34 14 195
8 44 7 14 3 431
39 48 48 45 7 209
15 18 31 50 20 352
39 42 27 35 20 486
34 50 12 36 15 500
28 38 26 17 8 187
34 33 17 16 10 378
50 7 49 44 4 432
7 35 31 39 10 124
45 11 26 34 4 477
32 11 12 14 3 218
49 25 22 48 18 436
32 47 44 31 15 216
6 14 41 22 17 163
46 13 39 14 9 169
35 48 37 10 11 417
38 31 32 8 11 236
46 12 14 47 5 356
21 22 31 29 7 197
31 13 20 46 20 289
11 39 6 34 20 460
7 19 8 31 17 468
37 46 23 15 12 359
27 29 12 7 18 176
17 25 24 6 6 459
29 39 16 20 1 287
33 32 32 10 4 483
23 14 46 8 1 331
28 44 41 35 11 320
16 29 7 13 6 409
48 45 33 22 7 373
12 12 46 31 14 288
5 26 9 48 1 272
23 10 30 17 8 144
40 44 47 33 20 105
14 16 16 16 4 309
48 42 28 26 18 319
46 46 18 16 17 381
44 36 14 32 11 315
5 38 33 5 1 225
23 37 16 21 19 499
37 11 5 19 2 477
38 44 10 44 10 171
33 39 42 48 6 482
10 8 17 13 17 446
33 27 41 23 16 493
17 8 7 12 17 417
38 5 37 37 15 414
13 38 41 29 7 458
29 43 28 14 10 488
9 30 19 28 7 277
5 43 26 44 17 365
18 49 27 20 6 387
37 10 15 18 15 251
44 49 29 29 9 138
12 49 38 22 6 236
28 6 14 27 4 193
13 15 37 50 4 412
41 18 19 6 8 418
31 43 28 24 18 228
35 23 30 39 4 400
25 42 21 11 7 126
16 17 30 25 10 163
23 39 14 5 15 252
31 12 49 38 3 346
29 13 37 27 13 440
38 21 25 16 14 123
27 27 45 6 3 280
15 5 11 25 16 106
18 48 31 17 7 453
6 48 16 46 18 335
40 26 6 7 6 349
30 24 43 27 3 123
35 23 19 19 2 385
42 35 16 22 20 448
33 24 10 13 5 402
50 31 20 16 5 165
37 13 38 14 13 234
33 27 19 25 15 228
38 46 45 15 2 348
33 30 45 19 7 231
35 43 10 10 20 197
16 8 43 43 12 361
50 45 18 5 9 352
5 16 38 38 19 187
9 45 17 17 8 358
41 38 49 10 9 396
7 43 26 33 14 219
23 7 14 31 5 447
41 25 37 45 20 471
7 42 5 6 8 378
21 42 37 33 3 304
33 12 14 23 13 224
33 31 31 17 8 235
49 23 38 35 8 305
34 30 40 32 2 242
8 17 37 17 6 227
46 24 26 41 3 383
19 18 23 19 13 297
21 27 49 42 6 211
16 17 26 42 17 174
46 6 45 14 9 382
6 49 35 10 18 409
49 38 48 40 17 296
7 31 14 10 9 205
36 17 36 47 13 421
7 24 46 30 3 205
27 11 50 37 8 293
16 15 42 16 3 241
31 48 22 36 19 275
47 5 21 7 16 197
22 24 44 47 1 190
24 34 36 10 17 347
33 5 28 38 14 201
9 17 8 18 13 184
14 27 42 26 19 124
32 42 25 28 1 263
25 24 17 47 15 313
6 41 41 31 14 294
49 48 30 10 5 383
21 33 23 46 19 262
30 36 49 18 5 102
9 39 49 19 8 327
12 16 38 31 6 165
12 33 11 13 9 381
20 31 42 13 2 472
15 33 42 34 14 313
30 15 34 12 16 161
41 8 23 50 4 180
46 20 15 9 10 327
6 37 14 49 6 267
42 13 38 19 4 425
42 38 35 44 18 356
30 46 11 9 19 111
34 18 43 27 17 388
39 27 32 49 12 258
48 42 29 25 2 264
8 39 42 22 14 108
46 23 34 35 20 317
49 23 49 19 9 332
8 13 39 50 19 201
14 48 44 24 7 436
41 36 11 34 17 384
40 10 28 41 4 287
29 45 22 32 8 219
21 8 34 23 20 403
38 45 36 22 9 305
32 25 9 6 6 304
22 15 50 29 8 321
34 24 18 47 5 290
25 45 6 50 10 162
43 39 35 48 18 288
9 25 46 8 17 275
27 27 31 40 6 172
15 19 46 36 5 211
37 17 23 23 2 397
20 15 38 45 17 199
10 16 17 33 8 479
48 39 17 41 5 314
36 49 19 20 13 354
50 39 30 26 3 234
48 16 49 14 17 312
29 17 15 25 11 258
49 33 46 19 6 101
5 26 19 13 4 219
33 38 45 39 9 354
30 8 18 33 9 213
9 6 27 44 15 205
11 7 16 11 5 495
20 10 50 23 2 437
48 15 45 26 17 144
16 16 23 44 10 300
42 24 21 11 17 458
49 47 12 8 9 276
14 12 47 44 5 186
38 18 48 8 17 274
17 31 17 40 10 189
39 9 19 46 14 329
42 41 15 12 3 413
39 27 46 13 20 296
48 32 38 20 10 150
5 19 29 9 2 126
36 8 27 41 3 317
29 30 34 45 5 406
6 9 27 10 19 142
47 21 7 29 17 161
30 8 11 7 9 214
9 14 44 11 19 282
19 17 37 27 4 248
11 23 26 47 5 198
20 19 29 27 19 199
5 31 15 43 10 308
33 42 30 16 7 455
44 36 36 43 11 248
23 11 35 39 11 486
6 11 12 42 20 394
32 31 27 47 1 405
44 19 13 7 12 280
24 37 40 9 16 341
11 32 30 15 16 412
38 29 18 13 11 417
49 31 38 17 3 396
12 5 8 44 10 362
8 49 28 7 10 189
25 40 6 14 14 436
16 38 31 38 10 138
15 37 27 17 18 374
32 31 46 7 4 455
19 45 50 44 14 456
11 36 18 26 20 141
28 21 17 33 5 194
15 29 36 26 1 114
34 21 5 44 3 362
34 19 16 48 18 163
47 50 32 37 9 380
42 45 45 23 1 123
11 31 8 33 16 155
10 41 22 45 16 281
33 32 8 5 17 421
34 37 43 33 5 404
13 18 7 34 16 248
23 34 7 28 5 360
29 18 33 45 4 409
17 11 17 31 7 290
8 36 37 17 16 195
7 18 40 31 11 451
25 31 20 49 19 148
20 11 10 6 2 370
16 11 5 24 19 381
45 37 17 35 14 243
28 47 23 41 16 308
50 23 43 14 7 320
24 44 21 15 20 445
20 20 5 7 8 458
8 32 36 29 20 125
46 43 7 16 6 160
39 25 15 48 16 262
34 41 9 38 11 133
12 14 43 16 8 271
46 43 42 35 20 275
10 31 14 21 12 393
9 8 32 30 11 296
46 48 14 21 16 115
10 39 28 40 7 369
23 9 15 12 18 148
40 42 18 25 6 433
45 26 27 21 20 481
30 42 32 13 12 132
33 26 34 9 20 395
49 21 38 36 18 352
19 32 15 17 3 339
30 33 45 49 6 243
23 15 9 14 4 317
11 43 45 25 19 247
13 29 25 38 12 262
15 15 10 39 10 486
27 39 38 31 17 393
32 24 33 43 2 326
18 28 34 25 18 207
28 14 47 10 18 459
23 8 28 26 4 144
23 24 7 17 11 222
35 17 9 30 15 303
40 39 26 7 2 133
34 5 13 20 15 488
43 24 42 6 2 342
36 36 45 6 2 212
39 32 13 34 9 472
7 13 23 16 6 206
48 10 48 21 14 192
48 8 30 21 9 487
30 7 11 36 10 167
38 7 36 28 8 466
31 44 27 46 8 146
36 25 40 31 12 392
14 19 43 12 12 103
42 20 44 46 19 108
25 20 39 37 3 366
22 43 41 36 1 309
15 45 16 5 5 230
35 19 45 20 14 459
10 26 21 5 8 443
50 25 6 33 18 403
20 7 15 7 11 398
28 33 24 12 7 262
19 6 6 35 12 296
15 24 14 27 6 238
45 11 20 32 1 283
7 29 49 13 18 407
34 18 11 46 5 432
27 31 33 28 9 448
31 30 24 42 6 474
38 25 11 17 19 305
47 47 49 32 13 122
15 42 31 43 1 279
40 40 6 41 9 189
29 29 26 35 5 363
19 39 27 34 11 309
13 12 15 42 1 345
10 42 26 10 7 372
12 25 48 39 3 206
25 8 45 15 6 433
29 31 24 38 19 243
31 35 35 31 15 111
50 48 9 8 11 407
43 27 26 47 14 367
29 10 41 17 13 409
16 19 47 36 18 122
37 30 36 36 19 443
10 40 36 13 16 187
44 30 8 19 14 244
12 50 27 11 6 497
33 35 8 16 9 482
49 29 39 33 14 211
24 44 47 48 19 222
48 7 44 23 3 423
21 48 32 26 6 174
27 30 42 47 5 496
9 6 21 49 13 167
14 30 33 44 18 286
10 11 48 50 2 210
40 20 29 17 10 467
27 31 10 47 10 120
26 50 15 31 4 492
26 14 44 16 8 275
36 8 33 33 7 202
7 12 48 28 2 155
32 18 20 28 14 408
34 6 27 18 4 472
9 48 37 14 15 159
35 47 17 22 2 178
35 11 24 33 3 208
23 11 28 40 3 360
45 50 6 22 18 377
16 31 46 9 19 450
23 5 34 5 10 373
16 48 20 42 7 165
