150
45 28 13 82 2 37
70 83 68 90 10 126
51 65 6 97 9 122
70 19 71 19 6 74
63 98 66 78 1 121
41 15 98 86 6 157
21 94 45 44 1 59
33 87 88 34 9 62
4 45 63 25 2 122
33 95 63 78 6 39
10 100 22 25 10 127
33 57 53 6 3 56
7 43 77 58 5 104
94 7 51 1 2 122
22 91 78 81 10 87
10 7 97 4 10 25
66 95 82 52 3 182
73 16 11 7 10 103
61 60 61 17 8 60
55 48 2 18 7 91
51 48 81 88 7 85
16 60 17 2 9 33
10 18 86 21 9 45
60 11 95 95 5 115
88 24 90 36 7 175
10 15 30 20 2 46
72 29 23 39 7 59
27 58 44 60 7 62
21 15 96 71 6 71
76 42 99 24 6 141
89 93 56 36 2 64
92 49 86 42 8 98
90 70 1 100 7 35
40 23 59 83 5 114
88 99 19 4 7 195
34 2 89 20 2 145
59 65 26 61 10 66
87 59 60 72 9 98
87 60 27 92 7 181
41 79 41 41 3 134
42 99 95 56 3 116
40 20 31 49 3 69
70 97 10 53 5 62
46 67 4 5 9 82
62 82 41 29 3 107
10 49 87 84 3 17
2 89 69 29 5 36
69 93 63 19 7 142
38 42 17 21 2 22
77 75 24 64 2 55
9 89 5 82 8 70
39 3 63 67 3 4
27 40 48 72 5 78
30 45 45 73 7 84
81 98 30 6 1 52
94 73 69 84 8 158
83 11 25 56 6 129
55 72 59 58 2 87
86 79 100 100 9 118
93 73 80 40 8 71
66 50 93 23 9 172
39 5 4 74 4 85
66 69 45 2 7 71
73 61 64 93 10 94
32 15 84 21 8 16
16 17 47 48 10 40
2 91 50 81 1 39
47 54 35 30 5 59
79 11 92 84 10 146
28 35 76 24 1 80
72 62 33 53 8 93
76 44 38 88 3 150
6 98 67 68 5 90
100 87 42 16 1 75
47 48 63 89 5 91
79 71 25 17 6 150
63 5 68 92 5 45
50 95 12 27 7 15
55 88 93 78 5 162
68 61 99 39 2 159
92 89 38 87 10 49
50 7 72 76 9 134
85 2 63 8 10 108
97 48 13 25 8 61
54 30 85 79 4 115
99 99 53 78 4 125
56 86 57 49 2 87
8 73 65 97 4 132
55 36 100 50 9 200
83 18 23 8 8 69
99 13 7 43 2 179
56 79 18 48 7 38
22 46 32 9 6 47
63 42 72 9 2 108
47 86 21 74 10 96
3 84 95 9 4 115
39 25 63 5 8 114
87 63 4 72 2 152
49 9 98 28 1 36
100 45 70 74 7 74
93 39 11 3 3 25
33 34 17 2 1 39
69 24 5 63 3 56
74 66 83 2 1 66
92 86 85 68 8 126
7 74 28 7 6 106
68 5 6 26 7 36
24 97 92 60 6 106
51 85 29 90 9 162
2 29 74 16 8 68
63 63 2 93 2 56
35 53 68 30 1 116
52 4 8 7 3 14
77 23 3 55 2 57
10 64 42 80 2 43
69 45 90 50 4 49
55 38 44 56 5 67
79 49 45 13 2 120
38 52 20 50 5 47
18 32 62 57 2 25
87 27 22 29 2 89
55 46 27 69 9 45
49 79 24 33 10 82
97 40 72 69 9 140
51 54 68 19 1 45
50 51 44 36 2 98
66 99 53 79 3 162
12 3 15 46 7 47
47 4 99 100 2 30
26 47 60 6 2 82
90 45 12 77 5 94
90 52 53 69 5 79
43 53 64 29 6 104
60 70 59 26 6 113
74 96 16 90 1 38
6 89 81 62 9 17
96 53 83 84 1 102
22 70 66 75 6 140
3 2 4 5 2 9
21 62 16 76 4 128
84 29 40 38 10 104
48 81 96 47 8 142
24 38 43 20 3 22
73 75 93 46 10 89
16 44 18 15 2 59
96 30 36 53 3 130
29 19 55 7 7 110
96 32 5 42 6 103
88 55 42 14 9 14
42 11 2 52 9 68
