50
17 31 12 11 100 386
7 45 29 27 100 253
49 39 27 15 60 361
22 6 21 9 90 383
20 16 40 6 100 343
11 44 6 39 80 38
10 30 31 43 80 381
27 7 16 39 80 96
36 39 43 19 70 352
49 44 10 47 80 330
38 16 27 20 60 115
8 38 10 5 70 240
33 22 18 13 80 247
31 48 12 18 70 243
6 33 44 33 80 48
17 42 5 15 80 192
25 27 31 34 90 246
9 50 5 38 70 341
24 36 38 27 60 391
10 47 15 47 100 477
5 39 49 20 80 316
21 20 16 7 80 182
12 34 47 40 60 9
34 48 25 13 100 441
43 40 23 48 70 309
49 12 21 50 50 395
26 18 16 29 50 360
38 34 35 10 100 40
7 33 16 38 100 292
13 8 16 34 50 142
42 31 10 46 50 281
12 39 5 43 80 33
26 41 18 9 70 124
31 29 22 34 70 442
20 38 24 12 70 140
40 40 33 12 60 445
17 17 20 16 100 187
30 40 35 11 60 218
17 21 40 25 90 123
15 13 21 35 50 186
38 15 13 41 50 234
7 12 16 20 100 400
34 44 35 37 60 364
18 13 30 33 80 181
7 30 22 37 80 174
19 48 44 45 70 409
16 24 41 10 60 327
14 9 42 26 80 498
17 5 39 43 60 292
25 19 20 44 90 341
