450
52 84 81 35 1 22116 
69 54 46 38 8 15573 
52 91 41 41 7 4975 
62 72 100 73 10 15849 
33 38 87 20 3 3352 
47 26 48 33 7 2200 
84 72 83 45 6 12399 
88 22 23 72 9 15358 
50 89 20 33 5 4888 
49 31 42 70 10 11567 
27 54 82 60 6 11196 
50 56 86 25 8 11923 
23 92 68 29 6 21332 
62 99 97 40 10 15092 
32 83 80 88 10 12502 
34 40 92 24 6 3530 
75 67 85 26 10 5300 
59 94 52 94 2 13841 
80 48 83 98 4 15243 
46 61 66 64 10 20945 
95 97 36 32 1 6364 
99 36 34 51 9 14421 
55 37 45 23 8 15958 
98 21 68 81 4 6247 
27 36 93 46 7 8681 
74 37 40 77 8 5483 
93 67 29 39 3 8500 
59 39 98 73 7 3766 
33 100 91 52 2 4408 
70 85 44 66 5 16092 
69 89 54 99 4 4973 
93 94 20 34 4 21764 
82 99 78 49 5 12334 
89 64 28 79 2 4774 
80 84 59 36 7 20308 
36 29 58 100 3 18141 
99 33 30 52 6 1785 
82 53 73 64 10 12818 
43 96 73 69 7 5457 
100 63 79 72 5 960 
86 74 58 83 9 520 
43 50 26 72 9 4312 
61 22 88 46 8 500 
94 34 76 53 4 21877 
70 66 81 34 9 18104 
87 60 38 100 7 5540 
60 20 85 55 2 7571 
35 33 44 69 10 19446 
79 70 88 89 5 7983 
65 45 45 62 8 9844 
99 81 85 81 2 5756 
57 35 70 21 7 15642 
41 80 61 79 7 16090 
52 39 46 77 1 5588 
76 56 43 21 9 16659 
53 46 81 79 4 14028 
27 31 26 24 3 5129 
92 57 29 50 3 5468 
70 96 58 80 9 9032 
58 25 74 41 1 1202 
96 98 27 30 4 15806 
53 42 53 26 1 17901 
78 41 41 91 8 22462 
93 64 92 83 8 10928 
100 76 32 52 6 20208 
93 35 20 93 4 19884 
80 30 67 62 4 3360 
64 90 35 68 7 16023 
30 79 44 30 9 5968 
36 83 23 96 8 3356 
41 61 84 50 5 16258 
41 96 26 43 6 8899 
74 79 88 27 5 13045 
93 46 88 73 10 1399 
76 92 57 28 8 709 
42 62 93 62 1 7859 
31 82 23 53 2 6055 
93 63 37 57 2 11677 
67 49 26 36 2 15847 
34 22 28 40 4 8162 
85 38 46 72 10 3198 
69 42 99 34 7 13342 
68 30 65 67 10 3754 
82 41 26 64 1 9587 
38 49 28 88 5 21874 
84 37 83 85 1 15426 
57 100 54 99 1 3577 
31 76 61 64 10 5401 
65 59 36 91 2 14127 
91 78 89 24 4 4239 
63 59 26 44 8 9656 
25 43 53 68 9 6536 
30 87 59 73 9 19743 
79 81 77 93 1 4124 
40 27 55 98 1 8568 
96 22 52 80 6 21751 
92 63 71 38 1 6856 
87 85 94 34 8 20999 
83 52 47 42 10 15360 
85 47 27 35 10 19558 
30 76 86 37 10 7944 
69 40 77 64 8 12133 
63 78 60 25 9 6092 
82 36 98 24 3 892 
43 27 100 86 6 17528 
54 38 79 97 7 12906 
42 97 63 97 8 10505 
88 26 82 51 8 11079 
77 43 46 25 6 14577 
41 46 94 77 5 7303 
44 43 46 64 3 9698 
21 97 40 97 7 6299 
36 72 87 54 5 13807 
27 78 97 55 1 14088 
66 91 62 89 1 1891 
97 48 83 75 8 9084 
29 79 82 69 9 7999 
60 85 72 56 4 7947 
91 31 68 58 7 13047 
36 35 54 97 2 6526 
54 69 100 79 1 6348 
95 65 83 48 4 11618 
98 55 60 85 6 15124 
42 67 50 54 6 14615 
59 47 58 91 1 13108 
38 94 20 69 7 13089 
85 67 55 40 2 18017 
67 72 31 67 6 16021 
65 70 20 50 5 18285 
83 41 90 60 7 17019 
53 76 94 58 8 16248 
46 41 91 78 7 9940 
53 72 72 67 8 7815 
21 63 30 59 4 16327 
37 22 32 82 6 11897 
21 46 32 99 8 14557 
49 47 57 94 3 20522 
41 39 52 29 2 22083 
50 37 26 93 4 18547 
23 76 56 64 7 343 
97 28 56 89 7 20920 
29 62 36 63 3 5133 
79 37 65 45 9 327 
96 32 77 85 8 711 
100 57 43 68 2 7227 
74 69 30 47 3 22113 
26 81 34 65 7 1253 
62 59 70 41 7 10642 
77 100 81 22 7 2893 
30 71 50 97 1 12321 
84 44 48 79 9 2111 
51 75 93 28 4 17995 
57 32 44 81 3 8692 
26 26 56 61 10 17236 
35 68 58 38 6 2903 
73 95 27 72 7 8598 
45 30 58 53 4 21115 
40 53 60 40 4 3168 
66 89 77 50 2 10227 
49 28 38 74 4 17501 
56 49 27 31 8 7984 
96 93 70 40 4 6244 
78 53 61 89 7 5799 
46 49 30 53 8 2473 
25 60 76 34 2 2190 
91 71 73 48 5 3170 
35 22 47 84 1 7022 
88 83 60 60 1 16677 
30 91 27 88 9 7747 
21 100 21 44 4 16817 
84 20 32 88 1 16895 
98 70 63 74 6 18289 
22 29 50 99 3 12591 
83 54 50 49 1 8187 
56 56 79 82 4 1270 
75 38 78 84 9 15987 
72 66 47 57 8 1457 
41 36 59 45 9 6803 
49 55 46 29 9 22369 
94 89 39 54 5 9869 
68 40 48 90 3 497 
59 100 56 37 8 11958 
54 99 28 21 8 8423 
86 33 49 52 8 1233 
22 72 63 83 9 11601 
88 44 99 21 9 7138 
29 61 94 34 4 2586 
95 39 41 64 9 8450 
99 59 70 85 4 5145 
75 82 27 37 3 8090 
93 87 27 66 10 21139 
45 66 80 89 4 1024 
82 65 49 20 1 16680 
68 21 54 49 10 14235 
42 37 25 92 7 21212 
72 79 83 60 1 18069 
80 89 82 36 3 15092 
28 82 67 64 5 22046 
58 76 100 27 4 8297 
55 34 21 80 6 8570 
95 50 86 52 8 8347 
39 62 56 68 5 8097 
47 86 20 80 6 6464 
27 87 44 38 10 15558 
95 37 87 74 10 18756 
91 92 72 71 3 10609 
64 33 77 98 1 19931 
33 82 62 70 4 13265 
75 75 67 58 6 6421 
59 95 89 86 1 7399 
89 62 75 42 8 19308 
95 74 97 57 4 3688 
34 33 53 36 9 14351 
60 98 31 34 5 8813 
93 83 77 47 2 15528 
68 29 81 100 10 3414 
37 30 43 40 5 17732 
95 47 94 95 5 9518 
21 77 36 59 10 6195 
52 39 73 73 6 13787 
62 72 49 59 6 7812 
90 45 100 79 7 14788 
53 84 41 82 10 2978 
45 76 42 70 1 10600 
34 75 59 96 4 13253 
98 78 24 89 9 20739 
74 100 22 41 9 5283 
29 56 54 50 5 19406 
99 70 73 38 9 9391 
35 94 51 36 1 20303 
41 70 84 64 9 12626 
28 87 52 20 10 6634 
91 33 34 42 5 17005 
71 50 42 54 8 16548 
67 61 88 23 6 6464 
74 67 31 80 10 19436 
93 27 96 78 1 17226 
78 99 80 88 10 3224 
41 67 61 56 7 2970 
29 49 34 66 8 8905 
38 94 25 54 10 10642 
57 94 72 66 8 12049 
84 20 58 43 1 971 
61 72 57 55 5 13888 
35 55 74 85 1 19081 
37 81 73 48 8 11377 
88 42 41 36 5 8137 
24 74 73 37 5 1354 
37 66 66 62 2 16988 
81 40 60 89 8 15550 
21 41 34 70 2 8768 
56 94 45 55 6 9137 
75 89 98 41 5 2005 
24 32 80 29 2 12470 
51 81 60 38 10 8701 
64 44 26 47 3 10651 
36 55 68 40 2 20461 
57 77 77 90 6 19909 
35 82 53 90 9 16644 
20 36 54 42 10 9534 
21 60 69 65 2 6693 
49 51 36 43 10 8634 
61 36 62 38 3 1696 
54 59 51 65 2 12976 
52 27 31 53 4 9658 
64 84 39 31 7 11572 
35 73 91 69 7 19252 
29 81 41 80 3 11399 
53 91 93 41 7 12839 
80 90 79 22 6 8342 
62 30 90 74 1 20812 
31 83 47 77 5 7843 
76 71 92 29 7 9330 
25 25 82 65 7 127 
25 81 33 56 8 11058 
44 49 21 24 5 21013 
36 63 30 49 1 14953 
25 72 24 55 7 14231 
56 50 88 99 2 7429 
26 97 55 85 5 4569 
80 90 95 56 8 20087 
54 32 21 97 3 17978 
39 52 41 88 2 15003 
69 95 36 77 6 19488 
90 71 68 49 6 223 
46 37 46 56 8 8145 
100 54 20 96 10 8570 
99 27 52 50 10 11786 
36 68 81 48 7 21457 
34 36 69 54 3 12556 
88 68 60 99 2 6269 
26 40 76 35 1 11439 
53 41 72 45 9 17721 
64 42 76 95 8 11089 
80 50 56 53 2 5294 
99 91 80 38 10 12225 
28 48 60 60 1 21234 
20 25 98 63 9 15551 
85 63 22 76 2 13288 
21 25 69 43 1 1562 
88 48 62 68 5 7345 
82 91 36 74 5 4362 
67 79 31 48 3 21045 
40 81 73 65 5 18122 
49 55 66 26 3 9391 
26 40 29 67 7 22377 
38 96 36 62 10 11962 
30 79 20 73 7 17612 
67 75 85 34 3 9213 
96 92 53 44 3 9917 
85 78 23 87 10 9982 
47 99 75 43 10 18039 
53 82 25 50 3 3002 
63 100 34 29 10 20029 
75 39 84 52 3 15067 
78 64 98 52 5 18016 
97 45 54 68 6 14184 
48 45 50 23 2 18238 
40 45 99 76 6 11047 
26 53 52 85 2 11506 
42 48 86 48 4 5477 
66 34 26 45 9 21304 
58 99 53 56 7 13054 
96 82 35 55 9 12026 
31 69 75 52 4 5547 
40 55 27 88 6 14772 
88 84 70 21 2 17514 
70 34 100 75 5 728 
20 68 56 72 5 20736 
87 68 94 66 10 1020 
75 85 44 90 9 9791 
59 54 54 31 8 9014 
69 85 45 39 3 15122 
39 61 60 51 5 7240 
92 28 52 39 4 18231 
66 71 32 80 2 13463 
96 92 32 58 3 13984 
87 29 43 92 2 20072 
98 51 62 30 5 4612 
55 91 62 81 2 18885 
81 93 32 36 3 22486 
54 33 96 77 8 5648 
26 51 48 36 7 21836 
43 73 85 22 2 7638 
56 32 29 48 5 14503 
82 58 80 88 9 13527 
30 81 32 35 7 17828 
47 22 52 97 5 8384 
41 86 34 76 1 3797 
86 96 54 94 1 16339 
49 76 57 85 7 1293 
53 57 83 81 4 6613 
33 88 59 70 3 7515 
83 48 26 42 4 9973 
34 26 96 32 4 18623 
71 79 23 63 5 12533 
41 98 40 44 4 16506 
55 49 30 89 7 22106 
86 20 57 70 7 21276 
83 24 97 60 4 6929 
78 29 68 92 3 7887 
28 78 27 75 10 12348 
24 28 58 98 8 251 
87 44 66 31 2 15038 
81 67 96 98 10 6788 
91 77 51 44 10 7477 
94 24 88 89 1 2212 
87 75 79 66 5 10687 
36 73 28 74 8 20973 
38 49 64 94 8 12128 
21 79 45 97 10 3730 
39 68 47 60 3 5338 
97 53 67 45 2 12658 
21 72 61 96 4 13462 
62 92 56 41 7 10668 
47 39 73 75 8 12057 
82 47 62 23 2 12193 
86 96 99 38 8 4111 
97 43 63 25 1 16953 
95 93 31 100 5 1208 
87 79 96 23 7 16965 
45 88 73 99 8 19291 
92 61 27 93 4 22332 
63 86 39 43 9 3062 
83 21 35 66 10 14803 
100 95 64 95 6 14840 
57 74 36 58 7 16679 
91 70 78 72 2 22469 
40 56 75 72 6 1418 
82 28 91 36 1 21643 
63 71 48 32 3 6400 
88 75 89 55 9 20229 
27 86 79 54 5 20864 
41 72 57 86 5 6225 
52 27 100 36 9 18498 
32 91 78 67 5 12262 
86 64 21 28 1 20010 
99 49 67 29 3 7208 
83 37 62 66 4 16870 
70 21 58 70 4 7179 
73 49 22 27 10 8931 
45 95 72 64 9 8718 
53 27 91 41 9 18339 
68 33 58 20 10 18179 
92 61 53 57 8 4543 
26 54 58 70 8 3240 
41 37 81 88 6 9775 
31 52 70 20 10 2401 
89 41 47 87 8 556 
65 89 52 41 1 17727 
33 76 31 48 1 14639 
87 35 98 88 6 5699 
44 85 95 85 4 15905 
96 77 67 82 6 2385 
81 84 31 36 9 12271 
34 49 95 71 3 8003 
42 98 85 87 3 4570 
98 74 46 54 1 8585 
62 86 41 22 8 7319 
30 91 28 50 5 17767 
55 36 51 97 1 17603 
39 57 45 28 3 8155 
93 62 32 53 10 14054 
75 89 52 89 10 17798 
82 55 61 63 10 2338 
37 74 24 85 8 18531 
89 43 97 29 1 3874 
98 90 53 61 5 17123 
26 88 34 77 7 17607 
50 42 66 93 6 8349 
89 36 99 40 7 17212 
80 99 95 87 1 20096 
35 26 53 54 10 10845 
50 73 61 83 9 12077 
65 25 27 44 2 1020 
64 72 34 55 1 10857 
40 73 65 64 8 6297 
82 56 68 42 1 4033 
82 80 42 22 8 18522 
51 39 30 27 10 12832 
90 59 25 70 4 21573 
44 76 22 74 3 9662 
91 43 45 86 4 14150 
28 82 53 49 1 13310 
86 36 71 60 4 8138 
86 27 30 23 8 4866 
29 66 47 65 5 22215 
26 88 86 46 7 11870 
86 84 84 43 2 6446 
44 54 42 90 1 7609 
