500
29 72 43 68 140 155
67 37 26 8 164 168
71 89 44 15 171 151
15 86 25 21 171 158
57 28 91 5 177 197
79 18 40 18 114 121
48 27 85 72 125 143
96 82 14 19 140 151
47 8 39 10 86 164
10 29 74 2 73 176
82 79 40 66 69 158
12 38 22 39 142 114
73 92 91 96 132 142
95 52 78 64 110 105
66 80 77 85 222 159
19 89 75 12 158 173
13 72 89 73 206 201
89 89 95 6 188 194
4 81 74 17 134 107
40 1 48 18 120 187
4 79 98 17 76 201
48 99 87 35 70 189
30 8 88 67 173 185
39 41 59 97 156 200
77 100 67 26 241 202
19 2 55 49 188 108
40 44 35 98 155 193
100 36 28 98 206 116
38 5 30 25 166 138
58 57 91 65 76 189
43 47 86 74 231 149
32 91 83 78 241 146
68 94 14 80 56 181
1 79 94 57 79 195
38 6 3 79 207 188
12 35 75 20 121 166
28 37 15 60 146 177
54 86 14 86 82 149
20 30 82 46 106 102
6 50 22 19 160 133
90 3 1 35 222 102
84 73 71 30 84 160
26 68 62 77 67 168
97 81 37 54 68 111
70 5 74 88 214 145
56 19 21 38 54 163
37 78 93 67 144 117
76 69 43 34 223 144
76 36 15 18 156 140
65 94 29 88 86 104
55 62 21 83 99 161
72 53 34 47 75 144
67 55 26 66 132 159
21 65 95 90 179 127
74 50 43 70 201 175
56 45 42 37 184 201
75 3 93 78 51 188
64 1 2 70 233 114
46 63 81 17 66 186
100 42 98 48 110 157
58 90 49 53 98 118
92 39 51 57 60 157
7 95 66 80 246 133
92 68 23 44 232 148
93 17 95 2 108 153
59 8 90 62 171 186
98 4 30 61 97 143
68 10 7 51 71 124
90 62 1 23 65 117
11 21 75 46 229 119
53 61 1 52 249 120
82 86 32 75 151 128
68 68 21 29 190 136
71 9 34 66 119 186
19 30 58 40 105 149
40 44 25 18 124 203
59 41 13 95 151 182
96 100 7 65 201 152
82 50 98 54 77 102
3 93 5 27 82 199
54 14 40 78 209 156
76 57 80 28 55 181
91 8 31 53 128 171
68 16 26 62 168 151
57 10 52 9 199 145
71 99 16 58 65 108
36 23 24 64 140 201
86 85 60 82 234 134
24 81 61 91 142 146
32 48 61 59 155 126
73 76 91 82 103 123
26 50 13 55 98 146
57 25 90 16 241 195
98 26 73 58 215 152
98 32 31 73 98 127
78 7 80 45 77 111
11 46 87 19 217 151
96 35 50 87 88 193
18 74 95 72 193 155
23 54 13 100 194 193
1 18 35 51 146 148
32 100 4 15 221 127
97 66 86 85 171 170
30 8 59 73 137 137
12 77 44 12 243 126
28 32 59 49 150 190
5 31 75 96 124 179
61 23 73 20 241 194
85 37 39 54 246 164
97 26 4 51 77 129
20 59 96 33 164 140
12 37 24 23 110 152
56 27 38 89 89 202
100 99 94 88 142 137
91 19 92 66 214 172
42 36 67 26 184 152
81 86 78 91 96 172
45 14 19 21 191 194
79 10 67 54 169 175
60 6 6 52 102 166
72 64 82 92 154 141
7 66 11 63 174 177
96 80 98 30 77 173
81 64 8 3 220 100
53 95 97 92 181 111
7 69 1 96 246 109
39 18 36 16 197 187
82 5 20 24 188 162
39 17 42 84 74 162
11 94 21 90 165 166
46 17 60 78 171 153
95 72 11 3 211 139
72 22 67 13 69 116
99 89 68 2 64 102
7 73 17 9 158 127
52 5 5 49 151 188
81 77 92 91 205 184
5 48 54 29 195 166
19 4 93 76 184 134
46 3 8 43 193 195
69 42 60 59 97 117
50 44 35 87 228 187
55 51 17 1 184 135
8 77 70 28 212 152
3 97 11 73 51 102
40 93 21 72 152 136
62 19 26 30 178 124
75 17 15 100 54 127
2 10 50 12 155 119
83 5 79 68 179 205
15 89 63 71 195 126
51 21 42 9 55 141
82 95 76 66 173 129
66 55 75 94 240 172
35 89 43 80 97 202
97 94 60 3 115 110
81 66 98 16 86 149
23 6 79 57 83 112
13 28 22 22 130 177
71 86 41 20 100 185
26 12 56 98 177 121
49 96 48 39 237 153
82 92 54 6 143 188
78 22 75 4 196 181
86 8 70 39 97 149
27 5 51 9 176 160
87 96 8 92 217 168
56 67 100 66 207 193
99 89 79 51 245 153
10 59 46 75 158 179
31 64 2 100 144 102
65 11 73 85 141 100
22 6 92 14 231 165
85 11 78 22 231 189
1 62 3 21 217 194
60 92 55 53 113 149
80 57 15 66 246 186
22 31 94 51 239 201
78 11 15 1 244 165
15 34 27 35 173 176
48 92 12 63 162 128
40 48 9 56 148 117
7 83 52 50 109 175
64 22 44 31 85 152
13 9 27 49 62 100
82 50 53 27 89 143
91 45 60 85 202 156
1 44 97 94 51 149
24 45 91 71 241 146
88 17 88 62 228 128
72 55 94 64 104 182
62 16 12 48 62 124
74 98 42 65 186 124
87 99 9 12 55 190
52 13 32 66 153 170
55 99 2 62 238 176
67 51 35 49 146 181
9 23 47 39 174 129
95 87 3 85 105 205
5 6 43 54 170 119
71 54 22 70 91 196
23 82 98 26 72 128
33 40 39 68 220 121
59 79 76 100 161 139
30 36 38 74 116 176
82 15 78 39 99 125
48 94 47 45 119 203
51 3 47 38 165 184
31 26 47 41 75 147
47 7 98 19 115 141
20 96 95 1 233 172
67 24 33 83 100 171
16 16 64 19 250 103
45 12 86 71 200 123
53 45 90 84 126 167
39 97 29 72 178 101
65 83 68 39 172 177
40 36 83 13 230 193
48 96 4 37 234 159
3 90 5 36 244 175
44 62 96 3 143 190
29 65 88 99 144 181
94 94 4 45 201 199
49 52 8 69 160 110
31 18 83 2 143 117
84 81 62 21 165 149
84 68 46 84 128 123
34 14 26 65 212 143
51 80 93 72 200 140
22 50 63 61 207 118
89 45 12 60 110 189
100 58 53 89 188 148
74 92 82 44 78 164
64 59 28 70 144 153
83 2 77 70 208 170
98 23 97 68 148 191
71 46 37 81 104 116
19 18 12 26 103 111
36 62 93 95 143 131
47 22 65 16 202 171
84 24 75 27 156 116
40 26 88 21 76 135
25 54 99 4 62 162
70 96 76 46 250 127
63 59 87 9 143 177
42 46 58 44 153 109
18 36 98 75 146 205
24 87 53 18 119 131
73 7 73 62 155 103
15 12 61 70 201 136
100 21 82 16 113 129
53 98 79 81 72 181
23 69 99 57 113 157
31 21 33 53 108 118
95 52 92 8 249 199
7 61 27 61 133 163
74 86 100 99 220 139
65 31 18 53 94 122
66 100 88 73 220 117
97 8 80 45 146 143
60 27 63 83 98 130
8 75 57 41 173 104
83 10 93 66 241 162
70 25 70 39 162 186
15 56 53 74 187 149
31 34 93 68 139 141
63 52 40 47 184 150
7 80 34 33 205 197
43 91 60 5 144 133
25 98 7 99 51 138
84 25 16 16 125 166
26 97 64 54 150 147
3 83 88 40 120 106
78 72 25 42 148 124
26 7 44 50 149 197
58 29 11 64 207 125
68 73 55 76 58 100
50 17 75 83 246 178
25 24 98 63 169 119
67 77 34 7 222 184
12 73 83 51 50 151
8 27 15 54 84 162
77 20 57 71 157 145
19 19 97 48 166 140
55 37 25 59 126 153
89 17 40 23 243 122
70 7 14 20 127 150
54 34 46 33 206 199
68 96 83 53 140 179
71 86 77 55 71 104
82 90 67 10 242 116
57 3 2 8 59 127
1 25 2 48 170 130
20 90 57 63 154 200
13 89 11 38 222 188
38 57 60 31 120 171
34 37 10 92 106 135
5 32 35 75 137 131
69 34 35 2 107 183
20 57 98 88 101 163
18 48 19 52 245 193
45 5 87 53 250 172
79 100 64 18 152 153
6 85 36 38 211 129
15 39 70 36 63 144
13 26 65 80 235 102
75 76 25 21 211 100
89 56 50 80 179 180
55 97 31 76 123 129
82 97 66 89 125 197
14 86 70 18 74 157
72 74 10 28 230 104
73 27 50 90 56 109
37 71 1 47 220 153
50 6 49 82 59 135
27 87 70 53 102 111
3 22 67 20 91 199
6 28 47 99 62 110
76 72 67 39 109 165
69 100 44 5 175 103
41 4 99 88 78 101
17 96 9 26 195 142
72 1 63 56 88 142
9 18 24 28 211 193
14 12 9 50 129 189
75 18 28 59 187 132
49 12 40 50 87 105
59 29 98 75 243 174
88 7 5 86 149 109
27 46 80 30 232 189
64 10 8 74 94 189
24 77 48 29 231 167
90 91 25 87 173 109
66 31 32 62 246 168
82 28 66 10 84 102
90 26 14 22 98 120
9 42 64 75 62 101
36 84 50 69 144 163
81 97 41 31 140 179
4 80 7 64 98 187
72 96 30 57 151 110
23 74 47 98 235 188
63 55 99 18 114 195
7 8 76 30 130 183
37 56 17 34 239 203
80 67 9 25 86 103
20 63 75 83 85 162
77 89 30 69 191 116
3 19 10 28 141 161
84 51 99 98 210 128
26 24 68 16 237 124
19 3 84 59 204 205
99 96 37 18 187 179
47 8 98 74 94 104
86 34 86 54 200 109
76 5 51 84 138 111
80 10 45 99 158 108
91 36 58 47 190 160
44 18 100 91 238 125
33 43 34 51 235 110
85 21 23 75 204 202
98 10 39 79 94 187
70 5 71 94 245 155
34 93 65 48 172 125
2 58 65 96 214 151
17 39 82 94 239 190
3 73 8 8 245 157
37 81 51 48 90 193
56 93 5 73 83 171
38 28 72 46 228 122
86 86 82 86 83 167
100 32 43 7 218 133
63 32 69 47 83 150
79 88 96 42 226 170
40 15 48 89 198 122
62 38 78 79 150 131
98 83 19 40 64 135
70 10 11 24 164 120
66 13 49 55 245 163
21 79 76 48 157 171
35 92 10 71 218 165
54 72 62 27 142 106
34 84 91 75 189 105
64 28 12 33 56 127
34 88 34 91 66 190
54 17 90 58 75 203
61 31 59 24 91 160
60 20 88 88 100 187
41 60 77 40 233 143
26 75 45 22 179 121
57 40 51 74 138 137
57 99 88 80 238 105
77 17 88 41 79 143
86 13 61 54 108 165
40 6 66 56 81 127
42 19 21 57 150 121
31 60 18 30 130 110
68 38 56 16 108 197
68 42 20 4 153 106
64 31 51 99 216 153
93 21 11 43 205 137
64 73 78 35 56 155
31 18 19 55 155 139
58 63 99 14 248 157
83 32 33 36 242 129
18 32 2 19 179 122
89 12 39 82 87 166
25 56 13 18 105 162
94 40 81 5 150 120
13 44 33 16 202 202
69 66 58 69 200 146
81 55 38 32 113 120
66 17 85 69 221 155
69 53 91 28 132 170
14 96 79 30 153 126
52 50 88 56 184 161
29 85 1 67 168 180
59 81 10 86 88 131
82 93 28 25 152 143
38 47 46 7 135 200
80 5 2 44 227 104
73 72 71 41 161 125
71 70 59 17 88 200
28 50 79 38 95 134
68 5 28 23 195 173
78 48 30 53 120 102
31 43 17 62 117 131
59 5 39 42 242 187
31 59 46 94 93 184
37 94 20 22 215 132
25 80 62 87 84 181
25 88 68 18 119 184
5 3 39 89 93 156
60 55 41 17 56 133
80 90 73 34 52 167
85 100 71 67 114 125
1 77 1 4 187 182
95 69 32 53 208 110
18 52 13 9 187 103
94 69 94 95 103 107
71 42 63 15 205 157
79 91 67 11 133 131
19 26 84 55 51 124
73 78 96 67 230 135
97 26 13 93 122 154
7 81 91 99 246 109
94 89 9 19 107 143
39 14 96 82 166 160
55 36 52 56 194 140
3 51 58 32 98 104
29 66 57 58 165 134
14 50 53 57 75 106
97 7 73 91 124 111
36 18 3 44 103 137
59 67 95 70 186 166
88 58 44 89 193 116
38 28 96 31 191 105
26 41 7 56 228 121
88 98 81 8 105 126
60 75 52 78 244 139
56 54 44 49 178 110
21 89 17 70 115 111
28 19 10 69 96 198
73 74 38 97 222 157
18 60 62 86 236 188
28 87 92 81 163 199
91 69 98 98 60 205
52 16 53 20 62 176
95 68 24 53 74 114
21 26 77 98 85 167
65 33 19 41 89 189
27 71 47 90 221 194
89 85 40 56 194 154
85 22 21 86 134 197
65 9 12 15 135 171
68 51 2 57 66 200
82 87 21 80 134 123
15 82 34 63 171 122
38 21 88 47 221 189
94 36 84 74 74 106
47 6 21 86 147 137
82 59 18 53 160 177
85 25 80 79 138 136
33 86 64 33 208 190
18 79 45 72 91 120
39 62 58 18 84 106
90 22 5 28 232 174
80 66 72 18 91 184
46 42 66 72 111 175
77 91 5 77 152 177
10 74 12 64 248 132
62 86 14 35 171 203
95 26 61 12 118 113
78 87 86 2 127 141
65 79 28 81 110 150
35 35 97 99 95 154
89 47 24 36 242 117
40 46 14 70 191 140
73 70 11 93 117 146
49 7 58 16 126 100
