100
71 5 29 55 21 612
47 27 55 82 74 1082
1 60 6 12 69 1210
67 6 25 48 50 817
85 7 25 43 80 353
100 10 49 77 43 206
29 57 61 44 23 777
23 11 13 47 78 1246
5 9 51 34 5 284
7 80 44 45 52 1059
22 87 87 17 13 1116
12 38 64 71 13 960
24 28 55 9 58 254
84 64 84 85 90 765
20 38 8 23 93 202
57 52 80 76 5 1220
92 25 79 66 10 430
26 89 48 64 47 463
13 82 73 14 45 419
3 1 36 89 26 284
75 89 73 49 68 172
99 8 41 59 92 419
77 14 70 47 7 789
80 39 39 53 66 808
59 87 22 44 16 989
61 44 25 5 84 116
18 13 77 47 61 590
10 88 29 75 3 911
85 52 77 70 57 495
99 84 24 99 25 1041
57 99 10 94 88 178
55 98 37 54 100 1229
91 11 57 60 57 602
60 5 36 68 65 945
81 75 23 8 17 543
43 27 8 26 47 174
30 17 77 44 46 734
1 42 65 41 59 649
75 8 7 57 66 165
54 62 69 68 32 569
78 80 13 38 74 375
27 43 36 32 3 947
78 26 21 65 81 345
98 5 52 96 32 548
49 59 13 66 6 768
59 74 21 98 30 572
40 49 48 37 93 1127
82 1 37 4 62 1084
3 20 8 5 11 1244
96 14 80 49 20 155
49 17 47 68 72 1166
3 38 20 44 74 597
73 66 63 93 43 126
49 88 50 28 56 400
74 28 59 81 88 658
49 12 9 51 93 850
80 52 7 75 24 592
39 20 52 3 86 951
79 18 93 16 38 505
78 25 85 74 89 1186
62 99 15 32 46 568
3 84 64 79 31 532
89 32 93 38 21 494
60 71 68 52 53 1042
66 70 25 35 70 579
12 21 65 68 60 498
25 97 22 28 47 142
22 91 82 61 71 466
70 31 66 83 70 848
41 81 100 39 92 296
17 50 96 91 13 1017
84 19 87 64 52 784
77 26 56 87 38 389
20 76 25 22 15 490
84 19 59 9 95 878
28 62 50 85 88 706
76 10 83 81 49 251
30 18 31 89 17 1243
77 22 71 51 50 732
32 96 95 97 89 1022
87 93 26 57 98 139
17 8 96 13 38 589
7 84 65 34 82 582
36 32 82 14 52 218
80 38 99 98 16 715
16 79 35 1 52 1134
15 51 91 98 21 797
1 72 22 64 62 691
79 71 92 83 40 859
68 2 73 10 52 644
92 9 24 92 99 759
90 42 83 25 92 660
85 89 56 71 23 847
90 52 15 12 9 1135
7 78 7 61 11 870
40 1 88 26 55 885
80 78 34 25 5 710
65 85 9 39 63 243
6 66 61 29 30 1198
66 55 14 68 27 1225
