350
94 67 70 100 4 2635
49 33 39 32 10 1741
80 72 61 62 2 3213
71 62 72 50 4 2436
30 31 32 27 8 5492
54 43 41 45 7 3871
89 95 77 77 5 2454
26 30 24 22 10 5237
36 54 58 57 10 1316
22 18 31 29 9 3757
95 80 100 100 7 5581
22 34 29 37 1 5294
11 16 10 13 10 2216
26 35 44 25 5 1492
54 52 43 51 4 3109
54 62 60 37 2 248
54 52 46 36 1 4520
41 71 68 51 8 1896
50 29 48 50 8 1125
72 72 48 60 8 1096
67 49 62 50 7 4488
10 15 13 14 1 547
26 35 45 30 5 1087
100 100 65 89 3 487
66 58 56 72 9 2024
18 14 20 13 1 1598
61 59 50 62 4 5853
69 65 83 69 6 820
61 92 93 88 7 5610
38 45 50 31 9 5428
62 87 91 65 1 608
10 11 14 12 9 4554
50 60 52 60 10 3434
92 72 100 89 4 1081
77 80 61 100 2 2445
100 83 74 100 4 1807
72 60 71 52 10 4205
95 93 67 100 10 5429
69 100 93 100 1 2070
44 45 26 42 3 3061
100 100 71 100 5 3650
20 25 25 15 1 4814
53 60 34 52 9 1837
10 10 12 10 7 2830
70 71 100 100 3 2890
36 46 45 51 10 3104
28 30 24 42 4 348
13 10 11 10 10 5856
17 15 17 18 5 4955
38 46 51 32 3 3926
35 45 62 45 2 772
20 20 17 13 10 777
86 85 60 95 10 5282
38 34 49 32 5 2128
58 45 35 40 9 3058
57 47 78 83 3 987
59 45 59 65 7 5007
71 100 100 62 8 1880
19 18 18 15 3 3796
19 13 18 17 5 3924
37 55 51 34 6 1292
100 100 90 81 10 2356
23 32 29 27 8 4130
80 63 65 74 8 981
45 43 54 38 5 1190
81 100 59 90 8 2826
77 85 95 100 9 964
19 14 14 16 9 196
91 63 100 77 3 5645
51 48 55 46 8 2263
39 34 49 30 9 3521
32 41 41 33 8 5868
10 13 10 10 8 402
13 10 10 12 7 124
100 70 65 73 8 3962
58 61 65 49 7 4544
44 75 48 51 7 4747
41 39 39 60 3 4097
46 48 41 67 7 3742
46 67 62 49 10 2267
19 21 28 26 10 5730
43 33 43 34 7 3986
24 29 33 21 3 3025
82 74 69 56 5 2264
11 10 11 10 7 1053
66 51 49 54 1 1709
11 12 13 10 2 1849
44 55 40 58 6 2840
47 46 61 39 10 361
100 100 85 100 6 3669
77 53 59 53 6 914
67 59 74 71 7 2476
92 100 100 70 5 770
25 20 28 29 8 3505
56 33 56 50 2 2758
74 51 59 53 9 5952
34 40 31 37 6 4187
18 11 14 14 10 1600
27 26 34 34 2 220
17 12 14 10 6 345
19 14 12 14 10 5432
51 64 50 71 9 1243
73 94 87 100 5 3866
95 90 63 61 8 988
25 28 28 28 10 4703
59 53 45 59 9 4393
81 92 68 74 9 4821
93 95 99 74 7 1417
36 39 58 51 9 4862
96 89 79 100 6 4395
37 31 32 36 2 3643
74 100 80 91 10 5666
56 63 78 60 1 3380
34 33 28 26 1 3782
48 51 53 33 8 3928
20 12 22 18 1 5126
32 40 32 37 5 925
84 72 89 56 6 1205
100 83 66 100 6 4244
42 40 36 47 1 5802
83 85 76 67 6 3941
90 78 80 67 1 2084
44 44 36 41 10 4132
71 86 100 100 9 4766
21 22 25 22 2 658
35 29 45 29 9 1640
100 72 95 88 2 2122
68 79 66 58 2 3719
48 44 66 49 3 1550
86 95 82 100 5 5484
84 85 70 74 9 2160
15 11 17 15 2 3700
71 71 81 76 1 4355
60 76 70 56 5 3710
10 12 15 13 4 5862
33 54 50 51 8 2143
54 35 51 54 3 4748
30 38 24 24 4 5638
10 10 10 10 2 5563
82 71 84 80 3 3669
67 85 61 62 2 4179
45 27 26 30 9 2695
32 37 36 34 10 2800
56 60 48 39 8 5214
71 98 100 85 1 4933
24 26 31 32 2 3290
33 32 55 54 9 5730
62 72 59 86 8 2002
21 28 27 32 10 4610
27 37 36 26 10 4672
93 100 100 85 9 3733
44 48 30 46 9 1761
84 85 77 73 4 2087
17 25 21 17 2 1778
10 11 16 11 8 1847
45 53 42 55 5 2502
39 32 40 40 2 1121
82 100 83 100 5 621
58 78 51 62 3 5970
100 91 100 100 7 958
53 69 52 86 1 4563
14 12 14 13 9 5062
39 44 54 49 9 5534
42 29 47 45 1 4652
67 76 78 100 2 4612
62 62 92 77 8 2460
98 96 100 100 2 2551
68 66 75 55 10 2852
11 16 14 15 1 4738
15 17 18 18 4 3779
66 42 48 77 6 5482
46 51 45 46 8 5031
56 58 59 65 4 4497
17 13 23 13 8 3839
97 100 100 100 9 1988
60 74 58 69 4 1333
30 21 24 27 7 1667
26 25 18 27 7 1307
45 43 61 39 1 4958
39 41 47 44 9 3251
21 26 27 17 10 5677
85 64 53 66 6 2956
88 100 96 73 9 804
100 87 100 82 6 4923
12 13 10 15 5 274
44 34 62 38 7 1502
39 45 42 41 4 2402
79 66 57 74 5 3710
64 65 56 49 7 1452
35 35 34 22 3 3417
40 43 36 42 7 4715
23 32 34 33 6 5913
11 11 11 11 8 200
28 21 31 34 8 2052
27 27 26 25 4 5672
57 100 64 72 8 3687
94 51 89 82 7 3581
78 62 57 58 8 1137
56 57 74 100 3 3651
51 48 32 31 4 5964
68 59 69 83 1 3958
25 27 25 31 2 1642
100 84 86 93 4 4806
72 82 64 100 5 4372
56 79 52 83 2 4497
15 13 17 13 6 2451
54 38 53 47 7 2092
78 99 100 84 6 4718
32 46 41 49 8 3761
48 52 49 41 9 1351
84 100 98 90 2 2422
11 11 12 12 2 5844
100 90 100 100 2 1357
78 60 69 68 5 960
14 10 15 14 9 1760
12 13 12 12 7 5043
74 55 63 76 9 2948
54 54 54 39 1 4392
20 19 21 15 6 2317
69 71 71 48 6 4723
47 57 73 69 2 1240
65 100 90 69 1 5418
32 34 37 47 8 4636
27 18 32 29 4 1561
68 61 55 63 1 730
60 59 60 91 4 4624
18 17 12 19 8 3629
49 39 47 38 3 707
15 22 17 20 4 2030
24 30 25 27 10 713
47 58 67 78 5 1691
46 47 45 45 7 5971
60 40 61 42 8 3335
86 53 76 52 7 2512
10 12 10 10 5 534
35 34 49 44 5 5074
73 60 52 65 8 137
100 80 100 95 6 1204
76 95 100 71 5 5412
45 65 70 45 5 3015
77 99 92 100 7 5237
97 96 96 60 9 5688
85 61 65 71 7 1140
71 60 59 55 7 5689
81 72 71 100 7 2935
24 21 16 25 5 2879
70 77 86 100 7 359
69 73 82 72 9 3404
24 25 26 24 7 4475
78 91 74 62 4 1252
32 38 32 30 3 4687
36 25 36 30 1 1928
64 85 83 51 9 4008
36 49 33 34 10 2009
61 52 66 51 1 4343
63 98 60 61 5 2418
80 98 100 84 3 4178
76 62 65 69 5 1911
13 13 14 11 7 1594
72 66 62 65 3 2773
48 60 35 53 5 2894
29 19 28 20 10 1253
74 74 75 75 2 1064
10 10 11 10 5 477
10 14 12 13 10 3862
20 20 21 19 8 5687
48 82 62 60 3 1689
31 40 31 43 3 5950
63 44 51 57 8 2472
38 26 29 22 6 1269
63 65 76 72 3 5797
15 11 10 14 8 498
16 13 10 17 10 2769
87 85 92 61 3 2507
65 56 59 71 9 5621
33 47 42 33 8 1954
22 17 22 25 4 975
71 79 100 85 6 4725
51 60 56 66 1 5517
52 54 34 41 2 3106
52 40 69 68 5 3922
65 69 42 61 1 1980
93 100 85 100 10 2683
37 39 39 52 2 5897
12 12 10 10 5 1323
21 18 13 21 6 1457
47 49 67 54 5 3777
66 81 100 63 8 1858
20 16 26 21 3 3116
50 85 52 50 3 2311
50 50 33 30 10 4138
32 28 45 29 8 4467
61 58 51 57 3 2621
26 25 26 27 10 3017
73 57 59 80 9 5091
49 49 42 38 10 5623
30 32 32 20 3 5293
34 21 24 25 5 3744
75 48 44 67 6 2494
41 65 55 61 7 3672
83 100 72 100 10 5846
22 27 29 25 6 1736
56 68 52 67 8 5122
59 51 58 73 1 4796
60 93 65 92 2 3650
38 29 34 34 9 5595
26 26 27 20 6 1723
52 76 69 48 7 5222
61 49 58 54 4 5304
10 10 10 13 2 5682
50 71 52 72 8 1452
37 25 26 31 8 3735
76 67 82 55 2 3393
83 56 72 78 7 5935
10 10 10 12 4 1418
52 57 85 58 5 5915
61 63 85 47 8 655
14 14 10 16 4 816
30 40 32 36 10 310
100 66 76 100 6 3800
27 26 26 23 10 2297
81 56 76 79 1 861
39 41 57 51 3 2534
36 43 53 65 4 2626
25 15 24 21 3 1429
81 91 74 73 8 5689
10 11 14 11 8 2538
100 83 100 100 2 2299
91 100 88 70 2 2039
86 50 73 65 4 1327
69 88 100 100 10 4671
77 46 70 49 1 1125
81 64 90 68 9 3413
41 44 37 45 10 4923
45 45 47 41 3 311
88 100 87 79 2 2581
81 55 69 85 6 230
100 100 100 100 4 3214
28 29 19 21 8 4378
58 86 95 75 2 1528
89 76 55 59 5 3726
61 61 98 59 8 5144
25 25 18 20 7 2715
61 63 41 57 6 3171
47 59 35 60 6 1067
44 41 43 29 3 2603
55 61 56 54 2 2729
59 61 70 54 5 2575
74 59 81 77 7 922
63 41 48 39 4 4350
