500
21 16 24 17 6 149
14 14 16 9 1 1697
6 22 17 9 7 785
9 4 8 25 4 3497
22 3 9 13 3 2989
15 16 5 17 8 3090
9 25 20 2 9 3079
7 15 13 16 10 4387
10 14 19 13 4 690
21 2 21 16 8 4515
18 12 12 11 1 1320
6 4 23 2 2 357
11 12 3 25 10 1565
2 12 2 3 2 4183
12 15 20 23 5 747
2 7 18 11 10 1556
20 9 10 6 3 51
3 6 21 8 8 4937
9 9 6 22 4 3073
15 9 2 10 1 336
21 25 17 10 8 3392
10 22 18 9 10 3726
10 24 3 11 5 3635
13 15 4 5 2 2631
19 18 3 9 2 4348
20 16 10 23 5 1380
4 7 3 3 2 1626
23 12 6 23 10 182
23 23 22 3 2 3798
16 3 2 6 10 4222
15 20 17 7 3 4697
2 20 12 24 10 278
10 22 6 22 8 2303
7 3 15 4 1 398
12 23 8 21 2 2846
9 19 14 12 1 1405
24 14 4 3 9 1098
6 13 10 10 5 1005
25 6 6 2 3 4069
24 14 5 21 8 3664
9 10 3 25 9 383
17 20 23 25 7 4387
10 9 8 23 1 2949
6 12 20 9 9 2383
12 7 17 17 3 4136
22 3 14 24 7 1920
15 19 13 6 9 4218
13 14 21 10 9 3558
2 3 18 20 9 3260
5 9 2 3 2 4740
5 7 15 22 9 1818
8 20 7 13 10 3063
20 8 18 20 3 4238
7 21 15 7 4 1331
8 7 22 12 5 120
23 6 19 7 2 1344
13 20 22 25 4 3976
12 7 9 8 6 2847
2 25 9 10 10 4055
12 3 8 16 1 445
20 6 16 9 8 3077
8 8 14 16 5 2909
12 25 6 17 10 3546
7 7 4 20 2 3904
4 25 20 8 8 2170
13 13 11 23 3 4755
16 14 24 14 3 361
15 8 22 3 1 744
19 8 25 17 5 2222
4 13 20 2 2 2889
23 20 11 8 4 2886
13 5 10 25 10 3414
11 12 10 9 8 1130
7 14 15 3 10 1456
21 9 7 11 7 1338
25 15 15 3 6 915
3 4 5 13 2 577
2 21 15 23 5 175
13 9 8 23 5 4350
3 22 8 9 8 4778
13 17 12 5 4 4025
7 5 2 2 10 1734
21 24 17 15 1 2727
21 18 2 17 2 2427
18 20 13 10 6 4675
19 3 2 7 9 120
12 21 13 3 7 261
8 7 3 21 1 2230
8 15 17 20 6 4450
22 7 20 12 1 4770
15 2 4 11 1 279
9 21 21 2 5 556
6 9 14 24 3 1026
2 25 23 23 7 1334
23 14 14 21 5 1394
19 24 5 20 9 1079
3 8 8 24 8 3595
12 8 9 15 5 2578
4 13 24 16 6 4194
3 14 9 25 2 2036
22 2 5 15 2 422
13 16 2 12 2 3738
4 24 16 17 6 4644
8 11 13 19 5 1362
2 8 18 21 8 764
22 19 10 25 9 1969
9 19 22 15 4 607
16 12 22 25 3 1540
10 20 14 8 9 469
11 14 17 18 1 1371
10 13 24 10 8 2268
8 6 10 18 9 1671
21 7 8 24 4 3977
8 24 5 7 10 2563
21 10 7 6 9 1645
17 16 25 21 9 4002
18 18 5 7 6 680
15 13 3 23 4 1798
14 6 21 21 5 2440
17 3 9 9 6 900
17 14 19 5 3 4045
17 2 18 10 7 4904
7 23 13 21 3 4468
5 8 24 8 5 378
21 18 5 11 8 3305
13 20 10 21 9 3950
11 19 19 15 1 3333
16 6 11 18 10 2759
7 16 22 10 1 4984
25 7 3 23 3 2230
22 12 25 4 1 538
19 10 20 3 2 3379
18 15 3 21 10 4338
6 12 11 3 5 2503
24 16 5 7 4 2712
23 16 15 2 2 3236
2 7 20 19 9 680
17 9 4 18 8 1114
12 17 7 4 8 623
10 7 21 6 1 1235
23 14 2 19 2 3340
24 13 24 10 9 4323
2 24 24 25 10 1779
5 6 20 18 8 801
18 5 18 17 2 4875
15 9 8 16 4 1246
17 14 25 14 1 360
19 25 17 11 9 3598
13 14 24 6 4 3608
25 18 13 8 4 159
20 15 15 15 7 2885
3 13 2 7 8 4243
5 6 10 22 2 1985
22 21 21 17 4 3447
20 18 8 2 4 3800
22 10 12 21 6 735
21 17 17 2 4 962
19 9 16 24 3 4650
5 9 19 7 4 3566
3 8 3 7 5 3628
16 2 21 10 2 1340
25 8 7 21 1 2464
10 2 11 13 7 987
5 6 13 19 6 1422
3 24 22 17 2 3465
12 9 23 21 4 2835
16 7 25 9 9 3768
20 20 12 16 8 3155
10 15 20 15 5 544
7 22 10 7 4 4802
4 22 13 22 9 3983
16 10 2 2 7 3823
2 22 12 11 1 3304
22 14 24 2 6 1118
2 23 24 11 10 4375
4 22 11 4 5 2941
8 11 24 12 9 1383
14 22 9 18 4 4131
23 7 19 20 8 847
8 19 10 11 5 2124
11 25 3 10 8 7
15 11 25 19 7 2010
20 14 12 21 4 1726
3 2 20 23 7 3524
16 19 18 9 6 4728
3 11 8 19 4 1429
5 18 25 11 6 4368
11 21 8 7 4 1460
3 18 24 17 1 3205
14 7 21 4 7 235
14 11 7 6 1 682
2 13 17 15 9 3099
22 24 23 4 10 2837
6 3 18 17 10 3023
11 25 15 25 2 126
5 3 16 2 8 1120
13 15 18 15 7 4198
20 16 25 7 7 323
25 22 3 15 3 1912
19 21 2 18 7 4070
15 8 11 24 1 3479
17 23 25 4 3 2795
21 10 15 21 9 250
23 20 5 22 5 4892
13 9 12 20 5 4225
3 4 5 3 2 2350
18 25 10 22 6 2164
24 10 16 10 3 2780
14 8 4 15 6 1486
18 17 7 15 3 4862
13 2 18 9 1 1304
24 24 21 5 9 2553
23 4 5 18 1 891
2 12 11 24 8 764
5 3 2 22 1 1385
23 17 18 13 2 3730
14 12 13 19 5 410
20 12 20 5 4 4199
13 5 14 15 2 1608
24 12 19 11 1 1038
18 21 6 5 10 3863
11 10 23 21 2 1243
3 11 14 25 1 1758
14 21 11 17 3 1387
24 5 18 7 2 3354
13 25 9 20 7 4354
20 5 8 25 7 625
22 13 7 5 7 1122
20 17 10 18 7 1751
4 6 11 24 3 2892
19 12 9 11 2 4419
2 6 12 15 7 4606
2 14 22 11 6 2920
14 23 24 6 2 3287
8 21 5 16 6 476
25 23 22 14 6 1424
20 7 22 11 3 3810
23 4 24 18 4 232
7 21 19 4 6 4648
20 8 12 8 6 1535
2 25 4 20 6 4815
9 18 9 2 8 3830
4 8 24 21 10 3449
25 8 7 21 4 1097
25 10 2 12 6 4863
21 23 7 6 5 4083
25 17 8 8 6 1735
7 8 17 8 4 4202
3 16 20 24 8 3346
17 4 13 9 2 3007
11 18 21 9 9 3376
18 10 3 13 2 4498
13 5 15 9 1 4695
16 24 9 9 10 1898
11 11 5 24 3 4325
9 6 20 12 5 36
12 2 6 3 8 446
25 20 2 24 10 2036
16 4 16 19 9 3021
20 16 25 2 3 4595
8 4 23 10 9 2628
19 22 24 23 6 4656
6 23 9 8 9 414
11 20 4 25 8 4706
3 19 5 24 6 3159
13 14 2 6 7 95
24 18 6 11 10 3401
21 2 23 19 5 3217
12 10 9 16 1 2584
16 17 12 3 7 4520
12 10 14 24 7 330
13 24 25 2 2 4035
23 8 16 18 10 558
11 23 17 24 1 894
19 18 24 25 1 1981
10 20 18 11 10 823
4 24 20 11 9 1845
2 13 12 4 5 2865
25 5 5 2 3 4895
21 16 19 14 1 1601
5 24 18 13 6 3716
25 19 6 6 10 1222
11 22 23 8 9 99
23 23 5 24 10 3965
19 20 12 4 6 3617
22 11 14 5 9 3223
16 10 6 18 9 977
24 22 16 16 9 3826
15 23 12 23 1 2847
6 7 17 25 9 3786
3 16 22 19 9 233
6 15 9 7 2 2554
3 25 21 13 5 470
12 16 3 3 9 2428
23 20 16 8 5 824
21 4 15 9 8 1036
10 2 9 21 3 2279
22 3 5 5 8 1727
21 22 15 25 10 3103
4 20 24 7 1 2267
14 23 19 15 9 3147
5 6 10 2 9 1746
19 7 8 3 6 3549
23 3 18 7 4 4351
2 16 9 7 1 3577
19 23 4 12 2 2549
12 11 19 5 8 4537
13 25 22 8 2 3422
6 6 20 12 6 258
19 11 12 17 1 3913
16 24 16 2 3 2483
15 15 24 11 9 3606
14 10 4 19 9 3443
15 22 14 16 10 1901
24 2 24 19 4 3101
6 7 7 6 9 925
24 14 2 4 6 1177
9 11 22 6 9 935
23 24 25 19 9 4917
10 15 20 20 6 3114
10 2 13 25 8 468
17 7 23 5 6 822
7 22 9 17 8 950
23 17 9 19 10 3530
12 6 15 10 2 1184
18 17 7 9 7 3854
4 11 24 11 1 2174
11 14 22 10 1 4985
17 13 17 8 3 1138
20 10 8 12 5 2126
13 2 23 5 2 2378
13 12 22 8 2 719
18 5 20 18 1 511
22 23 12 14 5 1096
18 3 19 8 4 1353
19 21 10 21 2 3629
19 9 12 16 2 4035
10 10 3 9 2 3885
18 15 14 9 10 1771
13 3 2 11 9 4782
19 16 19 23 3 4276
4 14 5 5 6 33
11 16 10 2 7 1658
6 16 9 12 6 407
17 19 21 2 7 3837
13 19 18 8 5 1642
9 23 13 12 3 4572
12 9 10 3 9 2965
6 24 11 12 3 3196
6 16 11 14 8 3325
17 12 2 14 5 4718
13 8 4 19 1 4964
18 18 21 22 4 1913
6 9 16 8 3 924
5 19 10 11 4 3424
3 14 18 14 9 240
9 25 7 10 3 2871
8 7 14 6 7 1900
6 6 25 14 9 692
12 25 19 8 2 1619
24 25 24 21 6 4325
7 19 9 6 10 1814
19 13 15 13 1 1792
14 23 10 2 9 3763
23 8 2 23 8 3318
22 12 23 24 5 3094
21 15 17 25 9 4305
19 10 12 18 7 559
9 12 5 18 9 4654
19 8 15 24 8 808
16 6 6 3 4 4329
8 13 2 7 7 3278
15 5 25 23 4 4002
9 22 8 18 6 2512
19 5 2 23 7 4672
14 25 19 16 9 1922
16 19 21 19 8 2509
22 7 19 3 6 633
12 4 25 14 9 4297
24 8 10 6 9 862
15 2 21 23 6 1794
10 6 5 8 7 4352
22 20 23 6 8 3565
14 15 16 21 8 4259
22 18 20 24 9 3893
25 24 4 25 8 2308
11 19 18 7 3 3714
23 18 7 15 4 1292
4 6 7 12 6 2190
16 2 24 18 2 4524
2 19 17 7 2 3781
24 18 24 16 1 863
14 25 24 15 2 4789
16 9 18 12 2 3972
3 13 22 25 3 4529
23 15 8 10 5 4274
10 23 7 4 5 3609
7 18 16 10 1 4850
18 8 4 23 1 2365
23 4 12 21 5 2582
24 6 20 23 7 4988
10 14 12 10 10 178
16 5 23 23 7 3448
9 19 7 10 9 1572
15 19 25 14 7 1703
6 13 18 14 10 1416
23 18 18 22 2 43
17 15 23 17 10 3681
14 16 12 2 2 1035
24 25 23 23 10 534
15 2 3 17 7 3082
18 6 16 25 9 4625
20 19 10 9 4 2882
9 18 4 10 6 4539
8 7 10 17 8 4289
20 8 25 6 5 2218
13 15 9 8 9 2785
22 11 17 3 2 845
9 15 15 24 5 716
24 19 16 9 7 977
10 5 14 12 10 551
13 24 19 22 6 1384
14 7 11 23 2 3410
24 7 8 12 10 3553
7 15 25 16 5 1985
18 19 10 7 7 3950
22 19 20 10 7 2264
24 15 3 16 8 1873
23 8 16 6 8 2886
16 13 2 15 6 783
3 4 7 23 10 4009
19 5 21 11 7 3220
10 19 17 14 6 4788
5 2 4 22 7 4494
22 15 4 3 7 1535
5 25 6 23 2 4741
11 8 25 5 1 3781
7 9 5 7 2 2133
9 3 6 17 2 1078
12 18 9 22 7 3208
25 3 8 3 9 3706
23 4 5 14 9 3760
24 11 4 22 5 1650
20 2 12 15 3 3539
24 25 2 10 3 3036
19 24 4 25 10 4024
25 16 4 15 4 4233
11 6 15 6 10 24
19 4 11 20 6 3195
22 22 12 13 1 1755
8 3 14 16 6 2065
15 15 22 8 5 142
10 22 17 17 6 2009
7 4 8 10 9 3786
23 21 20 20 5 843
13 8 23 3 4 1916
17 17 25 11 9 3074
13 7 14 19 1 3542
14 15 20 22 1 4742
5 4 2 13 5 875
3 12 5 18 5 264
3 16 8 5 2 4545
6 23 23 25 4 3787
6 18 14 24 1 1616
22 5 16 3 7 1212
14 23 18 19 3 1759
11 18 8 8 5 311
8 14 14 10 2 3828
18 13 14 11 3 4986
6 5 22 14 2 3952
13 6 17 15 2 1667
5 18 4 17 3 1386
9 13 2 25 7 1073
16 20 17 4 5 656
8 16 3 19 6 1078
24 12 3 2 1 2146
11 18 13 17 4 1157
4 22 23 3 7 2796
6 12 9 16 7 4956
17 3 18 10 3 4755
13 22 11 5 8 1465
9 6 24 11 9 182
21 12 3 14 9 1177
20 5 4 2 2 530
12 20 13 19 2 3399
3 11 7 12 4 4858
15 5 5 19 5 4531
11 13 20 8 4 2516
18 25 24 19 7 2970
13 14 8 14 3 3121
3 20 24 2 8 3312
13 15 25 17 8 4496
18 16 22 14 3 3624
6 6 22 18 10 3947
9 22 11 23 8 3209
17 12 8 10 6 1427
5 24 14 7 1 3551
2 11 10 25 3 4834
18 22 19 2 10 3264
3 11 14 15 10 3511
