250
34 70 14 71 98 153
91 1 39 51 57 155
90 100 33 86 153 207
82 66 12 71 112 106
52 57 90 80 159 136
11 33 67 81 219 190
37 93 50 20 116 194
28 24 60 27 98 113
53 36 3 9 231 121
28 3 99 3 172 158
85 34 35 18 122 181
28 79 54 95 75 199
84 80 21 100 173 143
53 25 75 5 107 109
99 8 10 48 72 119
36 18 54 25 133 141
27 6 45 38 214 175
82 13 44 29 58 153
78 18 98 14 178 119
53 4 77 49 175 184
13 50 28 67 184 170
32 22 96 29 245 179
59 33 93 44 243 119
35 73 22 36 93 114
4 57 6 58 214 198
82 7 33 23 70 128
50 57 73 53 141 205
84 6 63 39 189 132
43 57 23 23 244 192
97 47 23 67 155 101
41 92 19 20 249 145
81 49 64 69 157 149
33 13 33 99 232 200
15 81 13 42 161 112
12 4 18 79 236 128
4 5 86 99 92 157
73 89 46 44 79 148
20 25 45 87 168 195
47 51 81 29 170 139
61 47 10 15 102 142
61 53 10 19 168 136
74 16 55 91 132 158
85 88 88 59 128 204
3 88 2 19 68 191
45 94 39 43 96 188
45 16 68 39 147 176
1 64 57 95 160 118
18 63 42 72 114 143
42 69 60 68 227 163
62 65 89 29 211 176
14 79 80 38 85 158
27 4 17 5 232 121
19 61 61 94 162 183
20 26 84 48 171 146
41 54 38 45 243 175
63 90 75 47 76 137
74 58 92 97 70 127
67 41 44 43 217 132
34 30 4 32 143 140
3 57 71 17 119 154
63 30 53 76 212 176
98 50 57 71 222 184
89 27 28 31 94 137
24 46 50 80 218 150
1 54 58 48 153 148
87 75 68 76 241 176
95 87 14 4 237 179
11 11 43 73 219 127
3 4 62 36 105 159
81 83 42 3 173 110
57 13 67 73 178 205
74 62 92 8 250 163
61 14 25 28 94 132
36 24 28 56 76 199
42 56 41 82 191 162
84 77 100 25 148 167
97 41 10 60 121 152
91 52 64 25 242 176
92 48 95 39 245 145
36 51 35 49 77 152
56 25 74 85 65 207
90 38 64 12 102 202
48 95 12 70 164 181
39 33 66 53 115 151
38 41 60 22 223 176
96 85 82 35 161 195
37 91 71 6 160 125
47 16 8 31 138 186
22 11 73 94 217 162
83 83 50 54 86 167
79 86 65 62 90 142
65 42 97 50 201 177
51 60 27 55 143 197
34 31 21 65 208 139
3 9 13 17 90 105
21 48 29 46 179 151
36 44 93 90 88 189
16 86 72 25 177 174
95 17 69 40 219 173
68 18 61 6 98 194
44 4 22 91 128 174
97 47 24 26 228 157
85 64 83 97 186 174
27 42 2 54 204 116
95 4 89 34 134 198
65 68 10 22 57 146
10 58 87 92 114 152
56 63 89 4 203 136
86 94 44 60 174 102
31 47 38 82 198 175
55 30 27 1 93 181
62 16 6 41 131 209
66 63 60 28 176 195
95 31 66 75 86 139
92 39 57 32 167 180
77 49 42 95 174 141
25 55 48 39 91 150
7 83 78 51 183 199
30 81 11 93 80 143
33 55 90 58 60 149
8 81 29 38 50 179
36 83 31 28 168 171
40 33 64 67 113 174
79 58 83 31 120 116
18 72 86 9 182 179
10 31 77 74 212 111
52 51 24 56 151 204
1 3 57 24 199 172
32 27 13 35 60 115
26 8 30 80 214 191
19 48 66 47 50 106
83 94 75 47 103 136
57 57 11 38 96 186
77 50 35 42 157 181
72 61 18 88 213 108
27 23 84 53 52 158
33 82 38 92 184 188
23 32 57 34 225 193
47 9 70 64 134 148
65 26 34 78 200 205
19 18 68 43 88 172
48 85 42 10 138 184
72 31 70 70 61 194
91 39 64 51 66 112
24 27 23 7 90 170
68 31 49 76 182 105
62 92 11 56 50 202
90 22 87 61 154 151
51 100 28 14 103 108
25 26 33 72 94 117
45 99 10 95 196 194
9 21 51 50 101 194
22 91 62 43 68 177
90 27 86 31 175 158
68 71 19 66 215 152
81 45 90 93 240 118
38 66 32 57 224 175
67 65 28 52 50 152
15 61 57 15 204 115
19 40 38 100 131 200
49 60 9 73 239 137
64 6 75 98 86 134
17 49 89 26 237 174
12 93 93 73 187 189
41 53 44 56 119 107
39 7 31 17 173 179
46 30 99 7 227 127
60 95 67 14 88 129
43 73 17 12 213 121
48 31 36 47 66 163
31 79 87 90 198 138
63 84 18 74 92 186
65 67 21 3 223 141
74 8 71 74 244 171
39 35 14 33 234 162
50 86 100 84 83 106
92 91 33 19 146 101
34 22 37 74 106 102
65 51 62 14 212 113
59 49 79 28 201 171
76 12 32 99 215 156
93 18 46 13 94 150
39 19 24 31 118 163
81 32 38 55 83 162
44 57 78 89 160 103
41 95 97 58 209 143
25 92 18 51 195 102
59 16 8 52 108 154
54 75 83 28 179 154
89 39 15 32 250 111
90 67 75 78 215 184
69 85 7 45 249 167
6 80 82 79 103 137
24 26 52 48 87 192
47 44 79 26 232 158
42 20 79 71 232 115
64 31 44 33 77 155
60 87 12 74 238 201
86 10 14 58 178 164
50 14 75 39 59 173
7 57 92 9 188 142
42 74 14 40 225 179
6 40 54 61 70 157
41 82 82 32 118 160
6 67 42 60 237 138
18 23 57 65 117 199
95 2 66 100 217 113
99 98 52 70 105 108
88 7 6 13 203 158
98 34 44 82 153 178
73 20 20 91 99 202
85 95 67 85 211 144
67 64 70 6 144 104
71 56 1 43 98 203
54 40 21 91 116 144
12 25 33 35 111 124
72 58 64 31 183 126
80 80 27 1 62 115
72 99 99 33 56 172
23 78 15 96 92 186
84 18 40 42 153 202
33 92 23 51 166 117
37 91 52 60 238 168
47 39 72 35 76 190
39 33 76 19 71 166
89 37 24 36 233 140
32 84 96 55 68 161
86 97 57 36 198 195
31 82 90 90 184 104
29 7 46 93 166 102
50 67 66 64 185 206
76 29 50 25 88 199
37 40 31 90 179 127
83 32 89 4 159 170
85 87 76 60 154 137
19 75 23 29 147 209
14 42 25 61 181 117
38 41 15 35 213 160
7 69 55 1 114 148
70 34 72 56 65 176
85 16 3 25 177 179
86 9 9 14 86 198
23 68 48 4 158 100
16 5 78 70 61 160
27 53 70 56 109 185
66 70 28 85 169 148
93 18 42 40 75 140
89 88 57 19 188 121
37 68 89 77 114 179
53 96 4 43 56 182
