200
65 44 49 50 8 45
67 14 29 67 3 16
29 74 56 36 4 26
62 19 58 90 10 22
89 100 43 93 6 86
15 82 83 42 4 29
62 56 14 68 1 25
78 43 16 21 2 34
95 59 50 18 7 61
91 24 16 100 10 50
36 72 30 91 9 88
25 20 58 60 10 69
74 88 33 20 1 85
32 91 40 39 10 145
99 12 45 50 6 53
79 75 79 30 7 123
31 64 96 24 5 123
22 74 12 100 2 59
28 71 15 54 8 84
33 78 95 47 3 189
43 72 54 52 9 244
96 92 41 26 2 182
17 16 94 78 2 110
49 11 25 24 4 64
78 41 50 68 6 286
83 55 81 67 8 451
11 47 98 41 6 81
86 48 60 64 1 342
18 67 78 28 8 143
11 75 46 63 2 105
64 94 50 73 8 401
31 29 35 12 7 101
48 84 19 49 9 180
96 58 91 24 1 213
18 51 61 77 2 165
89 32 17 85 10 160
18 73 70 92 10 192
86 35 78 74 3 377
31 56 93 37 8 305
11 88 22 14 1 103
56 78 100 79 2 694
83 23 90 48 6 273
97 90 80 79 6 1033
78 94 85 51 1 586
71 82 23 79 10 296
17 26 27 26 9 208
34 56 90 53 2 480
71 17 42 51 3 205
100 18 60 71 5 237
51 31 46 41 10 364
60 71 84 44 8 577
49 82 30 78 3 464
24 93 19 76 2 249
80 97 88 94 7 1031
82 48 23 90 3 342
27 53 55 18 2 275
43 52 99 53 6 635
67 65 98 84 3 1063
96 51 43 29 4 423
78 53 14 57 2 234
72 87 71 26 8 485
51 13 53 58 5 195
78 22 20 98 5 321
65 41 64 75 5 692
42 88 12 43 9 226
29 85 46 80 6 500
61 60 61 86 10 1092
11 74 17 34 4 196
69 59 24 95 6 440
91 57 49 85 8 1016
84 64 25 26 6 445
50 61 86 38 1 711
55 70 35 91 5 620
92 56 31 10 1 218
18 81 83 71 6 363
34 32 89 34 8 726
48 80 86 82 10 1106
52 41 58 43 8 756
48 35 61 58 5 638
15 56 83 19 3 343
82 72 69 52 2 1036
33 65 27 23 7 454
48 30 10 87 8 217
19 83 64 63 4 431
34 21 48 70 3 553
78 44 95 98 7 927
71 40 55 38 7 937
12 25 36 64 2 283
70 52 99 60 7 1247
75 65 93 12 6 316
79 90 29 48 2 714
85 43 50 80 10 1023
59 51 43 40 9 878
83 31 52 85 7 872
62 67 19 99 8 543
12 21 27 44 9 291
22 64 70 93 5 586
72 30 17 29 5 478
58 37 34 46 4 1019
43 99 13 29 5 303
66 44 75 25 5 689
97 48 61 88 6 1194
81 86 26 57 1 729
99 59 97 44 5 1114
63 53 68 24 7 708
36 34 50 46 5 1089
57 94 21 33 9 606
32 67 97 11 9 318
91 45 41 99 8 1089
19 30 10 23 3 259
94 23 64 23 5 703
93 24 19 57 5 572
29 71 70 22 8 696
88 31 74 24 1 733
66 64 28 69 2 902
79 48 64 88 4 1296
87 18 39 31 6 599
60 79 29 53 2 960
15 75 30 37 5 424
91 27 48 13 8 467
42 45 92 63 9 1531
37 83 65 87 8 1177
33 41 30 91 4 922
74 68 100 46 1 1323
77 15 90 94 3 556
73 10 98 88 8 370
45 29 53 20 5 590
39 69 18 60 8 543
27 33 42 66 2 866
52 94 100 23 5 792
76 26 50 24 8 858
49 69 23 67 7 902
19 70 50 71 10 616
74 79 73 10 5 335
57 97 15 66 5 485
58 94 45 64 6 1679
40 38 69 19 8 723
39 94 50 47 8 1294
15 68 52 56 6 486
39 69 50 55 8 1236
42 44 60 66 2 1754
83 66 41 75 8 1432
19 20 31 41 3 787
28 10 12 11 1 431
73 11 11 25 9 391
56 50 93 91 4 1937
19 41 30 67 10 693
93 32 48 62 6 1186
90 53 85 60 5 2239
88 10 35 70 5 391
40 63 50 34 2 1165
91 65 82 98 6 2465
13 53 26 97 1 475
59 50 34 20 3 914
40 11 18 37 3 481
72 84 30 31 6 1280
44 41 12 91 8 564
15 31 53 79 8 542
49 77 75 56 10 1774
69 92 10 68 9 406
47 93 79 91 4 1967
98 39 20 32 3 778
29 68 77 100 4 1366
79 25 85 43 4 976
21 33 35 40 1 803
88 43 44 39 7 1623
32 93 19 77 9 838
30 64 99 48 6 1280
41 44 86 23 4 1130
20 73 51 55 9 819
66 53 58 17 6 798
78 88 80 70 2 3211
72 41 51 70 10 2050
34 34 96 33 10 1644
31 16 77 63 8 684
94 21 47 29 2 1066
15 11 30 23 10 556
43 50 20 22 5 1055
71 84 76 56 5 2926
99 68 59 61 9 2936
69 92 94 73 8 3772
58 86 73 74 7 3096
87 78 45 44 6 1850
100 48 30 73 2 1451
39 87 41 45 4 1709
73 87 88 38 9 1742
80 52 58 54 10 2696
55 52 52 30 5 1525
57 10 93 30 1 473
58 65 70 68 10 3248
37 37 90 67 1 1947
80 92 80 96 10 3655
22 90 36 50 9 1026
31 76 72 19 2 1089
69 11 13 77 8 577
81 26 44 43 6 1289
88 75 22 45 2 1090
28 95 33 19 7 1106
47 83 71 24 10 1283
96 81 52 45 5 2445
