150
53 73 26 61 4 564
36 28 87 72 72 1586
5 84 48 72 83 1843
18 53 95 74 77 801
97 17 6 92 11 569
16 36 18 42 82 1414
16 73 100 34 6 1489
11 80 76 6 71 1252
6 98 27 86 73 1459
68 77 32 25 47 1858
33 63 37 47 75 500
86 31 42 9 11 889
30 59 30 96 23 1585
49 32 9 21 67 1369
59 53 61 4 5 1583
42 86 4 88 81 585
15 75 42 88 36 594
52 75 8 100 77 421
24 44 37 78 95 875
9 78 88 44 11 1100
39 18 41 65 21 1180
18 37 26 44 52 422
94 95 52 34 23 692
60 76 33 68 56 1502
77 87 34 4 63 290
32 85 6 27 37 1119
17 72 55 27 6 279
9 36 54 70 27 549
63 14 18 22 22 1369
25 57 90 49 56 226
71 66 92 55 50 1108
16 30 60 23 63 1591
47 24 98 33 59 378
78 74 68 23 6 854
88 32 48 28 83 846
41 60 21 71 100 823
26 64 86 54 37 1690
10 35 57 12 14 1446
87 91 11 45 47 113
83 23 24 41 17 480
2 47 84 17 29 462
9 41 98 88 21 1564
8 51 81 53 51 1589
94 55 48 84 29 272
37 31 60 43 90 540
8 78 68 51 66 1164
37 73 44 97 80 1635
86 19 85 96 63 469
62 70 78 66 28 1316
20 99 57 11 50 394
34 65 57 1 63 1707
95 31 45 28 27 862
85 97 26 33 64 1330
20 38 80 28 8 701
37 32 4 62 2 1709
60 54 43 6 80 1307
65 34 52 96 32 1287
21 91 15 43 67 510
94 54 96 44 2 1693
33 87 2 94 26 647
91 32 36 10 58 541
10 55 26 71 52 492
81 93 61 76 11 118
49 58 77 13 96 946
17 73 87 79 30 434
38 33 93 17 16 1135
8 5 12 95 61 1507
23 11 20 65 4 1072
36 93 57 97 14 209
60 24 33 15 30 1169
80 86 76 28 27 1689
21 2 8 33 12 1033
80 56 44 12 38 157
81 38 45 19 6 1204
39 68 54 21 55 197
28 46 85 23 50 1569
3 87 26 56 12 1056
70 32 58 25 22 666
91 93 51 14 90 1774
55 32 70 40 70 1694
31 19 4 72 59 168
42 46 6 12 30 276
43 38 39 48 10 1210
38 21 98 48 55 1300
65 1 47 98 43 1518
51 44 33 16 59 1819
89 7 60 32 98 1512
19 62 46 67 15 569
59 89 46 4 100 317
97 85 77 85 23 1574
48 4 84 11 10 749
87 24 90 4 11 239
38 31 4 71 69 599
20 25 45 1 46 1465
32 40 26 46 51 1409
63 84 28 92 96 102
76 48 75 100 81 878
42 18 21 90 9 937
65 74 80 82 98 921
90 71 92 22 93 234
66 84 59 53 99 1322
64 93 77 83 43 637
98 92 65 42 92 1612
40 47 75 6 62 591
26 72 8 46 46 381
60 10 97 32 73 1376
70 24 48 37 94 524
93 36 41 65 42 714
34 92 51 43 15 1063
29 37 56 52 58 799
37 99 45 100 20 1586
47 43 97 93 10 507
76 76 86 99 58 1052
49 66 38 98 31 746
22 88 88 24 18 512
66 94 30 81 84 1155
2 57 31 94 34 1701
14 45 88 18 78 1666
27 70 44 11 100 839
32 17 12 70 41 1643
4 80 71 20 84 1409
53 52 56 47 27 224
61 33 14 57 11 769
52 48 41 61 52 1679
91 99 75 1 96 1811
6 40 53 56 97 1650
65 21 69 41 90 1028
91 17 86 10 32 236
75 90 87 63 12 1630
15 49 98 29 6 1763
95 64 30 66 34 944
45 46 18 68 37 217
64 100 21 46 96 337
43 68 6 62 50 1729
16 50 78 95 7 566
11 41 91 80 16 524
71 45 22 35 96 255
64 43 64 88 18 478
25 62 54 55 93 898
19 47 61 16 1 1428
84 67 65 41 92 1623
37 54 66 82 95 683
81 93 34 38 72 1375
3 35 98 70 85 313
98 16 23 53 91 1675
71 11 14 61 77 1279
21 42 45 75 58 1007
4 81 24 46 100 1332
4 90 49 57 34 1528
98 86 76 57 54 1538
