250
5 93 7 42 23 2300
71 23 99 32 21 1666
71 40 26 71 90 508
96 73 62 15 3 302
87 64 90 51 31 1398
3 30 40 56 32 700
99 6 92 84 65 1802
31 19 39 46 63 1546
30 22 20 69 80 2806
63 47 83 2 51 1864
81 43 16 83 34 1251
31 26 64 99 51 1942
38 19 39 9 10 643
52 71 26 60 48 1040
54 30 82 2 20 2596
75 79 68 18 6 1191
5 57 23 28 72 1545
28 79 89 49 25 1386
42 77 23 80 85 2183
59 70 89 29 53 1272
10 66 47 36 46 2388
47 21 83 60 15 2385
85 23 23 10 35 2510
35 42 94 91 2 279
72 96 22 59 62 2005
77 60 49 39 3 2798
67 26 28 38 71 841
42 89 40 77 19 1220
81 17 26 44 60 2159
61 74 2 23 85 1094
69 49 16 94 24 3053
61 42 44 93 26 620
98 27 76 83 5 2103
80 10 31 24 37 1583
74 47 19 81 86 2735
24 50 20 54 9 2851
13 22 52 14 79 2678
20 15 96 68 90 467
39 24 99 45 66 1502
40 20 6 55 74 2732
35 35 35 74 48 2068
80 45 38 72 34 1700
22 1 24 43 35 950
44 10 26 98 27 613
36 50 100 52 24 391
79 83 42 42 12 1172
9 87 28 27 28 1452
66 75 4 85 54 2794
4 99 43 57 83 2214
53 95 84 99 94 1872
62 24 9 15 13 175
35 91 60 93 41 2025
52 23 70 25 87 1631
86 23 40 15 13 1768
7 85 34 81 91 1149
43 70 93 49 18 175
74 27 90 67 12 3102
79 78 36 94 74 791
99 61 13 73 93 126
93 86 77 84 60 1939
66 46 79 19 52 2629
93 27 63 94 47 1025
7 31 65 71 86 3021
5 55 49 35 3 2563
52 42 51 55 99 1994
53 86 40 46 73 731
68 64 29 35 100 2687
67 45 59 11 21 2136
22 90 86 5 81 2312
20 9 95 8 50 2463
51 62 35 67 87 334
60 97 100 25 86 2636
77 81 18 53 60 1433
46 12 100 57 78 134
51 84 27 29 66 706
94 75 34 15 14 2408
35 64 47 43 73 1071
57 5 17 55 42 2989
97 20 23 6 61 2782
23 78 88 36 51 2650
90 20 66 17 76 3005
89 86 76 8 63 1785
38 18 36 38 57 2558
41 46 75 66 89 2921
40 31 78 11 71 2000
11 77 7 25 22 462
15 43 43 62 43 1171
33 79 87 39 77 2932
50 55 38 74 93 342
76 36 27 74 45 2538
13 13 64 83 30 377
94 15 16 11 53 827
77 21 66 21 42 2275
31 96 30 19 47 2705
25 42 73 89 54 920
76 49 22 49 32 1768
65 44 36 39 87 2158
6 74 24 46 27 648
49 82 96 6 78 892
64 85 91 21 96 805
67 55 7 22 14 1492
27 93 83 61 28 2289
52 16 9 56 83 3080
39 57 9 84 48 1870
28 14 76 25 59 1439
30 2 27 32 80 2221
87 27 45 27 46 2289
70 72 83 96 41 414
80 40 51 91 85 663
46 31 59 13 29 1281
87 13 57 62 19 1225
67 88 100 96 85 1807
90 61 15 41 71 192
24 48 91 75 56 2892
39 64 44 20 62 3106
28 34 21 77 33 798
22 47 84 88 55 2313
51 8 19 74 53 2058
68 20 91 55 72 2503
23 91 99 78 47 362
49 17 2 74 66 746
51 56 60 70 24 454
81 47 97 53 30 1909
77 48 87 3 34 1939
50 93 84 49 85 1626
44 26 99 6 29 502
65 25 52 93 74 1533
63 26 22 16 58 1415
13 28 89 2 73 1182
23 18 41 50 36 165
24 60 89 21 78 2726
13 32 96 39 66 2063
96 10 92 75 81 380
39 54 98 41 89 361
69 37 24 16 1 820
55 23 59 66 59 1848
47 49 72 41 91 528
90 50 91 89 4 1832
32 58 85 16 13 257
89 56 48 26 5 2419
95 14 49 71 79 436
68 63 93 63 94 493
98 36 5 85 44 2634
83 67 21 51 35 1809
12 22 30 33 16 2838
1 8 77 62 82 1460
93 34 28 2 36 179
60 16 43 72 80 645
73 9 35 22 82 2517
11 39 41 82 66 596
14 18 17 95 55 2163
68 9 4 64 8 305
42 61 38 66 66 1287
98 24 2 74 53 2694
69 78 89 24 35 577
78 88 30 34 32 2921
96 29 54 80 8 162
42 77 100 50 44 1665
59 90 61 54 5 2786
96 39 2 71 55 1251
47 53 10 60 1 2194
59 25 85 85 21 3057
27 76 32 10 85 1349
55 80 53 93 21 300
15 18 84 55 77 2694
30 65 98 17 70 1823
54 27 57 6 68 2577
18 44 80 20 4 399
22 35 100 45 70 3103
16 51 52 78 68 2337
25 45 6 39 24 2171
79 47 99 32 48 2584
75 8 27 89 93 2822
78 87 80 45 93 2844
50 95 74 57 53 3116
33 3 91 32 36 2555
12 77 71 67 82 211
89 100 66 38 97 1614
72 22 42 25 60 1844
16 64 40 77 11 733
96 78 13 88 9 1115
41 40 23 61 54 229
51 45 77 17 55 658
92 91 70 69 94 2876
78 19 58 33 32 2949
3 10 26 10 48 180
59 40 63 25 63 1936
25 28 53 35 7 1712
31 50 20 59 60 2534
36 79 8 96 50 1661
15 84 54 95 74 1532
4 41 3 27 42 710
15 77 21 22 93 693
32 39 3 45 50 2953
57 95 13 45 42 1028
2 53 68 98 60 2343
63 87 70 29 100 2255
34 94 23 59 8 2580
19 76 2 91 4 1976
57 63 58 89 26 1002
91 87 49 7 40 119
55 73 7 65 50 2652
16 18 14 36 98 2477
47 16 24 9 9 994
30 100 69 11 24 1397
3 23 18 57 56 1227
21 16 10 85 78 1052
40 51 37 82 30 577
42 49 78 37 86 548
89 41 80 55 48 3034
55 3 6 34 70 695
57 45 85 42 14 2854
42 89 95 18 15 1445
62 63 15 22 40 240
63 30 94 70 98 1316
85 99 85 23 74 200
63 60 82 74 86 3100
58 93 56 4 28 1675
10 24 92 63 8 814
71 85 94 18 60 998
99 82 16 50 18 1818
26 50 48 53 95 1658
15 43 57 100 28 2680
19 97 86 4 64 2045
34 91 78 18 68 2048
98 87 29 88 10 2287
43 94 75 18 36 1980
34 15 52 46 90 2646
55 34 53 35 7 2676
71 22 16 28 97 1612
15 39 82 25 65 1044
86 6 84 73 71 2540
94 25 26 55 83 2428
59 46 65 32 9 1757
73 18 80 77 49 1458
38 50 8 27 28 671
15 48 59 21 9 305
10 8 39 34 48 2168
29 91 65 12 52 1791
47 24 90 71 5 2521
85 65 47 32 43 733
96 56 58 30 34 2845
67 28 60 31 20 1785
4 86 28 46 2 1097
88 82 42 99 4 583
85 15 79 67 84 2933
59 98 53 66 74 2381
17 37 42 99 75 1217
16 28 37 45 23 2161
36 61 89 15 100 2626
