350
23 49 8 19 11 459
27 13 23 27 16 333
10 31 21 29 8 249
14 14 8 7 2 129
49 18 12 8 14 246
8 39 39 20 3 449
46 7 17 26 11 400
28 14 48 11 6 336
23 29 26 7 16 460
30 37 48 47 9 154
25 36 39 28 5 463
33 7 32 5 3 356
6 49 33 19 15 247
22 5 28 8 9 212
24 31 30 22 12 183
15 14 44 13 13 223
43 30 7 22 14 148
16 42 8 15 8 197
16 45 28 38 13 107
33 37 12 19 6 489
24 35 28 39 20 250
38 47 23 19 2 500
40 20 9 12 7 259
46 22 6 24 19 198
34 8 38 39 2 491
21 33 13 14 9 472
17 49 16 10 20 331
13 28 26 11 15 229
48 20 25 13 3 476
33 18 28 10 9 495
45 21 19 43 5 420
25 5 20 18 16 211
32 37 39 12 16 432
14 18 42 38 15 382
18 17 6 17 1 192
34 45 12 42 3 473
44 9 7 24 11 418
46 46 43 20 2 372
29 24 43 46 8 236
22 45 19 40 7 351
6 22 37 26 20 281
9 19 13 9 20 227
12 35 23 14 19 247
44 35 31 15 2 348
30 15 25 24 11 364
47 15 46 41 14 251
46 21 34 5 3 383
12 46 34 28 13 367
30 9 43 8 1 252
42 22 40 24 11 250
27 14 44 42 6 409
16 50 49 13 6 160
31 41 43 15 16 383
34 24 11 28 15 325
5 42 27 16 7 223
35 27 13 29 9 294
12 18 10 26 4 441
42 26 21 30 5 442
27 7 20 35 19 382
50 8 46 26 3 465
15 11 29 24 9 245
18 42 34 43 3 132
39 42 44 50 20 322
22 33 25 40 9 121
9 21 35 16 3 146
8 28 26 31 3 380
42 26 6 22 15 130
47 27 36 19 13 156
45 5 39 20 5 477
31 21 22 36 15 155
23 32 34 31 12 229
41 42 35 34 3 181
42 25 17 38 6 144
36 41 46 9 13 405
28 24 31 37 19 496
47 18 12 25 15 172
25 5 7 12 6 262
41 8 33 35 16 154
28 38 39 35 5 399
15 41 11 12 20 226
18 8 18 25 20 373
33 39 11 49 1 391
17 41 35 24 6 129
37 16 5 40 16 389
41 18 12 10 6 299
42 23 25 40 13 212
38 47 43 9 11 476
20 18 32 12 4 266
15 27 27 26 18 311
31 9 43 37 3 424
15 16 8 47 3 338
20 24 17 20 6 486
10 34 19 29 13 486
18 36 27 5 17 276
25 21 38 10 12 105
50 36 50 21 9 392
45 17 5 29 2 382
34 29 30 27 14 162
24 42 36 20 16 476
41 29 16 15 6 379
6 43 39 33 13 251
20 7 44 44 17 321
38 38 26 26 9 288
41 10 12 18 9 332
46 16 48 50 16 174
48 27 28 22 20 434
43 39 46 25 13 398
28 9 27 25 15 206
11 47 6 13 3 264
47 32 11 24 7 486
31 32 42 42 11 148
44 13 10 36 7 378
48 32 34 27 14 105
31 22 8 27 10 457
30 15 16 46 2 123
10 12 34 7 20 156
24 34 16 39 2 484
15 24 29 47 17 491
49 45 33 38 4 160
9 9 26 42 8 312
32 23 21 36 10 449
9 43 21 39 6 364
9 8 29 50 9 333
39 46 42 17 9 199
36 20 16 12 6 337
49 18 13 13 8 436
19 34 20 17 1 313
44 8 12 35 16 443
40 39 7 14 18 227
21 39 11 30 9 225
46 46 27 25 18 441
34 8 40 49 4 479
6 31 14 38 20 360
17 50 27 7 10 174
30 24 11 19 16 264
27 24 42 19 9 249
31 34 42 40 7 103
48 23 30 47 13 388
27 45 7 19 2 488
40 42 20 27 15 463
7 49 9 11 12 281
16 10 38 38 3 107
37 37 31 24 10 297
15 21 5 34 14 384
29 45 27 26 13 289
10 36 30 18 11 371
47 8 44 36 6 181
46 15 7 19 14 422
27 9 43 23 18 281
30 48 49 20 16 273
34 39 9 26 5 383
30 45 28 31 13 360
28 21 38 46 13 499
21 49 35 17 7 309
23 5 45 11 1 251
6 40 8 30 15 453
12 6 25 37 14 395
7 11 48 34 20 338
47 5 50 17 20 148
37 21 43 41 15 448
31 41 19 47 15 432
46 26 6 17 5 454
23 20 14 30 2 379
13 40 46 12 10 211
22 26 11 17 3 193
45 15 10 40 2 266
34 29 14 17 19 458
32 7 18 43 20 192
14 10 35 14 19 183
17 27 47 36 7 320
42 49 11 15 6 138
42 20 34 32 17 100
18 20 15 16 6 165
36 14 27 13 6 305
50 24 21 44 17 495
16 46 22 8 19 274
38 38 35 43 5 223
49 37 42 49 1 277
33 15 6 39 14 166
45 29 19 10 5 393
16 27 14 36 20 383
47 14 43 12 1 267
25 22 29 38 10 271
48 18 14 14 4 259
28 23 10 21 16 419
32 40 17 30 14 472
35 10 25 16 8 280
33 27 34 45 17 273
19 27 35 43 20 223
29 49 16 15 11 295
24 22 12 27 5 396
19 33 14 10 17 328
25 39 9 33 1 279
5 31 16 44 11 322
40 31 45 16 13 226
35 39 50 10 8 238
41 34 42 30 20 333
8 32 5 36 3 451
20 7 30 18 12 258
11 5 38 29 18 500
29 11 14 23 16 205
17 35 40 22 8 327
18 27 45 42 19 102
43 16 11 8 1 297
24 42 31 21 10 395
29 16 43 27 1 159
34 46 27 27 7 238
5 50 20 11 17 382
34 27 34 16 16 429
10 29 7 33 18 376
25 8 28 7 4 363
16 48 28 17 11 497
16 14 16 30 3 151
43 23 34 21 10 390
30 41 32 28 19 323
30 18 33 45 15 326
7 27 8 14 9 358
15 47 26 36 11 449
27 14 12 11 18 167
24 8 40 47 17 412
7 14 32 20 10 191
39 6 33 15 2 219
11 33 12 15 5 471
17 36 44 13 15 491
27 48 16 46 1 465
19 43 10 44 10 500
8 45 28 39 10 266
20 23 43 16 9 300
22 33 25 48 9 200
23 46 47 15 1 463
49 9 33 5 15 416
35 46 29 9 2 159
42 19 17 50 18 140
45 36 44 30 12 136
16 43 21 12 16 161
45 23 48 31 4 369
13 16 8 35 1 173
17 17 47 22 17 209
44 25 10 42 4 352
18 38 43 43 18 219
36 48 32 10 11 362
6 18 21 7 4 432
28 39 6 17 19 290
16 24 22 45 6 325
21 32 41 26 13 241
15 12 45 32 15 272
27 36 46 9 9 317
50 9 43 8 10 481
50 10 47 46 10 301
17 31 39 47 18 159
37 42 47 22 18 167
35 34 38 49 8 221
45 5 36 19 6 341
31 26 41 43 19 425
12 16 21 16 15 491
13 8 20 21 4 254
19 35 36 17 5 277
45 5 8 32 1 117
47 32 45 27 15 286
28 18 49 43 7 363
31 35 8 27 2 425
35 9 32 27 19 190
42 44 47 41 13 113
44 29 13 16 9 205
40 38 31 18 13 459
10 40 17 26 20 121
15 24 19 12 17 417
14 8 21 22 6 183
39 25 49 21 17 236
8 18 21 19 6 187
40 10 38 41 12 370
27 39 41 16 12 206
44 24 38 15 12 468
23 16 37 37 4 176
5 47 47 40 4 172
50 27 11 45 14 340
37 38 12 42 3 363
9 28 47 11 13 323
43 12 44 12 19 479
29 13 26 15 12 230
31 45 19 30 1 411
42 24 39 15 20 186
50 49 49 6 15 259
44 45 34 49 4 267
12 40 20 16 6 371
12 48 24 5 3 120
30 25 30 35 14 451
35 47 33 27 14 491
33 16 42 9 17 447
47 37 28 44 17 443
10 37 44 5 1 188
48 31 10 22 8 200
44 25 41 29 12 410
44 31 24 7 1 304
35 7 37 5 14 463
40 14 33 34 18 402
7 39 31 9 14 312
32 41 22 5 4 324
7 15 47 35 3 299
5 35 30 38 10 434
27 23 41 36 11 127
34 36 35 40 3 148
13 35 43 8 5 204
24 27 37 37 7 242
27 9 35 46 10 230
35 6 16 38 18 220
7 44 21 19 2 151
29 17 40 31 18 293
50 29 34 20 7 301
12 23 11 27 8 500
36 27 21 25 11 160
48 50 39 27 11 331
12 16 31 10 6 158
37 45 47 43 3 118
26 48 45 13 9 421
48 41 11 33 4 434
44 22 49 15 6 235
22 11 46 47 1 410
25 31 37 49 19 323
11 12 11 11 16 362
12 8 47 47 12 163
27 42 47 10 10 424
12 42 15 19 13 181
43 14 27 41 17 250
28 37 32 22 18 491
50 8 10 40 5 462
49 7 24 24 1 312
7 9 8 12 16 438
50 42 9 35 4 184
5 33 23 43 16 318
49 38 14 47 8 198
50 37 41 41 5 374
30 33 32 46 4 286
36 28 50 10 18 297
5 46 32 19 16 429
7 28 8 21 16 395
21 33 12 29 19 500
40 46 21 46 11 454
19 8 21 21 1 459
39 44 21 37 1 367
16 29 30 5 12 266
40 34 39 15 17 232
27 12 15 36 14 219
48 22 43 37 14 378
28 44 11 13 15 178
28 16 15 20 9 301
5 28 48 48 14 428
18 14 40 12 8 465
47 44 19 21 8 235
30 13 7 28 6 110
