300
1 24 40 16 6 141
17 46 7 43 8 147
35 5 49 8 3 91
17 4 21 41 7 139
26 27 25 21 8 89
35 48 27 34 2 104
47 37 34 13 6 119
15 14 37 20 3 167
12 27 2 19 2 141
6 25 36 41 7 127
39 2 23 40 2 59
35 21 20 18 9 166
1 19 39 25 5 83
9 8 44 48 1 95
33 3 17 13 9 115
13 21 1 11 5 96
32 43 39 43 6 183
34 18 25 33 3 151
32 5 6 22 9 115
41 43 13 18 1 61
40 19 9 2 3 112
11 21 14 48 8 194
12 41 4 32 9 74
28 21 47 15 3 185
6 32 44 23 1 190
3 26 5 18 1 101
7 4 36 37 9 125
12 43 36 41 7 167
6 50 30 46 7 194
30 34 25 12 6 160
6 5 19 14 6 118
12 7 22 48 10 152
26 33 21 35 6 100
7 3 35 29 9 96
24 8 26 48 10 141
48 12 6 47 3 184
32 26 42 33 2 86
29 42 2 30 8 187
11 44 25 20 5 62
46 2 22 10 1 98
34 14 28 4 8 150
41 17 20 14 2 112
44 30 46 17 3 51
12 10 32 36 7 143
23 1 3 38 10 178
19 29 4 30 9 150
48 30 27 34 2 114
10 45 35 22 6 168
33 17 34 21 1 193
3 23 6 15 6 142
5 8 27 29 3 77
45 34 12 30 10 124
5 14 1 18 7 178
3 42 50 27 3 75
41 5 35 22 10 51
35 10 3 28 9 133
33 44 35 50 3 137
47 7 38 26 8 56
38 46 36 4 1 74
40 18 13 14 2 131
14 12 38 3 3 134
26 36 31 38 5 110
48 46 45 5 3 82
8 24 48 45 3 98
37 11 20 49 10 150
2 40 18 48 1 99
18 1 49 23 1 165
12 21 50 44 2 126
25 7 18 31 7 182
46 21 29 49 8 117
10 15 8 20 4 70
48 46 42 48 10 197
18 17 27 24 4 58
44 4 3 12 1 125
42 26 27 49 9 50
26 15 12 20 3 82
35 24 5 23 2 65
36 49 36 1 3 109
8 35 36 36 7 191
30 6 23 31 7 89
14 38 42 3 2 73
40 18 39 18 8 53
43 36 28 35 8 74
44 33 38 40 7 55
28 45 8 7 3 71
32 44 8 46 3 148
46 7 19 5 2 194
49 47 14 38 8 75
6 25 45 7 4 149
15 22 30 47 5 65
29 30 15 41 9 83
41 27 16 11 3 74
50 36 16 29 8 130
33 25 17 15 9 139
17 41 28 28 2 71
4 34 20 46 3 125
6 4 19 27 3 81
14 13 18 15 6 186
39 31 8 47 3 189
42 26 15 41 6 80
26 9 33 49 10 77
20 9 31 5 10 192
44 43 23 10 2 109
23 41 31 37 3 102
28 39 21 12 7 179
38 14 40 26 3 141
7 38 6 11 9 173
18 15 10 32 1 163
39 5 31 15 6 126
22 30 10 32 5 194
13 21 29 32 5 75
8 25 44 46 8 189
38 44 7 41 3 144
36 36 27 21 8 120
10 16 45 22 6 142
15 1 43 20 8 84
36 36 37 3 7 198
29 17 13 31 6 171
47 42 16 34 4 144
41 1 28 19 5 198
49 49 22 45 1 128
38 17 46 24 10 144
43 24 3 43 7 180
27 39 23 25 1 100
14 43 4 24 5 69
11 19 3 21 2 57
35 13 9 44 1 180
50 9 5 41 10 176
27 35 36 1 5 91
12 33 2 38 8 172
6 5 44 2 6 108
1 3 11 34 2 147
6 39 18 28 5 131
15 15 8 35 10 53
10 41 5 36 7 69
27 35 47 11 6 185
48 20 28 16 10 170
5 37 3 12 4 75
8 14 3 8 2 123
37 45 30 48 1 162
14 11 25 36 4 124
42 35 19 18 8 116
5 2 33 41 10 70
16 6 26 7 9 66
10 7 39 6 2 184
41 39 22 24 1 126
7 9 31 43 1 55
43 32 25 36 8 97
12 7 21 43 9 131
26 8 2 20 9 179
41 18 29 32 10 64
32 50 37 33 1 78
6 20 31 2 4 90
38 23 3 3 4 160
50 38 25 36 10 130
43 12 49 27 2 55
20 47 3 47 8 92
47 6 48 24 8 200
9 4 47 13 2 168
15 23 34 6 2 130
42 16 5 41 2 186
11 32 18 32 5 68
10 29 10 17 3 73
9 34 27 11 10 70
20 29 9 36 3 87
29 18 31 49 6 55
1 37 6 29 5 197
25 42 37 11 9 101
25 1 28 40 5 89
28 14 3 10 10 194
35 22 47 20 2 71
32 26 24 20 3 190
12 45 41 48 2 145
23 22 29 29 3 58
18 47 11 7 4 166
20 20 26 45 3 80
35 45 19 23 1 63
28 3 44 17 7 129
15 47 49 19 9 162
40 3 20 44 4 182
16 16 48 32 8 200
2 42 16 44 1 190
14 48 30 43 7 62
14 32 35 44 9 53
32 3 44 8 6 180
1 22 23 41 3 118
11 12 15 17 10 148
6 19 39 33 10 194
22 37 6 1 5 109
39 3 9 5 5 84
29 16 26 44 9 170
21 4 19 2 10 191
19 2 32 17 10 152
2 27 24 6 4 53
11 24 23 1 6 63
37 36 10 9 2 141
8 42 47 27 9 160
40 27 41 46 2 184
50 7 26 21 2 73
19 16 42 7 1 70
16 13 35 47 10 154
26 16 30 38 10 64
7 42 50 22 9 97
14 27 48 1 9 104
40 43 17 48 5 67
23 7 15 13 5 109
10 2 26 5 1 173
14 7 20 15 8 94
46 40 17 17 8 175
31 48 23 30 2 139
32 20 44 11 1 194
23 45 33 47 3 153
30 25 19 48 3 81
21 16 3 1 3 137
43 5 28 47 10 140
1 7 15 19 8 115
12 47 33 8 7 119
3 6 12 45 1 83
5 7 1 27 10 145
3 42 38 4 6 117
35 11 30 21 8 123
33 31 39 8 4 67
1 29 22 43 6 135
10 27 34 8 6 65
45 10 7 33 5 96
1 30 15 33 3 53
28 17 47 17 2 139
32 43 33 35 2 51
2 7 24 48 3 73
7 8 13 34 7 117
9 9 1 5 4 167
18 27 16 5 8 127
29 16 27 25 1 124
26 4 7 18 7 92
37 47 43 43 4 166
6 48 32 8 10 145
40 31 30 25 6 99
13 28 2 11 3 110
20 18 20 27 3 116
28 44 29 15 7 198
29 26 30 16 3 101
26 41 31 44 10 63
9 34 17 42 7 194
33 32 6 5 1 198
36 13 7 8 9 55
30 10 32 46 3 191
20 20 28 45 3 171
2 25 41 15 1 193
3 8 23 37 4 94
36 44 17 42 10 196
16 26 8 5 8 56
1 4 37 28 1 51
36 16 44 36 10 55
39 4 25 42 5 174
48 16 4 2 1 118
9 13 11 33 10 169
30 24 33 35 9 168
13 19 39 9 1 109
42 28 26 32 10 137
29 37 15 23 8 110
8 38 44 41 8 65
29 47 21 10 6 119
4 50 1 38 2 192
27 37 3 44 2 81
44 35 2 25 9 162
7 1 8 10 5 194
24 26 49 48 8 187
24 47 48 5 3 109
2 40 43 49 5 198
32 9 1 41 5 181
48 6 45 5 4 80
24 3 41 24 1 105
46 49 43 17 5 176
49 19 31 35 1 86
3 38 3 34 4 133
7 11 28 1 6 200
17 9 32 28 9 197
32 45 20 35 4 130
50 28 38 45 10 126
3 29 21 25 10 107
26 44 7 2 4 141
48 32 21 25 5 148
25 12 48 37 7 176
15 29 28 10 8 99
5 23 12 8 5 178
9 39 23 34 7 82
7 22 17 14 10 117
29 40 11 30 3 80
14 34 6 22 3 88
46 30 11 17 4 157
44 24 30 33 4 62
28 20 3 14 9 101
27 6 27 30 3 162
49 31 42 34 10 177
14 47 4 27 10 183
47 12 33 7 9 145
12 17 7 46 8 137
38 30 33 26 1 188
46 35 24 9 9 182
34 35 29 28 2 173
