50
67 75 70 104 3 1740
90 75 110 162 7 1080
33 29 36 46 2 1680
139 125 149 202 2 1440
73 71 85 124 4 60
55 51 66 71 2 2340
66 58 85 113 4 1320
46 39 55 61 2 2400
50 51 64 83 2 360
130 134 137 213 4 2940
41 40 47 70 4 1140
191 187 202 269 2 3240
157 146 162 258 3 3000
100 98 106 140 2 1440
53 54 73 84 1 780
142 146 153 200 2 3600
41 39 58 61 2 2220
74 79 75 106 3 4140
90 97 99 135 3 4380
48 40 61 80 7 240
122 139 154 185 2 4200
41 37 50 62 1 2100
106 115 121 165 2 2340
45 36 53 72 4 900
60 57 67 85 1 1320
203 172 184 261 3 3060
43 35 48 62 1 2340
37 29 41 62 6 900
58 48 62 88 2 2820
47 40 58 70 1 2580
116 113 119 165 2 1740
59 57 79 87 2 720
164 145 154 244 3 1620
67 69 76 119 3 1500
44 45 58 65 2 2040
156 144 135 229 3 3000
55 51 72 98 5 660
43 44 56 72 2 840
133 136 125 178 2 2640
224 224 203 310 3 4620
36 34 39 48 2 1740
78 71 91 132 6 240
48 43 57 82 1 780
60 53 68 84 1 2760
61 56 70 102 4 960
168 154 160 237 3 3180
57 48 61 76 2 180
79 87 83 125 2 1500
125 119 114 174 3 4200
147 138 156 220 3 1800
