150
8 8 7 14 3 529
3 15 23 20 2 608
19 7 9 18 8 1028
4 24 20 25 8 1111
7 6 13 11 9 1033
2 18 10 25 7 608
3 14 3 3 5 1040
6 12 4 10 4 191
24 19 19 2 9 1045
24 7 16 13 2 237
17 5 21 18 10 676
16 18 25 14 8 74
23 3 14 16 5 66
7 13 14 8 4 1482
16 25 11 15 3 1312
9 6 12 5 6 246
12 5 2 16 3 877
22 18 9 13 5 564
11 5 24 24 1 1273
12 3 10 21 10 926
17 20 8 2 9 1282
15 25 19 12 2 1400
22 15 19 13 7 1207
10 7 3 25 6 1054
12 21 7 16 5 1229
8 24 11 15 4 582
16 21 22 9 1 181
15 5 18 12 3 1072
12 18 12 16 10 1172
7 3 10 18 3 1019
5 7 21 22 8 827
8 4 19 17 5 405
21 19 19 16 5 493
19 25 9 25 3 803
8 24 6 7 10 594
18 2 22 25 8 899
23 21 4 14 7 409
16 14 24 24 4 897
21 24 18 23 6 389
8 22 13 5 5 1305
20 17 19 11 2 1397
22 19 6 15 6 222
20 5 17 7 5 160
23 23 15 15 8 542
22 9 9 14 9 1477
15 24 5 11 6 840
15 2 23 12 10 36
19 7 8 22 6 1332
13 20 13 25 9 205
6 4 12 7 7 738
24 8 6 2 5 210
15 21 15 4 5 296
25 7 8 10 6 448
13 7 14 24 10 57
13 8 18 11 8 370
25 2 6 4 7 439
5 17 25 19 8 1448
24 8 5 7 7 468
22 12 17 7 10 610
21 6 18 23 3 1329
19 19 25 4 6 1444
15 24 13 15 9 1208
3 22 9 8 3 722
10 7 5 9 8 433
5 5 17 15 6 908
19 18 22 2 6 302
11 21 4 15 5 552
14 12 16 9 10 1312
3 16 24 19 4 565
2 7 8 22 7 834
16 14 25 10 5 1488
23 14 16 6 8 1069
9 14 23 9 9 1234
19 17 5 16 7 683
2 17 25 2 6 1397
14 8 23 7 4 1482
25 8 20 9 3 206
24 24 21 20 3 720
23 13 23 18 9 691
19 12 19 20 6 1156
6 13 14 20 5 1074
21 8 14 25 9 982
18 12 14 5 7 1343
13 9 21 18 5 542
11 16 24 6 6 403
8 4 24 17 4 473
15 2 19 2 2 755
25 4 22 17 3 1398
22 22 23 5 1 945
13 17 12 3 7 646
17 10 9 3 4 572
12 25 10 16 10 186
20 25 10 19 10 1120
12 14 19 12 9 1489
2 16 9 15 10 262
17 20 7 23 4 158
11 6 17 4 6 1250
23 25 25 22 6 89
25 22 10 11 3 162
19 22 14 13 6 1224
11 25 12 6 6 250
9 24 12 17 5 1013
12 17 25 3 3 239
23 18 11 13 3 590
10 25 9 10 2 214
17 14 23 21 9 55
25 10 7 2 3 522
22 10 4 5 7 72
16 25 15 5 7 567
23 13 23 15 6 1246
6 21 4 18 7 35
5 20 12 4 4 475
2 5 14 12 2 958
21 24 10 10 3 279
9 14 11 24 1 864
18 19 7 18 3 1322
22 5 2 17 2 957
3 19 20 23 4 1211
14 17 23 16 5 1124
19 24 4 10 8 347
3 2 20 7 10 462
18 13 9 14 5 218
20 17 25 13 7 478
3 6 11 2 6 646
7 8 7 11 3 1377
25 22 3 8 6 1367
16 7 10 6 9 778
15 14 10 8 3 1051
2 16 10 12 4 1415
12 24 18 3 1 209
3 7 3 7 2 303
23 2 2 13 6 1175
16 25 16 15 3 1075
10 4 13 10 2 1132
14 22 23 7 5 1398
18 20 13 14 4 18
3 3 6 20 3 108
2 13 14 23 4 1437
3 18 19 20 10 1359
9 5 19 17 5 1424
2 4 24 13 1 286
18 18 13 23 2 496
23 6 6 6 2 863
11 24 15 20 3 1042
4 20 4 6 3 1182
14 13 23 7 8 606
18 6 6 8 3 831
20 19 19 13 8 1026
7 24 23 17 5 782
9 25 16 7 6 1211
