350
4 5 5 5 7 111
8 3 1 7 10 509
4 8 1 4 8 327
9 18 12 5 6 180
1 3 5 5 5 582
5 8 9 2 6 408
9 1 12 2 7 465
4 18 15 3 4 305
2 5 3 1 10 242
5 7 1 9 6 551
14 4 1 11 8 306
11 20 4 14 10 27
3 2 4 2 8 197
7 7 6 6 9 521
3 11 7 8 10 88
14 12 10 6 10 249
1 3 4 4 5 339
5 9 6 7 4 73
9 3 15 2 9 119
10 1 12 18 5 62
4 5 4 5 9 496
1 3 2 6 3 218
2 9 14 7 4 567
4 8 8 18 10 251
2 4 1 2 10 427
7 6 4 9 1 399
8 12 6 8 5 14
4 15 19 18 4 29
5 1 2 1 2 610
7 1 3 9 6 589
13 7 2 7 2 138
15 5 14 4 10 67
2 5 2 4 8 170
8 4 3 2 10 32
8 12 6 11 7 232
4 19 17 1 9 499
2 1 3 1 9 379
6 7 7 7 1 195
5 7 9 11 4 283
4 19 3 16 5 202
5 5 2 3 10 186
6 7 8 3 6 54
13 13 2 3 1 336
2 16 10 11 5 598
5 3 3 5 10 40
4 2 4 2 4 37
5 15 3 7 4 193
16 2 6 3 1 513
3 4 1 5 8 416
8 7 7 5 4 445
3 5 5 4 5 468
10 19 19 6 7 390
5 3 3 4 3 129
5 6 5 7 9 589
4 3 8 4 2 462
14 7 15 13 7 127
5 5 1 3 2 349
10 7 1 7 4 570
11 8 9 2 5 270
2 4 8 16 4 189
4 1 2 1 9 409
10 4 8 6 7 15
4 9 10 4 1 103
13 12 13 15 5 537
5 4 4 2 10 362
1 1 8 7 3 260
15 15 12 7 1 168
10 19 16 16 2 150
1 2 4 1 4 562
5 8 3 5 10 540
7 3 10 3 5 443
8 3 15 18 10 469
4 5 3 2 4 198
7 1 10 7 3 118
5 5 9 2 4 547
7 11 14 3 5 406
2 3 2 5 4 11
4 1 8 5 1 46
10 14 9 7 8 40
13 1 2 20 7 221
3 5 4 3 2 277
4 8 4 4 6 457
8 4 2 11 9 219
18 14 8 12 1 15
5 4 5 3 9 390
3 5 9 1 7 530
13 4 6 2 4 396
6 1 15 1 6 369
5 1 2 1 5 500
5 3 5 4 4 293
1 3 8 8 7 431
6 20 16 9 4 549
2 4 5 1 8 189
2 10 8 7 2 499
10 13 1 8 2 182
1 13 13 15 7 592
2 4 1 2 5 418
4 4 6 5 9 393
9 13 10 13 7 20
1 3 13 10 2 38
2 2 3 4 9 24
1 6 10 2 7 392
11 4 7 9 9 87
2 9 12 10 9 276
1 4 2 2 7 239
2 4 10 6 1 214
7 15 7 1 9 216
4 17 7 17 5 275
4 5 4 4 5 193
3 6 8 4 6 534
14 9 11 4 9 575
6 19 2 20 8 579
5 3 4 4 6 66
2 1 4 8 6 244
9 8 14 5 9 488
5 11 4 3 5 115
1 5 1 5 6 524
9 6 10 4 1 492
14 1 15 10 8 55
6 20 15 2 7 121
2 1 2 4 7 200
1 8 5 2 6 260
8 6 3 9 4 261
19 20 14 1 9 20
3 3 1 3 9 520
6 6 1 6 2 310
12 14 13 5 2 488
14 3 13 1 4 288
5 2 3 4 1 38
7 2 6 5 1 608
9 9 1 10 5 403
11 20 11 6 5 98
1 4 1 3 10 10
4 6 2 7 6 393
3 3 11 10 4 606
11 20 20 18 9 355
1 2 3 3 6 46
9 2 8 5 6 271
1 4 5 9 1 80
17 17 1 2 8 233
1 1 4 4 3 146
10 2 3 4 5 181
9 1 11 5 1 492
17 1 18 5 5 153
3 3 5 1 2 472
10 4 6 6 1 541
13 5 5 14 9 241
9 14 11 13 8 210
1 3 2 5 4 354
5 6 2 1 6 412
12 14 5 10 1 222
11 16 10 6 3 15
1 3 1 4 8 240
1 7 5 5 1 606
7 7 10 5 3 532
3 2 16 4 4 62
2 4 1 5 1 533
5 1 3 1 1 509
8 5 4 10 9 440
8 7 19 5 4 504
2 3 4 5 8 462
6 4 9 3 5 287
10 7 12 10 3 221
3 12 10 19 1 198
2 5 4 2 8 424
4 9 9 9 2 477
1 15 14 2 10 131
18 9 2 16 2 318
1 5 4 4 8 92
4 5 7 5 8 240
2 4 14 5 9 250
6 2 14 20 4 51
5 3 2 5 5 235
1 1 7 8 4 614
9 6 7 8 10 176
12 16 5 7 4 313
1 3 4 3 7 14
4 10 3 8 2 196
8 10 12 14 2 528
6 3 8 9 3 53
3 2 2 3 6 140
9 7 7 10 10 16
14 15 8 7 5 414
1 6 20 7 8 614
4 3 4 4 4 213
4 3 9 4 6 159
11 1 10 1 2 549
14 13 6 14 2 52
1 2 4 1 1 81
5 1 6 6 3 63
6 5 9 10 2 186
10 2 11 17 7 61
1 2 1 1 1 291
3 5 5 2 4 488
14 3 2 15 7 493
18 4 6 13 6 381
1 3 4 2 10 5
3 8 2 4 10 72
7 12 3 11 3 564
4 8 7 6 7 569
3 3 5 1 3 491
10 3 3 8 4 349
2 13 7 13 9 380
20 1 4 19 10 263
2 5 1 2 6 574
2 8 6 8 5 587
10 13 10 8 3 251
19 19 12 12 5 180
2 4 3 2 5 573
4 2 2 2 4 239
13 9 9 1 9 68
3 17 12 4 8 263
2 5 5 5 10 11
1 4 8 7 8 592
13 6 8 7 1 292
18 9 16 1 8 488
2 5 4 4 10 38
6 10 3 6 10 111
1 2 4 11 8 531
18 7 5 2 5 265
1 3 1 5 10 291
6 2 4 7 1 96
11 14 3 5 1 109
11 15 20 14 6 596
4 3 5 2 5 30
4 2 2 9 3 419
13 3 5 15 1 539
12 2 15 19 7 28
4 5 1 1 9 199
3 10 10 6 1 553
3 14 10 7 4 337
1 16 19 16 6 522
4 3 4 5 9 52
7 8 8 7 5 316
5 13 5 11 10 387
18 2 8 5 6 43
3 4 3 3 9 359
5 10 3 4 1 208
3 10 1 2 8 32
14 16 13 7 1 580
5 3 3 4 1 255
6 3 8 4 8 351
3 12 7 5 9 500
12 6 19 11 3 204
1 4 5 3 4 19
6 3 5 6 9 108
10 11 14 1 6 320
2 1 15 12 2 212
1 1 5 1 1 163
10 9 8 10 7 135
5 10 8 11 9 481
3 9 8 16 5 413
3 3 3 2 7 390
2 3 8 5 8 361
14 6 1 8 2 592
14 16 1 17 9 246
2 3 3 5 1 186
10 8 6 5 9 118
13 8 9 4 7 434
7 19 14 5 5 58
1 2 3 4 10 319
6 1 9 7 9 322
8 10 4 13 1 5
6 17 7 13 8 124
5 2 3 2 9 523
9 10 2 3 10 204
1 7 3 9 6 201
7 5 10 16 6 136
1 5 5 5 9 521
8 5 1 2 5 82
7 6 5 4 7 431
8 17 13 17 9 534
4 5 4 2 5 93
6 5 3 5 9 613
11 6 4 9 7 333
7 12 18 16 4 494
4 3 2 2 10 227
5 9 7 9 1 555
5 4 10 4 6 12
20 5 1 15 1 73
5 4 1 4 10 332
9 5 3 5 7 358
5 5 1 15 8 516
7 10 16 19 1 489
2 2 2 5 5 493
2 10 6 7 9 341
14 5 11 1 3 96
6 4 12 4 1 373
5 1 3 3 8 383
8 3 9 1 5 36
9 9 1 4 3 487
14 3 4 16 4 378
4 3 5 4 6 24
9 10 5 2 8 473
8 11 1 4 1 415
2 14 17 20 1 279
4 5 2 3 5 456
8 7 1 4 5 395
13 3 10 2 4 135
13 2 2 19 2 552
1 2 5 4 2 239
2 9 2 5 6 421
2 13 8 7 3 394
13 10 7 15 9 230
1 2 2 4 1 465
6 7 3 8 5 185
9 2 2 4 10 274
8 3 3 4 8 606
4 1 4 2 9 526
1 4 1 5 7 79
9 11 10 6 8 269
12 20 13 5 3 290
3 5 4 5 9 308
9 4 8 4 9 23
15 6 13 3 10 262
12 19 8 12 10 121
2 5 2 5 1 251
2 3 2 7 7 402
15 14 2 10 2 299
16 10 10 2 5 226
2 4 1 4 5 35
4 1 2 7 2 168
3 4 15 5 7 107
2 5 10 18 8 109
2 1 5 1 7 405
2 6 10 9 4 135
15 11 3 8 2 225
11 10 9 1 8 104
1 3 3 3 7 91
9 4 9 3 10 468
11 5 5 3 3 325
8 7 13 5 2 108
3 1 2 3 6 102
5 9 1 1 4 602
2 3 2 10 8 171
7 10 4 14 3 15
2 3 1 5 2 276
10 8 1 7 7 496
8 11 10 3 2 525
9 19 1 4 4 53
3 2 5 4 1 159
8 3 3 8 1 404
1 13 6 10 4 296
19 18 12 11 2 283
4 3 1 3 6 183
7 5 2 1 3 129
13 13 11 15 10 511
16 14 17 2 2 31
3 1 5 5 3 449
6 5 1 2 1 158
