450
95 4 43 60 9 62
1 69 51 58 2 60
72 46 60 9 7 54
25 96 76 97 4 56
24 43 97 42 8 36
66 73 49 60 9 72
46 27 39 25 8 85
32 99 76 35 4 195
85 75 59 65 3 127
95 37 66 19 6 154
4 28 30 74 5 97
2 93 67 59 9 67
50 61 12 32 3 87
46 9 21 7 5 40
30 88 17 55 8 60
98 66 78 66 10 148
64 76 47 32 6 111
14 13 49 59 2 28
94 66 95 48 5 64
92 96 18 2 1 70
100 63 24 56 2 144
81 52 6 82 7 30
84 82 73 43 10 156
41 63 11 77 4 120
16 51 20 40 6 91
93 29 19 45 9 167
56 22 20 27 7 66
7 9 76 85 5 96
96 14 23 94 2 40
67 18 99 57 8 147
88 36 27 14 6 64
8 24 77 93 3 183
62 96 36 11 5 78
60 18 11 51 6 73
13 11 61 32 10 99
93 86 17 91 1 96
27 6 48 88 10 54
53 57 98 58 1 139
7 82 91 68 9 103
67 91 9 96 4 173
12 56 97 82 2 78
12 22 31 22 7 57
38 25 15 69 4 45
65 71 19 53 1 84
34 36 48 4 7 54
87 88 40 2 7 118
45 85 31 10 2 103
9 43 98 61 7 163
12 52 90 62 4 80
55 99 96 93 6 169
16 1 70 61 4 83
64 47 36 37 10 95
49 88 76 54 8 118
53 75 68 2 7 119
43 52 5 63 9 25
38 69 3 32 2 57
79 67 4 40 6 91
77 18 77 38 8 153
37 33 50 10 8 78
23 17 91 97 2 94
42 21 18 40 4 48
56 20 21 12 9 36
28 56 28 87 8 34
87 3 97 66 10 21
73 39 34 61 6 43
28 38 78 34 2 153
45 51 2 92 4 74
63 29 28 42 2 59
9 7 96 85 4 121
21 59 10 63 5 83
87 41 94 25 6 145
35 91 7 10 2 77
46 23 68 24 9 60
97 40 88 84 6 194
89 54 79 41 3 62
99 36 67 35 4 191
97 51 67 21 7 77
58 77 1 31 3 35
56 46 52 54 5 62
37 53 96 43 8 188
63 67 71 23 9 56
81 39 98 39 10 86
76 85 43 71 8 126
11 76 26 79 5 38
71 9 63 88 4 112
2 90 19 42 3 28
48 55 20 82 10 100
65 42 69 83 10 102
64 57 95 39 7 138
20 24 93 26 10 118
82 25 62 80 6 140
19 45 94 76 3 83
33 87 44 64 6 51
98 67 64 30 7 130
21 87 1 7 3 64
18 20 16 43 10 81
10 27 97 89 9 118
77 28 68 42 4 33
27 52 30 57 5 97
94 24 66 10 9 48
60 77 92 66 6 171
64 56 99 74 7 101
89 53 80 73 3 166
86 41 49 32 10 150
70 92 29 94 9 171
74 58 26 11 7 86
84 71 69 68 1 79
38 78 100 37 2 169
67 29 7 90 2 129
32 6 46 58 3 30
86 29 2 89 9 136
26 95 6 72 2 30
42 77 80 1 9 112
59 44 74 26 3 134
58 13 33 61 8 110
65 64 10 49 5 41
42 35 7 16 8 46
38 23 15 62 3 31
37 88 56 22 10 100
84 25 19 5 8 98
7 35 50 25 3 33
74 19 98 25 7 116
6 88 40 71 5 73
71 50 31 99 4 108
81 11 34 44 10 98
68 84 6 76 7 108
74 15 16 83 7 92
43 87 64 55 8 48
49 32 14 53 10 47
19 91 67 75 5 69
7 44 45 65 9 82
42 69 60 66 5 93
91 23 52 61 4 174
2 69 65 82 8 123
77 83 13 58 5 161
87 77 33 1 6 109
27 44 89 83 4 42
79 62 53 57 7 87
40 63 8 53 5 70
91 80 11 19 10 171
19 50 37 50 9 62
87 35 83 51 10 120
56 78 23 69 6 49
29 89 87 25 6 105
66 78 27 90 9 46
8 89 72 28 9 72
39 45 12 87 4 13
11 15 54 85 1 148
19 96 54 97 9 33
23 76 51 100 6 33
83 12 73 36 1 35
55 35 63 5 1 61
24 88 22 52 1 80
45 13 93 40 2 161
3 90 18 76 2 43
77 81 56 67 4 56
1 54 5 57 2 82
14 44 24 59 4 86
7 33 34 21 10 51
34 7 47 88 8 19
45 77 38 63 9 61
58 84 14 63 1 154
73 51 77 4 8 97
60 57 40 2 8 35
82 70 63 10 5 138
31 66 78 15 5 51
44 98 38 47 1 57
13 90 99 46 9 33
78 6 21 37 6 82
75 60 82 33 9 56
84 32 9 93 4 119
92 44 1 34 10 43
39 71 81 13 8 131
69 75 29 1 4 70
11 25 87 31 6 167
60 85 43 96 7 120
15 44 88 100 5 128
57 98 64 43 9 124
35 4 25 67 1 28
45 58 90 33 2 51
27 37 39 4 7 66
33 40 98 54 1 79
96 18 56 95 4 185
93 76 89 39 4 137
6 2 33 4 6 60
80 30 81 20 6 141
70 76 65 92 7 73
49 11 47 73 4 16
87 4 80 36 4 79
58 86 33 15 7 138
77 35 26 21 7 135
71 86 71 18 5 60
96 54 88 25 1 181
7 5 91 15 8 14
41 15 61 79 5 29
51 8 93 92 1 146
45 36 21 25 1 30
20 21 46 58 6 106
72 5 84 67 1 18
53 82 71 91 1 162
34 95 59 67 5 86
47 75 59 85 4 88
90 46 31 12 5 51
74 84 86 99 5 168
97 73 48 20 6 55
86 81 44 52 2 46
15 98 53 82 6 196
60 67 95 100 8 85
54 66 32 59 2 35
77 13 13 62 3 95
56 1 42 37 6 90
73 53 14 25 10 53
49 85 39 80 8 157
17 52 60 96 2 112
3 24 47 32 8 71
96 68 59 5 8 150
33 4 29 50 8 20
80 64 99 58 4 86
59 69 88 33 5 111
41 88 66 66 8 148
20 70 56 69 4 111
78 94 34 81 2 188
75 57 54 54 6 147
9 65 4 55 1 21
35 53 100 75 1 99
99 57 85 19 1 66
15 55 20 14 5 99
98 64 78 32 5 174
97 4 94 40 10 7
44 60 21 23 1 93
88 49 53 81 8 134
72 87 56 47 7 118
30 71 17 98 3 123
29 27 51 93 5 159
10 19 4 5 4 4
20 26 80 14 1 98
97 50 22 30 10 146
24 87 89 83 4 165
34 84 84 5 1 117
26 64 5 79 9 22
28 30 27 18 8 29
10 41 50 92 5 149
17 44 62 73 3 47
62 43 21 95 4 171
63 91 40 82 5 116
89 65 26 63 4 96
45 45 57 85 6 77
22 78 92 13 5 161
23 74 92 95 4 112
98 48 10 58 8 121
1 87 67 61 3 15
31 91 71 100 4 71
12 28 33 27 7 62
91 37 87 74 3 107
96 79 19 50 3 59
47 16 93 35 7 146
4 82 12 55 10 142
25 94 47 50 6 145
72 92 83 67 1 178
50 12 27 11 2 79
72 77 4 5 3 137
63 39 92 70 4 147
85 90 35 50 2 168
72 39 45 34 1 143
31 71 46 5 8 55
89 23 95 83 2 108
74 87 11 65 7 105
62 38 53 26 7 102
19 17 100 17 8 196
72 8 87 56 5 59
51 91 8 56 6 136
14 33 66 20 7 77
63 5 98 24 8 27
89 42 24 34 8 95
21 21 1 86 4 34
47 30 6 23 7 86
26 54 18 22 5 69
4 15 17 81 6 92
10 73 95 98 6 39
19 73 96 90 10 84
37 74 84 94 10 43
62 13 21 16 8 80
90 14 95 94 2 96
71 47 1 78 10 118
88 39 89 77 6 122
94 70 51 76 4 149
72 6 43 91 8 112
24 89 50 54 5 142
79 4 45 98 5 21
2 64 75 19 3 119
62 19 77 77 8 140
56 81 92 47 10 55
64 76 58 75 8 138
56 52 83 79 2 146
93 35 72 81 7 104
33 83 77 82 4 81
38 23 83 21 10 151
38 53 31 94 10 126
46 66 19 59 6 63
68 79 49 23 3 79
25 77 39 89 3 149
44 36 82 50 10 77
64 53 38 68 3 77
4 33 80 51 6 140
2 38 32 92 9 51
38 96 16 6 7 89
87 22 67 4 4 144
44 44 100 96 7 140
53 10 30 74 3 135
68 57 85 32 10 76
48 26 93 87 6 40
3 46 37 93 9 62
63 4 17 68 3 97
65 85 28 38 10 167
4 83 62 20 1 52
89 78 42 52 6 46
2 51 77 30 1 32
9 82 84 18 5 54
15 87 25 26 4 148
12 67 49 1 1 39
20 89 21 75 9 161
71 87 12 71 5 172
5 51 28 94 3 100
82 36 44 62 3 112
33 15 87 66 3 89
44 95 99 17 6 188
64 73 28 64 10 74
54 59 84 6 2 121
84 98 36 3 5 27
4 82 78 64 8 102
3 67 1 65 1 21
43 34 14 26 7 59
77 78 16 16 5 81
43 85 13 88 4 22
95 5 66 95 3 63
39 32 24 23 10 32
97 21 52 84 4 132
52 39 50 54 7 108
57 2 88 67 9 162
1 100 20 41 1 86
21 83 45 12 7 22
63 89 50 88 3 89
72 34 9 6 5 135
89 29 22 93 1 165
24 53 28 27 7 52
48 60 7 99 1 137
17 95 9 44 7 119
6 21 30 78 5 49
98 46 97 49 8 95
97 100 39 96 10 189
83 26 23 29 3 115
89 97 40 53 3 49
85 6 35 29 6 35
33 6 67 67 3 59
54 76 20 38 6 151
56 18 11 59 8 43
69 50 73 65 4 76
42 28 56 67 5 49
18 93 36 83 7 51
41 84 62 84 1 111
30 66 66 58 10 127
45 42 37 88 1 160
20 90 44 52 5 79
93 87 50 38 4 182
20 93 54 73 4 151
52 77 4 4 6 96
76 81 56 47 7 72
13 36 21 38 4 73
92 17 20 74 7 145
2 78 11 90 3 36
22 42 98 85 9 92
63 13 17 93 8 154
98 40 82 58 9 154
25 73 32 10 1 79
61 76 32 6 2 114
6 65 93 76 9 115
45 45 92 44 1 141
98 22 75 69 6 62
13 48 68 93 9 184
4 60 68 22 8 66
98 93 36 57 1 179
55 40 83 19 4 87
39 68 92 4 7 102
43 42 65 79 8 123
57 96 45 88 2 157
85 86 52 7 6 134
23 37 75 63 3 129
98 79 83 4 2 166
21 94 91 32 6 165
66 69 4 56 8 83
81 53 46 71 7 54
63 20 94 30 1 55
77 20 47 14 3 128
68 23 98 50 2 93
1 68 64 44 9 61
30 71 98 69 7 64
68 43 52 53 7 85
25 91 12 83 4 58
85 17 4 65 8 166
26 33 23 41 5 64
59 98 93 13 10 147
52 24 60 96 1 176
3 19 53 32 1 40
58 24 84 33 5 40
89 16 90 72 9 153
71 73 2 19 1 73
96 63 35 51 5 104
82 85 70 86 7 165
37 30 92 57 2 68
93 39 66 51 1 120
17 97 90 5 10 167
9 7 34 15 6 15
75 99 99 60 9 170
57 95 81 69 2 108
97 33 95 90 4 85
18 96 37 28 2 49
15 17 84 20 8 124
28 69 28 96 10 189
3 95 49 59 3 147
78 43 31 64 7 101
52 29 12 56 5 26
48 21 28 40 9 90
50 77 34 48 9 73
16 40 47 24 3 33
69 35 4 68 7 40
4 4 80 48 8 4
41 42 10 30 2 57
38 4 84 78 6 94
97 62 22 75 4 142
50 77 41 39 4 110
47 1 2 83 9 67
30 33 18 65 1 100
38 7 46 47 7 83
78 48 59 92 8 80
58 4 50 4 7 27
70 19 28 96 4 97
28 13 55 32 9 100
84 71 17 48 1 63
54 14 41 64 8 85
86 99 21 95 5 77
21 44 57 22 3 36
50 8 15 3 3 90
42 96 52 87 5 114
67 48 32 38 10 115
26 66 93 4 1 118
46 49 41 46 6 90
5 47 2 84 4 64
96 22 22 98 5 141
36 18 98 32 7 157
5 55 61 84 6 23
