250
46 13 35 23 9 76
45 33 34 45 6 69
24 33 27 39 9 128
3 27 13 10 4 123
50 15 30 34 9 75
32 48 32 33 6 102
49 19 11 21 3 79
6 35 31 49 9 139
33 26 28 30 10 200
23 18 31 24 5 149
6 10 9 47 10 50
14 50 22 34 2 110
10 3 34 15 1 163
32 35 19 10 10 66
11 12 14 4 6 153
37 4 47 35 5 74
25 49 23 39 2 53
37 5 23 45 9 200
29 38 7 46 4 143
31 32 22 27 9 63
18 43 24 42 5 127
43 23 12 29 8 125
45 27 34 33 5 159
43 49 16 39 5 192
37 29 13 29 1 126
18 44 16 5 10 191
50 3 36 10 2 65
50 35 20 32 7 56
10 32 36 38 4 90
50 30 48 40 1 131
1 38 11 29 8 124
43 19 22 14 7 173
24 44 21 39 1 168
40 48 35 28 8 78
20 47 11 23 3 115
18 34 19 32 10 55
14 5 28 9 7 108
27 12 45 18 8 57
4 34 47 12 8 147
43 42 10 25 5 186
41 12 44 41 6 145
38 4 37 37 9 82
15 18 28 16 9 92
16 30 16 15 2 60
10 31 13 30 2 160
13 20 41 22 6 140
29 19 30 9 1 112
47 20 11 47 1 141
8 28 25 36 9 109
30 8 35 10 3 157
41 32 44 31 10 184
37 17 30 17 10 73
24 17 5 33 9 109
30 2 48 3 10 82
6 10 41 7 8 61
37 44 8 19 6 128
36 31 15 5 7 70
19 21 18 10 5 114
49 5 42 25 9 97
12 20 45 50 6 165
17 19 48 29 1 136
20 32 3 17 7 152
13 35 24 25 3 107
44 13 38 21 4 121
8 26 45 38 9 154
46 47 23 22 10 178
38 30 4 41 2 106
7 29 35 32 1 88
33 10 34 16 2 80
17 35 9 1 5 74
34 47 33 47 2 67
35 8 36 8 6 182
38 1 28 25 5 165
30 37 4 20 9 101
34 2 19 37 8 194
27 34 42 28 3 144
17 9 1 38 5 121
6 16 28 10 1 64
12 4 43 32 4 110
50 9 50 40 10 184
12 17 49 20 4 61
27 29 45 50 4 189
31 46 16 13 4 167
37 38 3 28 6 59
42 48 21 30 3 150
30 37 31 27 8 79
23 45 41 6 6 117
19 13 36 34 4 153
31 37 26 10 10 155
21 33 49 14 4 96
45 19 17 12 5 75
5 18 43 35 8 74
40 17 37 26 7 162
3 12 36 6 2 185
39 44 44 27 2 139
42 24 34 26 1 79
12 46 31 26 9 87
32 7 24 18 7 200
5 13 6 42 7 87
34 38 4 15 8 61
12 26 12 6 2 122
29 31 45 30 2 187
11 48 3 42 6 87
10 32 36 18 5 136
35 36 24 4 4 95
45 15 7 7 3 104
28 7 30 17 4 92
17 42 35 42 3 59
21 46 25 24 1 136
42 7 46 2 4 123
39 46 23 9 7 51
40 25 11 31 1 156
6 10 33 30 5 179
39 12 8 44 3 71
48 1 12 48 10 72
50 43 3 3 1 105
20 48 27 1 6 200
9 8 20 44 3 93
20 35 48 29 8 143
9 7 34 12 8 185
5 2 45 50 8 169
36 39 35 4 1 131
5 49 5 19 7 143
2 10 10 13 3 174
29 4 12 45 10 104
11 34 20 11 9 175
22 1 44 42 3 115
20 26 13 8 9 163
50 26 21 27 10 157
21 48 48 41 10 105
18 15 48 46 3 52
32 5 31 2 2 109
33 12 27 24 6 96
45 27 26 39 7 171
26 10 31 33 6 183
18 38 32 3 5 106
31 41 14 33 6 168
16 23 14 11 6 91
20 30 9 11 8 155
23 8 8 33 4 144
40 23 30 42 6 87
26 18 17 47 8 137
9 8 17 28 6 78
13 32 34 7 4 59
39 38 15 31 6 127
18 50 6 17 8 92
40 46 39 31 5 93
31 19 26 33 5 160
4 33 23 3 8 167
37 12 12 45 10 119
36 26 18 9 10 141
6 19 28 28 3 160
9 1 46 13 3 198
41 38 12 27 10 76
42 10 48 46 7 102
43 1 30 44 7 151
14 46 43 42 6 175
40 43 1 18 10 69
13 17 19 26 7 155
38 29 6 29 8 118
2 25 16 29 10 199
9 36 29 3 4 88
39 15 22 1 7 120
16 8 33 1 3 135
34 39 40 3 1 111
47 7 14 37 4 176
21 8 10 23 7 71
45 9 2 44 4 110
23 9 4 28 3 87
14 32 22 29 7 80
35 8 32 12 2 54
45 44 31 13 2 90
46 18 49 21 9 109
33 3 30 37 8 108
38 26 26 23 3 154
15 25 48 6 6 157
49 23 23 12 4 168
10 42 29 41 1 134
1 46 28 33 10 114
18 35 16 17 9 175
25 49 26 42 4 100
24 48 43 48 6 115
38 37 2 18 7 143
27 22 37 10 1 164
49 18 31 40 1 141
31 12 29 46 7 160
7 18 44 16 6 129
13 38 15 5 2 136
7 30 22 19 6 56
35 1 25 48 8 80
26 10 40 36 5 184
40 12 36 34 8 96
28 41 8 30 4 148
24 34 32 48 4 192
12 49 6 17 8 145
20 8 31 27 7 101
47 5 5 15 6 160
13 24 49 4 5 154
22 46 48 10 2 76
4 37 28 9 2 65
39 21 46 42 7 182
49 46 26 43 9 173
8 2 16 38 2 59
1 39 5 24 7 87
31 1 35 9 5 109
8 12 3 49 5 86
5 44 42 39 5 167
37 32 6 31 1 172
11 16 49 23 8 164
24 18 49 4 9 88
46 23 49 28 3 109
31 33 24 18 9 168
40 44 32 40 2 138
27 8 31 11 5 148
40 32 4 33 7 163
39 4 28 1 3 88
47 38 34 48 7 161
36 11 20 36 7 188
25 7 13 35 8 51
34 47 28 50 8 170
50 42 35 47 1 121
41 33 33 45 4 193
50 48 34 8 9 79
37 25 10 15 6 72
19 10 18 10 5 61
6 10 36 22 5 75
6 49 27 44 7 82
24 35 44 27 5 180
5 22 36 15 10 129
14 47 11 20 8 111
44 27 27 11 2 196
32 31 48 23 8 87
39 28 35 45 4 113
39 44 28 31 1 153
30 19 17 17 4 108
43 12 11 32 8 177
27 39 13 11 4 188
34 38 23 45 10 188
34 28 4 3 4 77
26 49 21 16 4 136
45 40 13 40 6 163
46 16 21 23 6 161
44 19 27 8 3 50
30 14 38 20 8 134
41 38 4 14 7 183
42 9 39 23 7 94
10 32 21 5 7 131
27 45 41 23 4 53
1 3 28 12 10 119
45 11 43 3 8 187
