300
22 27 29 10 60 2767
24 12 47 33 50 2508
23 20 46 19 100 754
29 33 26 27 80 1536
10 25 41 8 60 1498
24 13 10 21 90 966
35 28 21 17 80 1861
36 38 45 11 100 1350
36 29 37 46 90 1911
46 50 5 6 70 2587
29 40 14 40 60 517
45 18 12 25 80 739
9 29 49 34 60 282
18 16 42 40 90 655
35 44 26 42 80 816
32 5 15 31 90 247
45 6 21 38 90 1116
25 45 16 39 90 359
15 8 49 23 80 2430
18 49 43 9 80 1512
29 45 8 37 50 170
32 20 5 35 80 2064
30 43 16 42 70 579
21 29 50 25 50 1447
50 34 17 18 80 2550
25 28 49 50 70 487
5 30 49 46 100 492
9 42 29 50 60 1663
26 50 15 40 50 2894
36 35 30 27 60 60
15 26 17 11 70 505
33 9 9 6 80 820
12 41 44 28 80 536
32 18 33 20 80 830
27 31 21 25 80 1585
23 17 20 35 60 452
27 32 40 9 80 2300
14 42 13 29 100 234
41 37 29 34 80 937
12 12 32 43 90 1743
40 10 33 34 60 1515
7 28 9 43 80 1552
49 14 23 50 70 749
18 15 15 25 60 993
47 47 46 17 70 1500
13 49 46 17 70 122
21 22 50 5 70 664
24 48 14 42 80 836
9 19 43 36 100 1510
34 34 46 35 90 2556
37 5 41 21 80 2648
6 23 40 7 80 840
27 26 34 16 70 1335
29 9 41 6 80 452
34 24 19 25 50 54
27 24 42 30 80 1159
12 26 21 17 50 310
22 16 34 8 80 440
16 13 15 25 70 719
44 40 25 41 90 507
29 8 11 20 70 2401
36 21 27 33 70 189
7 32 44 50 70 2893
40 31 19 41 80 360
46 11 47 24 90 2404
7 27 38 23 70 1766
33 24 46 42 100 126
45 31 45 42 90 1243
29 18 9 44 100 334
20 21 26 26 60 2322
25 26 39 43 90 2039
20 30 14 29 70 2993
50 5 24 8 80 1483
46 32 31 17 50 2192
21 6 5 24 50 1614
44 22 32 9 100 729
20 6 12 8 80 1690
12 28 30 34 80 1089
50 12 26 47 80 1746
13 18 44 18 80 1207
20 46 40 28 50 637
49 32 20 16 70 1659
13 8 17 17 100 2869
10 42 50 23 80 100
9 6 27 30 80 2977
33 46 16 27 100 2654
6 26 41 27 90 1562
14 33 24 49 50 1432
49 31 14 23 70 1466
21 17 5 32 60 2569
16 9 13 46 70 2669
10 11 12 49 90 2084
21 40 46 21 70 2477
17 48 28 20 80 1926
31 40 11 14 90 2733
25 50 41 30 50 586
21 8 44 5 90 2212
35 28 20 30 90 2475
16 38 39 15 50 1554
12 16 31 8 60 1856
43 29 18 21 80 702
17 14 26 22 50 1138
24 46 5 12 60 197
27 25 28 10 50 2374
39 50 28 24 60 2736
44 19 33 27 70 526
5 37 27 20 100 2155
50 42 7 15 80 1267
9 13 13 49 60 133
20 29 20 23 100 1442
25 28 40 38 80 1836
7 19 25 41 90 1100
8 44 44 37 80 897
5 45 9 12 90 1660
11 30 26 33 80 927
14 30 31 25 90 1876
46 18 8 9 60 2966
38 46 18 13 90 2205
13 24 45 31 80 422
14 21 46 16 50 2988
35 23 25 42 100 745
43 41 49 37 90 377
39 36 12 7 90 2824
34 19 40 21 60 1766
37 45 39 47 80 1984
29 20 25 30 80 717
28 10 41 9 70 1342
22 41 5 7 90 1348
13 27 36 43 100 55
45 30 43 40 70 622
46 30 11 15 70 1644
12 39 7 28 80 1109
25 36 49 25 70 1267
23 16 25 25 90 2270
37 47 25 46 100 1555
22 24 31 13 60 2223
16 23 49 10 80 2772
5 20 36 13 60 884
41 40 46 43 90 2243
22 41 46 40 60 701
25 35 13 15 90 1004
12 50 38 7 80 2747
6 15 12 12 90 2730
25 33 19 42 50 614
23 25 11 22 80 431
11 9 34 13 70 1048
22 11 5 10 80 2762
15 5 42 40 70 1066
5 50 38 43 100 1990
33 6 33 41 70 2128
22 47 12 20 80 2124
35 24 39 42 50 1863
28 35 13 20 80 2278
44 31 50 35 90 1842
37 37 11 48 100 694
43 32 23 27 100 2230
10 13 6 30 80 162
14 15 49 26 90 200
13 7 20 9 70 1167
20 27 11 5 50 650
7 26 21 20 70 5
23 7 38 34 90 1072
21 7 9 40 50 2052
45 24 21 21 100 1547
41 8 7 11 70 1510
11 14 33 16 60 2870
19 12 36 35 70 639
33 9 40 41 50 1691
14 31 19 47 80 293
20 19 40 44 50 2751
7 37 25 17 50 2256
36 46 35 41 70 2862
37 39 48 44 60 997
11 27 8 22 50 1230
48 25 29 40 80 1774
20 32 5 36 70 2308
49 31 9 20 90 745
31 17 20 45 80 1814
36 38 10 33 70 470
11 6 38 17 70 246
45 24 40 45 70 1133
5 47 19 39 100 1315
24 42 30 20 60 787
6 25 29 29 90 2313
39 30 7 43 100 1394
15 13 8 28 50 1104
41 23 15 13 100 1404
10 18 38 48 90 2736
36 10 26 34 90 1344
37 43 14 20 80 2027
23 30 7 35 50 2264
36 41 45 15 90 759
29 50 21 31 90 463
35 31 42 46 80 1123
11 26 7 34 100 2265
21 14 49 20 100 844
37 24 29 45 50 1754
45 48 22 24 90 77
26 48 40 21 90 2328
11 37 22 30 90 1373
29 9 50 41 80 784
24 40 6 30 60 2070
16 18 49 32 70 1483
48 10 33 24 50 2200
43 42 17 12 80 999
24 11 35 21 60 1534
46 40 37 36 60 1423
13 48 39 32 50 51
30 49 14 5 80 834
10 11 15 13 70 446
20 7 18 31 80 1228
39 35 30 14 70 2624
23 20 45 8 90 2478
30 5 38 12 90 1967
24 26 37 12 100 2772
16 18 22 38 80 928
38 5 35 36 50 404
40 18 50 12 70 1333
50 18 21 40 70 2402
16 14 24 9 50 767
30 14 9 43 80 246
45 33 13 48 70 461
42 20 6 32 50 1484
12 30 20 32 80 683
40 45 50 32 80 2427
24 5 32 44 50 2654
12 33 47 7 50 2279
19 49 44 25 100 1417
25 31 33 9 70 1209
49 27 30 32 100 1657
12 6 20 48 80 2675
8 46 33 29 60 1535
28 6 8 12 80 2276
15 39 37 7 90 1001
9 47 26 21 50 406
16 28 30 25 90 201
22 40 47 15 80 1065
45 25 17 23 50 920
19 48 45 7 70 1267
6 6 25 44 70 2524
50 32 21 38 90 2899
28 21 25 22 50 2060
5 28 35 19 80 1730
7 6 25 41 70 2729
30 15 40 14 60 298
31 31 32 11 60 1507
10 8 39 10 70 2494
18 21 10 50 60 810
14 14 23 6 80 906
8 23 15 13 60 2031
23 35 30 8 60 2853
49 9 21 46 60 2258
36 29 5 21 50 2633
17 45 38 16 70 74
12 37 5 9 100 1995
35 27 33 44 60 249
36 19 9 29 60 2839
33 44 6 37 100 1561
48 21 6 35 80 1555
38 44 17 26 50 2189
37 16 21 43 50 1652
27 23 45 11 50 425
32 21 16 26 70 502
7 16 6 47 50 1836
27 49 22 50 100 867
22 9 24 44 80 1157
10 18 26 34 100 1410
33 18 28 36 80 2204
31 33 39 9 70 818
28 34 28 10 80 2846
27 46 21 34 80 1981
16 8 26 44 60 2252
10 50 42 9 70 527
38 28 41 32 50 2483
47 49 25 11 90 57
22 35 30 8 60 2342
22 17 48 29 80 2148
43 44 50 34 50 1732
27 13 28 7 50 1948
9 37 41 12 80 2371
13 5 26 36 90 2218
21 25 26 40 100 2913
14 5 25 14 50 176
34 22 9 12 50 324
14 41 35 49 60 1372
26 27 50 19 70 2705
38 47 23 26 90 2648
30 14 12 42 90 261
29 11 40 36 80 589
37 34 40 16 60 134
20 10 8 42 50 2912
17 48 17 12 90 2749
29 39 11 22 70 1787
16 14 25 30 80 871
25 45 50 17 90 2030
18 10 31 13 100 2542
32 25 31 33 80 1901
16 45 9 27 60 2097
29 8 42 42 70 435
32 44 12 48 80 2177
