100
16 33 24 31 7 144
35 6 30 49 5 198
18 7 2 24 1 200
34 43 11 50 9 121
8 43 40 38 9 61
24 39 16 44 5 72
7 31 29 33 7 103
23 3 5 47 3 118
49 7 3 15 8 110
29 46 22 43 9 178
22 30 21 18 9 138
18 21 31 4 9 85
12 19 12 27 1 181
49 1 14 18 3 98
20 33 40 50 2 67
8 13 7 30 9 66
26 2 30 24 5 133
5 34 30 30 6 115
30 33 19 13 9 169
8 23 9 21 9 195
24 17 20 27 10 89
29 16 50 26 9 75
28 47 15 26 8 131
32 33 29 19 7 159
2 24 41 28 7 160
28 46 14 2 2 172
31 6 14 9 5 149
48 14 38 47 1 154
41 4 24 38 6 158
42 35 42 46 5 146
23 33 39 45 2 184
38 47 10 43 5 190
15 50 44 38 6 73
45 26 30 23 3 99
2 37 18 8 2 105
37 16 3 27 9 150
21 42 39 24 3 123
49 18 44 18 7 108
29 20 13 39 8 141
26 18 9 5 9 99
17 7 10 24 1 178
32 39 9 12 8 55
9 19 17 49 4 53
17 34 17 36 8 183
34 40 20 21 4 189
27 5 3 30 5 88
26 32 1 12 9 70
11 42 2 50 8 98
20 34 21 48 1 123
9 36 26 36 6 75
31 31 41 14 3 133
3 1 25 11 1 51
27 34 4 31 8 51
30 18 39 40 5 181
43 28 10 6 4 52
18 16 6 21 10 83
10 23 24 30 3 80
18 42 44 15 4 187
33 48 15 41 8 103
10 32 13 41 5 190
3 9 43 13 8 180
11 26 42 49 9 79
9 4 14 39 6 103
2 10 22 1 10 196
9 18 2 49 7 161
11 37 13 4 5 126
16 4 49 18 7 118
27 27 36 30 7 176
25 42 15 41 10 170
27 44 24 26 8 124
9 7 10 28 4 122
17 24 2 30 8 95
44 38 23 26 1 125
27 6 46 16 3 177
27 38 32 21 6 128
23 6 36 30 4 178
36 14 47 25 10 128
22 5 3 8 5 165
12 2 25 16 1 82
18 33 47 3 8 110
16 36 19 45 4 108
36 24 36 33 7 96
36 41 47 25 2 125
38 8 33 20 5 66
33 14 25 8 6 76
15 15 10 48 10 122
39 49 26 3 2 80
7 40 13 28 8 59
4 44 50 32 8 176
12 15 16 31 10 66
37 46 42 24 10 179
47 49 29 19 5 53
31 26 35 18 10 51
31 43 42 17 8 75
24 4 1 3 1 94
43 17 25 36 3 157
18 41 39 49 2 139
12 38 8 7 5 54
40 3 4 7 1 101
46 39 36 20 4 131
