200
42 51 5 31 4 1555
95 75 77 90 18 2471
42 72 1 30 48 2149
8 84 4 28 86 2313
35 60 50 6 5 2485
70 4 95 62 25 1620
80 15 36 80 18 2153
29 45 22 63 40 1346
85 100 24 97 53 2421
27 48 70 71 8 523
27 19 84 21 40 2469
52 53 29 93 24 1666
78 24 63 11 98 323
72 58 84 45 67 1988
93 15 87 98 60 1241
9 38 20 54 64 1627
92 11 96 47 84 2367
35 28 39 87 49 1874
6 22 45 73 29 400
52 62 92 28 77 894
25 42 5 57 79 726
46 13 29 85 70 424
5 82 23 94 5 1593
37 16 83 18 51 852
79 36 98 75 33 991
18 27 57 94 61 705
82 22 97 32 66 1947
100 88 38 37 46 2230
17 83 95 95 61 1168
32 96 50 71 51 1628
3 66 10 44 43 1192
80 78 78 43 50 318
13 38 34 25 55 250
93 20 10 2 27 1508
68 42 75 16 33 876
17 34 96 53 77 1758
73 86 99 50 4 1434
81 60 7 70 56 588
24 2 35 21 72 2072
61 21 45 86 81 2311
50 77 24 91 1 397
40 61 43 53 36 2190
67 61 43 64 51 2233
87 74 67 84 16 613
31 60 51 25 35 1399
22 37 92 61 63 2456
96 67 85 32 6 566
31 2 55 47 86 388
68 66 13 41 35 1358
14 22 98 65 24 871
96 6 64 42 65 465
82 43 99 89 13 758
76 57 72 3 25 1277
57 60 92 46 33 217
99 92 3 73 6 267
89 24 93 91 99 1267
35 38 4 38 16 811
7 47 47 25 60 2251
100 31 18 23 19 723
73 100 94 75 1 412
96 65 58 31 96 2160
98 78 81 2 22 867
17 24 64 50 96 1515
70 34 9 7 22 1831
44 18 72 37 41 1480
44 27 16 41 28 257
60 80 23 48 17 411
86 44 27 74 69 1667
65 81 28 13 13 461
88 78 77 93 9 1921
64 80 97 36 67 2101
92 50 16 12 49 591
52 24 14 81 75 215
77 65 35 51 17 1599
67 76 54 30 10 582
92 65 11 31 41 2332
71 7 31 38 56 1059
39 59 61 14 89 652
35 99 26 58 5 1140
13 63 33 46 71 1092
65 85 84 73 84 1374
12 8 59 89 8 1544
58 52 84 25 70 2407
14 61 81 71 2 1068
76 77 76 84 72 412
46 36 63 64 11 758
45 66 48 41 61 1889
75 79 9 33 12 737
23 88 8 50 9 776
49 73 48 27 71 1779
6 3 69 25 58 778
37 77 74 70 50 703
42 25 12 77 30 2411
68 28 83 89 14 1745
58 5 80 94 30 2386
24 16 13 30 55 876
53 79 83 90 56 736
81 97 22 91 74 1256
18 23 60 70 89 625
20 44 89 66 73 1551
15 93 44 74 55 1539
23 29 19 59 3 381
32 21 79 98 27 2081
20 15 45 25 43 240
50 19 8 7 58 1561
26 1 1 18 11 2240
85 96 6 84 29 2160
36 31 66 63 78 1017
66 19 14 55 11 208
88 15 23 19 63 674
21 53 23 3 73 2496
92 56 26 67 42 398
37 61 18 72 31 1866
21 23 95 86 19 2003
50 32 71 35 13 2038
83 59 56 87 66 421
25 36 84 32 6 2386
76 73 20 55 72 805
96 43 99 20 97 2494
33 15 68 24 29 2113
54 45 78 36 2 1610
18 16 50 57 68 1431
37 18 20 70 56 1642
73 33 57 32 31 2131
65 55 96 14 19 1765
57 22 15 33 52 1491
14 81 51 52 42 1874
94 51 69 81 27 513
38 31 37 53 69 1207
54 84 22 56 82 890
49 44 78 27 31 1322
58 99 6 63 53 2066
93 4 98 39 98 2483
43 34 47 77 69 798
27 33 84 54 49 1868
77 4 95 11 60 2284
73 61 4 77 3 949
4 84 84 25 76 1481
40 89 8 18 82 1597
84 8 54 98 56 1700
28 3 75 98 78 1510
54 16 2 28 95 1277
15 33 70 74 25 2349
74 71 87 30 69 137
37 53 18 34 94 948
73 77 31 54 18 158
70 25 62 68 31 773
43 26 51 44 53 855
61 48 14 34 98 158
45 97 53 74 21 673
2 56 28 22 51 1852
14 57 59 6 68 205
10 94 45 29 83 712
3 63 82 40 56 947
85 43 60 4 53 2022
78 11 31 65 74 820
88 17 58 73 20 474
45 47 94 15 44 2291
15 94 89 55 62 1893
66 40 31 39 91 412
58 14 9 79 83 1427
45 15 44 84 35 2089
86 86 64 64 42 1317
98 92 12 97 11 2317
10 95 50 16 68 1582
61 38 36 64 92 644
44 47 30 7 1 1150
30 95 96 92 89 1105
28 46 69 87 89 1693
68 28 49 64 28 2291
72 100 52 81 3 336
43 40 10 24 35 1333
79 43 61 54 1 2417
44 47 90 47 70 215
51 28 60 23 36 2363
61 72 41 84 61 2309
19 20 19 90 50 1151
64 61 73 25 72 746
6 48 77 50 7 1712
87 100 55 28 96 706
69 31 68 18 97 704
3 46 50 33 48 1434
80 84 48 90 44 538
100 68 45 12 78 1177
90 57 62 92 88 1943
14 39 86 89 41 1297
46 26 3 46 75 214
4 46 88 3 39 496
37 10 95 17 46 1519
10 27 26 45 46 1142
10 57 77 94 82 680
48 7 54 47 75 2402
82 40 37 13 69 2125
55 56 30 90 86 1787
84 10 100 94 69 615
57 27 54 9 55 486
93 58 97 62 49 1119
95 84 2 23 67 519
18 84 81 58 59 2082
63 64 36 2 61 2102
