400
10 10 10 12 10 5125
24 18 27 26 10 2040
71 84 70 71 4 3147
79 100 100 100 7 5400
11 18 13 14 1 3636
80 90 89 61 5 3062
93 78 57 62 7 5023
100 100 98 100 8 1504
35 43 35 33 1 1810
65 46 72 72 10 5281
57 44 48 47 6 6986
79 76 80 80 7 651
53 84 62 60 4 688
100 100 100 100 10 5627
76 100 73 80 1 6143
19 18 27 18 10 3962
100 95 89 79 9 4371
59 100 95 91 5 6655
42 57 64 55 3 3536
70 73 100 100 3 214
30 31 24 20 9 2580
100 83 100 100 2 2338
76 70 71 93 4 5368
100 100 80 73 6 6815
100 100 84 62 8 7085
82 74 67 79 2 4190
43 32 32 31 7 205
34 27 27 29 9 6270
41 44 34 43 5 5223
26 19 25 27 5 2391
78 69 88 100 4 5153
68 65 67 64 8 6822
57 48 73 67 9 1179
53 63 88 85 4 5860
37 38 34 43 7 2324
23 26 32 26 7 6339
38 43 43 38 4 3836
41 38 33 51 4 490
65 66 57 44 9 4885
100 77 83 96 5 6564
57 88 63 80 6 370
39 63 42 39 3 3860
87 71 97 64 7 3477
78 100 100 99 10 959
32 26 36 35 1 2991
26 23 22 25 8 2046
100 84 100 72 3 4947
27 23 30 32 9 3252
50 35 31 35 5 3480
10 11 17 12 5 1144
12 10 10 10 1 2748
10 10 11 10 6 200
93 85 100 100 6 3245
82 80 67 71 8 2403
52 47 39 33 10 3862
37 43 47 35 3 1297
57 43 46 34 5 6631
60 54 72 71 9 505
81 83 78 70 7 7151
15 17 25 25 6 2890
74 58 59 82 2 1516
92 94 100 82 6 5385
100 100 77 100 1 2212
55 46 43 45 1 2281
15 14 13 11 10 747
100 100 87 77 6 6781
68 65 82 68 2 4962
43 42 49 42 9 578
68 78 91 69 4 2164
19 24 17 27 2 417
56 74 45 58 1 6909
28 24 22 21 4 4485
100 100 80 91 10 133
73 51 53 58 5 2758
12 20 12 17 2 5253
10 10 10 10 4 4162
37 38 50 43 4 6634
31 29 24 28 4 3433
45 41 57 48 7 1982
79 68 79 100 3 5770
20 30 22 31 3 2700
42 30 34 34 6 6789
100 80 86 67 10 2066
51 52 47 42 1 4331
40 48 44 40 6 2120
10 10 10 14 3 966
32 35 30 31 2 4662
25 27 21 29 7 3709
38 38 41 24 5 130
25 31 42 35 1 1116
39 42 28 26 6 3301
66 81 73 100 2 6672
97 100 100 100 5 6724
49 61 57 60 7 2767
40 43 39 37 7 1083
32 46 34 36 9 6062
24 33 28 20 7 62
58 99 91 71 2 2197
74 77 57 58 2 1294
93 91 100 100 5 2380
94 76 72 82 6 975
11 10 12 10 8 1703
47 41 54 41 3 4307
78 77 71 64 7 774
34 26 38 30 3 133
40 44 38 39 6 3034
22 29 24 19 2 4328
69 66 76 100 10 4418
46 33 39 35 4 4786
68 85 75 71 4 3248
81 90 90 82 8 1308
81 60 96 65 5 1262
100 84 67 65 9 5155
64 64 100 100 8 3307
51 69 71 71 7 4212
73 100 80 100 1 2193
47 57 43 43 4 5902
27 48 43 30 2 4485
41 60 43 49 4 5176
90 100 100 73 9 1749
29 23 21 22 8 6909
100 68 76 95 1 2386
60 67 52 53 6 2646
70 100 62 100 2 6456
43 37 56 49 5 4607
31 42 48 32 10 685
40 36 24 35 10 4576
66 76 58 64 8 6751
45 50 48 47 2 5711
56 97 86 86 5 5906
43 39 70 52 3 2126
23 13 15 20 6 4478
63 49 59 65 5 4931
63 49 48 64 3 6941
55 67 51 65 5 2519
79 80 98 73 5 7080
100 98 58 89 6 987
87 91 85 94 7 1021
22 22 29 17 7 3821
74 74 59 49 5 4320
17 21 15 16 6 1932
86 88 89 64 9 2392
54 69 51 59 2 2987
87 76 68 49 10 1454
57 68 96 100 2 436
59 39 54 48 10 6838
50 42 52 48 7 3258
82 81 100 84 4 4515
62 55 46 51 4 6433
77 79 70 55 6 6403
22 24 31 17 4 584
33 38 27 29 4 4781
69 90 86 58 5 3563
87 88 67 92 10 5833
20 15 26 16 6 6429
56 78 58 64 10 2292
40 34 45 48 10 4814
63 45 44 54 3 7114
100 100 100 97 8 3157
75 97 58 62 2 6108
76 65 100 100 6 1163
100 100 100 79 5 2343
45 43 44 55 6 2290
27 44 36 45 6 1798
33 42 29 36 7 2396
33 31 28 21 4 6864
23 31 37 27 7 4643
22 23 33 27 7 2021
40 27 35 28 7 3230
74 69 59 56 5 353
51 44 53 44 7 6318
44 71 56 62 8 1011
66 65 53 61 3 5118
36 43 53 32 4 6422
66 100 99 95 1 6236
83 46 54 75 8 5388
20 23 19 20 1 645
81 86 97 63 6 4366
58 85 72 63 4 2705
63 40 41 62 3 1910
58 87 85 74 6 157
35 46 48 51 4 6233
37 46 35 38 6 6515
48 76 51 79 1 2836
17 26 18 17 1 671
15 10 15 14 7 6855
11 10 10 14 5 3285
100 89 76 100 10 1046
11 12 15 10 6 3581
64 59 68 51 5 3030
12 10 15 13 3 6406
73 97 98 89 2 5059
42 36 45 46 3 4340
12 16 15 18 7 3230
12 11 11 10 6 212
69 55 45 40 10 5057
86 100 100 100 1 1219
90 97 87 81 10 6091
65 77 74 53 7 4127
62 69 100 66 1 3945
92 72 91 72 2 592
100 100 100 86 5 2616
53 49 47 41 8 1810
21 21 19 23 6 2257
34 39 29 50 5 1441
19 23 33 28 7 1975
29 25 39 36 2 6704
29 23 28 18 3 5578
30 34 46 34 5 2233
20 23 17 22 9 5196
46 36 44 49 10 4425
36 40 44 32 10 584
100 100 90 79 5 507
12 21 12 21 2 2083
19 17 20 22 3 4721
32 31 31 28 10 5950
15 16 18 19 7 4645
87 66 100 61 2 6408
99 89 76 87 6 3620
68 89 74 55 6 1035
10 10 10 10 4 2803
35 63 57 59 8 2778
42 53 41 55 9 2728
11 12 10 11 8 1778
67 41 59 53 4 1110
31 54 42 38 6 2111
97 89 88 75 4 4069
48 59 66 52 4 6051
92 93 78 82 7 1117
66 46 82 81 1 6102
17 19 18 26 8 6486
26 26 19 25 2 973
58 48 79 45 6 6606
65 92 78 93 7 4553
43 40 55 47 7 3556
58 65 72 52 10 5355
58 49 38 53 2 3637
35 37 26 36 3 5511
99 96 100 73 5 1236
11 18 11 14 6 2676
38 42 43 52 1 342
56 81 65 92 9 5979
76 58 54 69 2 4819
100 100 88 93 7 2808
21 18 16 22 8 1134
45 49 49 75 6 6500
33 36 39 44 1 2914
48 64 65 40 3 2382
38 35 38 32 4 5050
25 40 26 39 9 6538
33 23 34 35 1 4734
94 100 77 96 2 4219
29 50 39 35 9 4558
83 100 89 78 2 3922
29 22 33 21 8 3194
69 81 100 100 3 7161
41 52 66 48 9 6772
53 54 43 57 6 2771
96 60 97 67 9 2076
71 52 75 54 2 2087
54 69 70 58 3 6175
32 37 43 41 10 1429
17 21 22 19 8 1061
88 100 83 88 7 6818
88 86 92 82 6 6842
56 32 37 36 6 1523
25 24 19 25 1 5711
95 72 100 100 8 3592
44 64 39 53 1 6833
15 13 16 17 10 6470
89 93 100 94 1 5334
31 41 41 38 3 1309
81 99 100 88 7 483
67 43 59 71 1 6147
67 67 81 77 7 976
100 73 76 74 3 5061
29 27 19 22 4 4093
96 88 76 85 3 2501
58 54 47 40 2 3894
54 38 57 46 2 1353
78 87 100 87 2 4642
42 65 43 44 5 2875
33 34 31 23 2 5005
46 67 65 52 6 5938
32 31 54 48 8 5681
62 71 68 78 4 6362
55 47 43 60 8 1430
49 68 57 70 9 7051
12 16 21 14 1 6418
41 44 40 39 1 613
54 56 88 95 3 4575
59 74 64 73 1 4441
50 76 79 60 1 1461
15 13 22 21 3 4485
55 72 79 77 7 5410
56 52 43 48 2 727
43 33 36 32 1 5917
23 37 33 33 7 5640
15 13 13 11 4 3022
59 88 58 89 5 2680
61 82 91 74 9 5394
63 45 65 36 1 4967
26 27 19 23 1 5487
77 97 72 87 5 4711
79 71 86 60 6 3014
87 83 62 78 7 3421
39 54 49 61 7 4638
47 36 50 61 6 1571
26 21 23 29 9 2251
38 27 33 42 4 5400
20 17 17 13 4 1273
38 32 43 41 4 6741
54 30 44 39 1 981
10 11 10 11 3 293
33 28 41 38 7 4844
89 100 95 100 4 1429
12 11 11 15 7 4051
26 18 29 24 10 5725
68 65 68 73 2 2852
72 82 68 100 6 5001
68 69 92 59 5 2792
79 52 52 49 4 3865
19 18 17 25 2 950
29 27 27 19 9 5094
26 26 21 28 6 937
10 12 11 10 8 5667
72 100 85 100 2 4406
37 46 42 42 2 4769
36 52 46 36 3 5603
93 98 65 85 3 6864
60 79 58 77 9 5523
95 99 87 95 10 1035
45 47 39 50 2 6816
65 73 49 56 7 1026
70 69 79 96 5 1567
14 14 13 15 9 3102
63 64 82 86 7 123
12 11 11 11 8 1319
100 85 100 80 3 1775
74 74 100 73 8 3045
60 62 82 57 8 2945
75 82 81 91 1 6627
27 22 32 39 2 5353
54 52 36 42 7 3698
51 72 62 75 3 4123
40 64 66 42 4 1690
31 31 38 31 5 5466
86 71 51 75 2 3320
25 21 22 15 6 5390
11 10 10 15 2 6854
44 56 55 44 9 3979
98 99 100 100 10 1685
78 90 95 55 4 815
100 77 72 100 10 6812
64 47 58 46 10 3585
53 60 69 38 4 6527
96 71 95 67 5 5950
15 16 13 10 10 76
90 72 100 100 3 2838
64 67 83 100 1 1138
59 81 53 63 4 6687
33 53 51 40 7 2590
35 56 49 50 6 1408
13 14 17 11 2 6923
88 53 51 59 2 2274
57 36 34 49 4 955
57 32 57 49 1 4385
51 86 61 83 6 2314
100 81 66 68 9 5329
34 37 61 41 3 4930
99 100 85 80 3 5880
77 82 73 69 1 634
61 97 98 87 9 3861
94 98 92 93 2 1191
45 67 43 65 1 5196
75 100 89 74 2 7188
32 45 40 43 3 4742
48 60 49 68 1 3598
10 11 10 11 8 3220
11 10 10 10 1 2810
22 23 16 23 5 5809
86 51 85 88 10 6435
63 68 65 86 1 6496
66 93 88 78 3 4489
54 58 61 53 2 6536
42 39 51 40 4 752
56 77 76 53 10 3508
47 62 36 60 9 1299
40 40 41 48 4 6339
78 64 54 48 4 1978
100 81 78 82 5 571
26 23 24 29 10 3538
84 62 53 61 2 5288
68 97 92 81 6 96
43 55 40 50 2 3341
100 78 100 98 3 4784
79 85 59 100 1 2915
27 23 16 28 2 864
20 21 16 18 3 5612
100 71 83 100 6 6062
