250
47 47 48 39 90 2400
24 6 31 46 60 1679
45 7 28 12 100 18
46 30 10 22 90 528
37 26 49 25 90 635
32 14 5 30 50 575
10 10 21 44 100 577
21 27 5 50 50 2025
47 39 5 10 50 941
48 15 10 50 70 1994
14 27 15 35 60 304
40 19 44 45 70 1046
34 9 39 50 100 1451
38 44 35 48 90 362
8 22 17 50 90 2325
44 10 24 8 50 157
45 48 32 27 90 1299
24 33 16 24 80 921
41 11 5 25 70 2266
35 28 44 25 70 1386
42 16 13 31 80 880
23 45 10 19 50 1338
33 43 8 11 70 2362
28 25 33 42 90 2404
10 33 39 48 80 2122
17 47 43 22 70 2250
49 39 32 41 100 1280
34 37 27 42 100 784
45 19 39 47 80 1347
11 16 20 22 70 892
5 13 41 15 70 1923
37 37 34 6 60 508
37 24 6 35 60 1785
41 5 25 48 50 1183
40 34 19 27 100 1936
34 20 38 18 60 239
6 5 14 12 90 288
46 33 25 41 90 2241
6 30 14 36 100 1039
8 37 5 25 70 1001
28 41 5 47 70 2248
39 5 43 11 70 1599
10 16 18 31 70 2428
42 48 32 6 90 1365
6 44 40 30 100 541
42 14 41 5 70 689
27 5 33 31 100 2437
29 24 38 6 80 559
50 45 16 31 50 367
36 36 15 40 50 1682
24 41 18 13 90 1650
35 25 39 48 90 953
37 16 34 22 50 2112
8 33 46 9 100 1423
5 10 30 31 50 12
15 30 14 20 60 788
19 5 49 20 90 220
29 8 28 8 90 957
32 42 23 17 100 1488
38 15 22 9 60 1955
33 48 16 39 60 170
29 32 33 8 60 623
34 28 20 49 100 708
48 44 44 48 70 2421
9 50 10 24 90 5
35 46 30 6 90 1438
19 27 11 14 80 1208
21 15 30 49 100 57
22 31 13 31 50 629
32 30 23 20 100 462
27 11 11 50 100 2443
31 5 28 19 80 1574
45 31 38 5 60 2105
29 47 30 16 60 2240
9 18 50 40 50 292
34 18 33 20 100 1870
24 33 13 40 50 495
20 36 49 10 90 1265
42 31 38 32 50 1706
45 37 8 43 90 342
36 37 22 36 50 199
17 24 40 27 70 243
27 48 49 9 80 781
5 46 40 44 70 2292
38 10 17 6 50 335
46 32 39 50 80 15
47 30 48 10 60 1669
25 40 25 25 90 1874
31 33 7 9 80 2365
47 34 41 39 60 1351
18 31 29 14 50 363
26 15 7 31 70 1783
35 43 31 19 50 2349
36 15 40 31 50 889
40 50 41 45 80 2227
23 11 23 36 50 1690
35 29 28 43 100 759
33 41 50 47 100 1216
35 28 28 12 50 1822
31 19 14 43 70 2477
8 40 24 24 50 1027
32 11 23 29 100 98
21 43 48 42 60 1236
44 9 28 13 50 1599
7 43 14 43 100 872
33 44 11 15 60 1640
18 6 23 19 80 287
13 22 17 9 70 634
7 15 21 19 70 998
10 15 38 49 70 967
21 33 43 43 60 897
7 48 41 31 80 1912
45 40 11 7 100 1465
17 9 29 46 60 2216
33 50 36 47 50 1870
38 50 30 10 90 1543
22 36 7 41 100 1423
33 34 20 11 70 204
5 12 46 47 50 1324
43 34 48 50 60 622
11 43 11 24 90 1913
27 22 36 35 100 1873
15 34 18 29 50 2266
15 48 20 9 50 606
22 14 17 49 60 1366
46 9 26 9 100 2255
5 33 48 45 70 950
18 17 47 37 70 990
30 37 35 13 60 704
32 27 28 6 50 1363
6 37 5 17 90 1219
45 33 45 21 80 1967
42 41 29 29 90 474
47 21 33 26 80 2176
7 27 15 25 60 616
25 39 41 43 90 1881
23 46 15 23 80 2490
44 35 32 47 90 338
36 38 35 17 50 1262
19 49 33 26 50 950
41 23 22 21 80 2186
24 13 16 50 50 734
6 27 22 39 50 315
28 14 49 26 100 832
26 9 32 26 60 1132
11 17 8 14 60 125
47 44 5 31 80 1511
11 41 7 33 60 2450
9 32 37 8 60 1352
29 8 36 9 80 2209
27 6 49 47 50 1719
49 44 29 49 70 896
47 49 5 20 50 2003
50 49 27 16 50 292
36 40 26 32 100 2029
50 29 13 30 100 67
49 36 12 50 60 1919
35 26 43 10 80 2317
19 9 47 6 60 1833
15 50 34 33 70 1726
5 14 31 28 50 2266
22 16 27 33 80 2485
32 5 18 32 60 1074
14 27 24 29 70 2125
19 32 6 11 100 1239
33 32 11 7 60 620
11 32 17 50 100 1936
42 46 32 9 100 1170
20 26 40 18 80 2177
40 43 43 5 100 1181
15 39 40 45 50 728
40 6 6 32 90 2167
11 17 23 29 90 2481
42 35 23 25 90 494
32 42 12 19 50 414
27 27 29 21 80 548
35 33 20 29 90 1896
21 9 39 41 80 1809
5 24 30 7 70 902
22 43 30 31 80 2051
50 41 30 7 50 606
6 7 31 37 70 17
49 21 48 20 60 1569
16 41 11 43 100 1790
43 33 34 40 70 855
29 35 41 7 50 1282
28 19 44 18 70 2091
11 23 30 12 50 446
29 50 32 15 90 1140
35 7 29 47 70 1234
47 38 35 22 90 2378
35 25 48 24 100 702
31 31 34 41 90 624
5 34 10 49 100 2261
10 15 33 20 70 2079
16 34 25 47 60 210
21 29 48 15 90 1482
14 14 49 38 100 1909
10 29 22 36 50 1589
7 34 11 6 80 1057
21 8 24 49 60 2256
9 32 14 47 90 1009
36 5 16 8 90 771
30 27 27 21 100 1257
16 49 6 45 50 1165
44 6 18 29 80 2173
49 44 40 7 80 1625
42 47 22 41 90 1308
8 42 42 39 80 1776
50 40 34 45 90 129
32 6 15 42 90 274
25 44 12 25 60 2162
45 13 41 32 80 1095
16 18 35 9 80 943
25 31 37 8 90 1448
24 33 10 40 60 1304
10 17 25 27 80 2291
23 31 12 32 60 2355
18 16 9 42 70 1521
27 31 17 36 70 1748
17 37 6 39 70 427
20 43 23 19 80 1124
27 30 38 26 90 879
36 37 35 37 100 325
18 25 43 7 50 1546
15 35 13 12 70 1388
20 48 33 23 60 1618
34 31 31 43 60 1685
44 32 13 16 70 904
11 47 42 22 60 1203
25 25 19 22 50 1799
29 42 30 45 80 2300
20 22 50 15 80 199
17 37 35 10 70 2238
33 50 44 40 100 1130
7 33 15 49 80 417
21 29 50 36 70 1156
42 11 5 17 50 1933
15 19 10 32 100 2496
44 23 16 31 70 28
9 22 32 19 50 1038
26 20 49 44 60 2039
8 36 9 8 90 2260
10 12 48 16 100 626
21 47 21 47 50 1897
22 46 50 28 100 2274
36 29 19 41 50 1985
13 5 29 7 60 483
30 6 44 23 100 1116
11 27 35 14 70 770
