400
94 56 19 53 32 1093
49 6 44 91 33 965
43 68 86 22 18 907
16 80 34 40 20 2809
27 58 9 65 7 797
72 61 1 9 46 1989
63 33 24 72 9 5249
88 2 33 89 44 2587
10 43 24 56 5 1085
39 43 78 33 37 1300
31 7 42 68 40 796
91 2 72 60 37 5982
87 45 86 78 32 1588
55 80 14 71 26 838
5 18 2 14 12 1862
57 94 27 19 29 5557
49 50 76 95 24 1875
5 67 100 54 36 6108
94 32 75 8 30 1390
11 84 9 81 48 3958
39 47 29 67 1 2168
25 91 77 65 20 4111
16 27 27 61 6 2548
88 4 100 7 11 3312
87 94 59 75 23 2636
13 24 49 3 10 2949
45 40 37 71 2 5329
28 2 98 21 23 2578
43 3 71 58 20 2614
28 36 7 72 31 2760
13 59 34 98 30 2859
49 45 41 13 17 4955
99 4 61 6 22 4994
58 44 37 40 6 4163
29 94 76 98 20 775
17 6 9 35 36 1736
82 36 91 73 27 6276
13 46 83 3 17 439
48 46 30 75 38 2592
39 1 29 44 31 1028
39 11 87 58 37 3380
11 95 49 73 20 3737
18 2 38 30 29 4620
21 35 79 6 47 917
94 23 3 5 36 1115
79 63 59 56 26 2085
91 80 66 72 1 175
78 90 48 10 36 2690
61 73 48 60 50 5031
35 44 76 73 32 1287
49 67 71 32 8 4048
40 21 21 13 6 4363
82 84 37 79 10 733
64 22 21 63 8 826
59 31 78 37 35 5132
30 40 75 89 17 615
25 32 84 14 15 4944
12 69 87 63 11 1556
59 19 41 1 2 494
47 33 40 77 50 5110
45 27 89 43 39 5434
17 88 57 48 12 6026
33 3 27 27 28 4203
47 98 49 40 42 230
76 59 99 42 45 6218
83 81 56 18 2 5579
77 20 34 45 22 397
97 27 44 69 23 3618
27 91 23 99 31 430
45 16 41 30 24 2119
25 20 87 29 19 1229
16 34 58 35 0 5993
29 42 82 70 38 4921
68 7 43 43 3 2237
79 77 64 36 19 3652
39 80 78 50 20 1699
61 33 45 5 40 591
50 84 34 18 1 143
40 57 24 12 32 4889
32 28 41 40 0 5765
38 100 69 4 50 3090
26 16 53 2 16 1059
72 56 17 87 32 3854
9 36 82 58 40 4008
74 10 55 59 31 6098
62 5 49 94 21 660
9 24 88 68 32 4265
99 13 35 47 18 3664
53 17 82 72 32 1319
45 74 46 36 35 3306
96 66 70 54 1 5076
10 92 51 23 1 3529
75 65 81 91 45 5048
42 38 28 30 4 4839
13 85 23 48 49 3883
90 39 28 90 33 5447
97 16 43 76 4 4751
25 55 34 23 48 4676
22 37 24 51 22 1464
23 63 54 9 49 5990
20 27 25 40 5 3854
3 59 71 82 4 2900
80 29 38 99 47 2679
93 80 30 82 29 2307
25 51 33 98 21 2856
21 72 31 6 8 1276
25 30 68 80 38 2630
20 74 49 23 42 4312
84 15 76 22 49 557
62 30 90 77 6 2980
64 42 34 24 28 2750
49 80 14 57 3 2479
28 24 6 62 26 3476
72 47 98 12 50 3430
81 2 81 92 39 1874
69 42 5 87 22 3504
12 50 16 22 6 1762
77 62 80 97 41 5681
5 86 46 45 20 3789
45 76 7 40 16 4988
47 96 77 91 41 441
41 39 34 42 29 5757
14 25 55 90 40 1785
7 34 27 2 3 5889
3 1 36 34 2 5879
67 100 62 9 13 5752
43 72 78 54 2 5116
83 81 67 70 45 5751
31 7 43 55 17 2264
98 81 82 49 14 1571
45 46 72 85 26 1039
9 15 50 37 33 2474
3 71 82 7 35 563
41 78 34 59 44 3987
39 82 73 75 45 844
20 86 47 7 25 2914
40 79 85 45 11 3057
3 89 48 60 15 6117
62 78 96 5 8 1550
10 56 55 17 42 5208
5 91 98 62 32 4527
98 28 20 58 9 1542
4 50 86 9 30 1690
99 83 18 88 47 5036
94 17 16 24 36 508
67 12 58 22 9 4140
85 18 79 60 26 3059
8 79 23 2 0 4501
63 2 89 29 24 4723
40 22 58 1 47 1873
6 44 63 99 38 2610
29 71 21 89 26 3258
67 57 54 68 22 570
88 25 52 51 15 1549
54 52 6 32 44 2086
39 5 71 68 46 3793
4 59 45 94 25 904
61 73 85 70 18 3767
54 27 82 85 18 2730
57 11 72 43 25 1953
86 57 7 14 38 4981
100 84 89 56 35 2439
84 2 26 33 16 2091
22 24 98 6 44 5743
48 20 24 97 8 4173
75 10 4 24 18 4251
3 38 48 88 28 5110
83 89 84 13 20 5579
34 31 79 16 13 4546
61 79 24 10 24 1099
68 84 99 27 8 1659
36 82 26 64 35 2363
29 85 54 85 29 879
70 16 50 90 11 5222
9 34 30 67 19 1207
60 36 70 58 40 1455
18 93 97 13 29 3786
79 88 71 53 31 3479
17 16 35 55 22 3785
73 60 61 70 12 3961
68 38 89 95 46 836
3 27 100 12 38 1984
22 78 40 6 26 2515
40 4 11 91 24 3909
72 75 46 20 33 3157
24 37 60 6 46 4570
78 25 46 50 40 6150
48 94 98 55 6 3747
17 39 64 62 17 2652
62 20 4 12 12 2679
73 23 33 46 3 663
61 60 93 44 21 226
87 49 73 97 27 2078
69 43 78 35 33 5002
30 95 55 6 41 1647
49 77 39 43 50 4676
5 44 33 3 50 1293
67 48 34 7 20 2474
45 12 91 98 15 1147
26 93 45 9 16 3366
46 80 18 17 38 4252
95 87 75 7 2 3219
57 55 77 21 7 1059
19 32 91 88 32 6092
57 60 80 17 46 1787
14 43 59 11 2 4059
54 8 75 46 17 1045
11 12 47 2 9 895
31 47 16 42 0 4332
19 36 2 28 22 4551
45 52 46 91 44 2954
75 14 29 1 23 5645
61 22 15 22 27 1284
19 83 93 65 9 3285
71 9 97 44 28 518
92 98 73 50 10 3732
76 7 42 59 44 4133
29 45 91 79 20 1187
80 70 75 49 2 3088
97 22 27 50 45 3589
80 91 4 89 43 531
73 8 55 69 34 4781
42 24 20 5 13 4411
59 97 62 85 20 2857
40 54 73 95 2 3961
30 34 82 20 19 110
8 89 96 85 50 3708
6 56 21 84 34 4877
100 73 83 1 39 5257
22 91 79 61 8 5931
91 27 7 25 49 6073
55 45 2 49 24 4140
76 52 3 2 21 4063
30 96 17 68 7 5637
62 45 73 88 50 1899
75 18 99 25 46 956
22 71 11 99 37 802
11 56 56 94 1 744
62 59 30 95 11 4329
22 28 40 12 16 5550
88 42 50 35 14 6031
35 75 23 34 16 2632
70 53 81 25 1 2550
13 21 20 30 48 6184
36 79 62 57 49 6257
1 12 53 92 33 5436
17 30 82 27 12 2228
49 40 67 77 12 3111
28 85 99 35 26 3061
83 54 67 67 28 5053
99 43 62 97 38 1843
37 96 57 80 29 5202
44 76 70 9 48 2478
31 79 92 31 7 3291
81 72 99 61 46 5439
97 65 35 78 35 1549
36 31 100 92 25 111
93 95 78 41 21 5141
72 65 15 27 36 1025
88 8 30 95 11 4072
10 58 26 80 49 5910
99 87 30 100 42 1217
93 31 28 3 14 2910
90 15 17 64 48 4025
30 72 8 77 9 3328
57 39 2 100 49 1850
97 71 50 29 30 2151
14 66 95 24 23 3782
99 100 66 93 31 1084
19 15 87 50 45 2795
64 88 97 14 39 1598
60 63 36 40 42 4272
12 82 100 17 50 1416
98 82 78 11 41 2456
6 90 100 6 12 3353
46 93 22 82 34 2205
67 6 80 25 27 3977
40 25 29 30 21 2006
57 52 68 73 1 2906
56 12 61 77 13 4104
97 64 6 38 5 3088
83 74 65 69 27 2150
9 33 92 29 13 2994
78 49 40 60 19 3256
99 13 90 82 24 4036
34 97 96 20 19 1637
57 37 18 96 29 4880
53 56 21 35 40 2755
49 23 22 75 39 4602
69 91 70 84 30 4239
57 34 88 83 24 3727
51 22 37 20 36 5866
38 81 12 19 22 1583
80 42 10 38 10 3181
45 78 40 96 37 5606
25 83 5 94 32 6119
20 52 47 52 32 3498
66 55 81 38 15 1573
80 88 50 58 46 2587
65 97 52 40 7 4669
76 45 27 3 4 4035
14 69 92 3 50 2214
44 90 4 34 40 517
92 32 77 13 44 3349
40 49 52 66 5 3089
50 38 95 52 29 1643
8 56 98 40 22 3397
59 87 62 31 11 3407
65 73 94 100 13 4515
86 15 38 89 48 5045
1 18 94 92 5 6170
16 55 48 66 17 5607
1 3 82 77 31 3850
89 49 43 74 20 6244
24 13 68 94 25 1289
56 34 23 67 16 5971
35 55 81 67 21 5077
63 56 81 7 21 1532
75 84 36 17 7 3942
60 61 28 31 6 1454
31 18 90 81 6 4630
57 74 63 63 14 1399
53 61 21 14 43 6025
81 78 30 26 46 2052
86 98 5 21 28 3333
6 97 9 12 25 2243
94 4 25 65 46 4333
44 9 55 30 17 3629
78 45 84 9 33 3330
40 20 70 64 39 4821
30 66 51 58 48 3770
90 6 91 24 36 899
78 41 7 47 22 5260
95 66 65 39 31 145
44 4 82 34 40 834
72 10 34 98 14 2604
12 7 74 1 27 4156
21 72 66 56 39 2181
79 54 81 5 26 5924
99 27 57 35 26 4799
51 95 17 10 17 2707
74 55 76 56 14 667
1 39 14 16 22 322
89 85 80 74 9 3457
31 3 76 86 7 5195
82 19 48 59 3 4048
14 98 27 20 4 886
45 30 18 45 17 3303
33 53 56 97 42 6194
34 99 49 68 33 3068
44 64 14 59 47 5239
98 39 84 71 1 985
85 84 2 31 34 2463
65 30 10 92 1 3271
14 80 20 68 22 4720
14 68 41 37 17 4958
27 70 99 8 23 5571
58 80 53 88 36 3016
40 8 41 10 0 5660
64 40 52 28 39 2165
39 69 39 32 40 4421
80 31 99 4 36 5442
92 25 3 30 42 5062
11 69 33 81 4 368
36 58 53 89 7 1269
69 12 99 8 36 4532
58 49 21 71 22 5338
52 43 23 22 42 3988
63 82 44 51 23 2747
66 65 71 23 3 5783
50 92 52 52 22 3768
78 61 11 54 49 4402
95 59 73 48 2 3549
5 89 29 36 5 2410
22 12 3 85 46 4113
12 65 44 82 49 2506
81 89 41 15 5 1337
52 84 84 82 28 986
20 68 54 96 37 802
41 89 67 51 6 3861
97 38 45 26 6 4235
93 82 97 57 46 4561
4 59 85 91 25 5221
5 16 42 57 14 4415
20 2 34 100 25 383
64 79 48 54 28 4346
87 53 61 35 43 5261
29 20 66 65 37 4245
68 63 7 1 15 1427
86 24 74 24 34 3116
55 8 97 43 12 4602
34 72 78 58 15 920
27 3 6 51 41 4210
78 66 84 35 38 5644
70 75 44 61 20 5712
60 60 100 74 45 804
18 97 4 48 17 375
47 75 48 85 30 3372
2 18 94 65 47 5753
8 56 71 76 32 3922
