300
109 41 144 106 55 3080
92 120 69 63 135 510
62 119 190 45 82 2390
56 129 58 110 148 60
77 33 148 22 83 1050
21 148 61 107 119 710
32 83 104 134 63 1619
97 26 136 136 126 874
171 30 189 154 63 1175
104 77 96 21 116 3249
35 70 176 33 57 2205
152 184 58 142 88 2076
147 54 193 61 106 1292
121 57 79 21 100 2608
69 78 135 26 88 1820
71 61 158 57 72 3458
175 189 148 73 127 3420
59 151 174 164 68 2925
91 34 87 84 68 602
117 87 93 92 80 1375
148 142 131 145 82 1085
45 185 83 188 93 2820
96 67 80 177 115 3421
112 156 191 180 117 2884
98 48 134 61 91 2568
160 199 200 75 113 1139
76 60 93 104 97 1817
107 84 82 24 144 2868
166 53 37 172 108 3327
76 195 138 32 84 36
174 147 34 188 69 969
177 151 52 94 107 2150
56 109 65 170 125 2646
71 118 41 89 147 844
90 41 81 131 147 389
103 123 175 68 149 973
20 180 153 113 96 731
119 130 72 67 99 1216
68 26 101 114 120 424
165 72 80 55 112 966
160 54 197 94 89 218
198 163 160 46 144 3256
108 167 67 126 143 2802
30 30 20 113 116 2546
22 167 169 172 57 3016
106 126 160 150 84 251
22 45 98 96 148 838
152 63 22 153 75 1867
57 198 85 46 92 2250
165 71 22 137 124 1787
112 161 176 189 93 1381
153 40 71 41 84 1560
122 155 30 75 58 1150
151 149 73 190 76 403
159 21 126 188 108 2428
24 133 26 82 114 2377
151 104 85 195 127 2414
65 187 161 106 116 312
35 167 186 181 107 1181
163 159 144 50 117 1375
61 95 79 94 103 1560
133 127 122 179 68 1611
44 168 25 38 82 122
153 133 79 108 55 3310
52 36 195 102 142 2696
52 128 129 192 120 3450
20 166 123 35 64 1265
52 101 52 185 67 917
163 26 185 158 107 270
115 129 52 50 85 1483
189 148 165 52 68 2349
193 198 125 189 118 2525
57 186 193 82 113 2577
104 121 80 30 137 1199
151 152 71 96 121 1259
101 187 49 158 105 3057
81 170 110 164 134 1678
174 183 120 68 117 3000
179 42 23 156 133 1861
99 136 38 141 76 1977
173 58 97 28 79 780
70 129 154 112 136 1632
138 73 130 182 70 2768
164 195 193 158 89 1854
79 182 115 118 91 1938
108 140 196 163 101 2870
125 182 124 78 92 99
169 91 144 94 113 1354
127 143 163 55 111 2397
117 63 121 181 63 232
100 161 185 70 130 2947
113 193 199 68 125 1825
108 144 82 113 87 322
25 40 194 171 143 3480
175 140 150 141 69 1925
193 144 128 52 60 1943
56 29 91 191 138 699
80 197 76 91 102 885
176 192 123 106 108 3193
156 148 65 175 109 614
121 23 108 152 107 118
26 170 76 83 137 2011
64 89 87 62 83 2488
165 90 52 153 130 1624
27 155 171 66 54 1449
40 83 145 200 107 3289
167 91 47 176 55 605
170 65 29 22 58 231
144 92 107 104 76 170
57 81 87 71 149 1548
86 37 188 194 85 1165
170 27 77 130 68 1427
152 123 112 182 76 138
156 180 125 41 120 884
133 174 179 190 70 1594
95 191 119 197 101 2047
82 159 24 130 80 353
103 76 97 198 58 3306
174 56 25 184 116 382
69 111 39 163 137 480
88 154 88 198 148 496
114 39 26 172 141 2521
110 46 99 80 62 3378
175 164 180 45 108 3330
159 64 197 149 140 653
177 162 183 116 95 2669
95 165 63 70 127 839
54 43 126 93 135 3328
98 134 100 69 81 718
29 35 110 68 63 1475
197 45 131 89 64 3282
36 166 128 142 83 2269
43 176 162 185 74 1570
115 87 83 88 125 2333
93 46 90 139 93 1554
99 37 58 144 88 993
190 57 133 91 67 1896
93 172 151 79 104 1450
100 74 112 183 61 2002
172 40 108 186 83 1673
115 139 46 115 126 3294
73 35 112 110 59 2089
200 87 194 41 111 1453
181 88 191 44 50 2999
46 20 57 47 93 1285
153 74 148 154 138 2573
106 73 179 83 134 524
137 24 23 91 111 1042
113 115 198 150 144 1420
27 165 173 144 150 2590
48 57 174 31 106 1843
81 92 176 46 94 2597
80 62 80 107 120 2226
129 83 64 100 129 2701
22 50 70 31 62 3249
55 53 88 30 113 3388
76 130 112 164 73 1833
174 124 28 35 120 3024
100 124 77 50 73 817
185 106 57 58 78 2838
113 52 197 42 91 3306
101 104 198 43 82 3367
57 36 51 187 141 487
86 37 84 78 55 1687
56 51 39 141 52 1760
110 175 92 147 144 289
101 48 63 60 102 1857
99 182 47 110 69 2101
182 103 194 176 67 689
167 31 42 135 86 3134
131 97 172 147 121 2826
127 147 67 58 75 1196
65 199 58 72 129 2658
145 155 113 116 110 550
59 178 144 44 140 1650
164 73 35 91 141 1934
114 125 183 121 104 979
153 22 194 168 115 569
189 152 125 86 94 1433
199 198 56 182 97 1229
29 40 153 45 123 2075
105 159 189 69 106 2197
190 96 25 198 149 3243
45 102 189 182 113 699
45 108 86 194 83 308
164 69 58 96 65 1708
46 131 80 38 56 1457
145 38 170 96 126 1100
40 57 38 115 79 2173
136 20 122 184 50 188
27 77 88 120 91 799
179 152 85 38 120 2262
136 152 164 127 110 2468
52 20 106 113 65 1304
121 67 141 71 78 1545
109 28 71 92 76 2903
137 125 35 51 69 699
145 93 55 66 80 1023
77 25 90 91 62 319
90 172 122 67 51 264
200 117 123 50 66 351
175 101 50 168 83 302
148 192 153 113 80 1151
97 51 29 127 60 328
126 112 33 158 60 2435
75 72 28 99 143 1433
51 47 96 24 124 2491
173 140 98 42 133 3177
95 121 121 175 116 1686
22 61 51 162 69 190
46 64 76 175 135 1720
121 109 90 170 91 3399
105 149 50 160 71 704
49 176 159 115 138 165
56 41 182 149 125 2991
185 159 43 129 114 1955
137 193 149 123 88 1825
139 28 33 48 120 2883
110 87 130 54 82 2144
92 112 97 164 142 2958
134 102 136 119 112 2771
81 96 188 80 136 321
197 76 115 56 126 2328
80 43 56 112 126 3310
137 20 133 197 85 559
126 55 47 137 143 3014
199 41 185 120 141 808
112 175 88 24 126 3075
66 159 79 59 126 842
63 131 136 152 70 1543
196 170 66 152 139 982
72 177 71 42 132 269
34 194 87 28 77 2332
100 198 45 112 149 173
144 139 125 88 101 3039
82 178 109 187 105 1482
177 98 103 193 70 595
88 113 49 147 107 1292
29 95 184 167 122 901
89 130 191 110 115 189
147 161 89 148 73 2932
71 140 100 127 111 3006
160 88 166 138 98 91
67 200 34 104 145 272
140 114 75 34 110 3143
49 139 98 71 77 3370
79 82 53 147 114 3409
25 117 65 77 64 2699
138 111 175 110 143 2028
27 100 187 189 101 2240
149 70 165 82 118 1123
191 140 107 144 72 1792
36 51 146 163 107 1773
111 103 96 194 119 1899
116 106 181 108 90 1656
124 153 72 125 93 775
125 70 130 181 140 2380
181 181 62 137 129 3449
116 61 23 108 76 2680
31 67 186 162 67 1959
74 129 125 103 103 3263
31 114 169 45 55 517
101 174 159 103 124 1259
98 173 120 131 52 2360
85 129 169 49 94 201
74 21 108 142 103 2514
110 188 75 144 90 2887
148 108 98 161 146 235
75 116 166 88 83 1307
146 110 168 185 133 1787
103 174 81 147 147 1666
49 37 67 43 125 1091
50 22 55 147 86 1979
149 194 166 33 140 1481
188 175 54 158 93 1616
81 199 77 108 106 1912
20 199 136 120 70 3475
162 83 66 83 58 967
25 183 135 156 131 1255
57 25 173 132 59 2230
187 24 76 63 144 2955
92 28 128 29 80 1728
171 186 157 72 124 192
139 138 76 126 137 339
96 77 145 89 98 3062
113 46 61 99 131 972
41 135 37 146 149 894
70 145 105 83 147 825
189 24 117 168 76 2901
154 192 102 27 60 1285
100 92 125 139 79 1836
150 181 32 42 77 1457
99 53 66 98 90 2212
38 127 34 171 53 204
134 65 131 148 144 1743
82 78 35 178 144 1988
45 115 71 55 105 2213
131 29 100 43 96 2962
182 98 58 186 123 1845
136 103 116 156 57 2285
