50
21 42 50 30 6 127
11 18 50 5 11 326
49 24 7 18 16 413
42 45 45 41 8 256
45 36 8 12 5 234
13 37 20 48 18 430
34 10 10 34 2 485
11 15 26 14 4 376
15 45 15 47 10 137
36 23 27 38 8 248
26 32 24 36 12 444
42 10 30 23 10 109
20 44 10 31 15 105
39 31 21 49 17 411
14 12 31 32 3 336
21 19 41 13 19 331
48 24 45 35 12 165
6 36 16 41 10 129
35 41 32 20 14 388
7 47 16 19 1 415
45 39 41 44 13 105
32 6 42 6 4 147
45 5 32 9 20 282
14 8 21 25 6 131
45 47 19 28 19 312
40 47 28 45 1 246
21 28 7 26 9 278
16 46 28 45 9 150
18 49 5 26 10 191
30 29 26 5 12 313
5 26 15 37 19 168
42 7 47 40 10 483
16 22 24 30 8 259
42 49 7 36 8 328
45 29 22 14 16 226
32 8 39 12 15 438
48 9 29 45 13 303
26 19 50 47 13 419
9 13 20 13 20 313
22 32 41 17 16 268
28 29 11 34 2 383
12 10 28 31 20 379
46 11 10 45 18 391
30 22 7 45 15 117
40 14 50 16 5 257
40 29 14 13 13 370
15 42 30 44 6 167
40 41 39 11 4 377
6 22 37 9 18 266
11 42 12 33 9 283
