100
45 15 95 82 9 155
57 75 89 65 6 149
99 93 12 18 9 41
32 8 49 38 1 28
1 100 62 83 7 42
22 37 4 63 8 22
31 99 6 12 4 93
66 66 48 43 7 126
89 45 65 11 3 37
69 41 74 55 10 67
41 80 24 99 2 25
84 60 53 7 9 156
44 57 65 68 9 103
71 86 18 72 10 28
26 8 90 9 6 179
41 4 61 51 8 79
93 43 57 97 6 153
30 22 48 18 8 37
100 2 93 8 5 37
74 39 25 83 10 106
85 70 74 54 3 70
56 11 30 14 2 99
74 60 26 83 8 106
88 43 59 57 1 47
90 70 7 72 3 59
94 21 58 10 3 26
34 22 68 6 1 44
3 72 12 92 4 184
67 90 60 5 2 93
10 13 18 86 6 134
73 23 55 20 1 37
53 72 99 51 10 161
39 32 61 42 4 56
5 47 82 75 4 151
48 2 94 25 7 153
92 41 63 85 7 177
73 34 40 28 10 42
13 43 42 86 8 153
18 74 84 18 1 105
17 46 88 6 10 169
33 72 42 71 7 50
65 15 80 28 3 30
57 72 97 70 3 165
95 79 87 58 6 175
94 19 11 60 9 168
4 38 65 37 4 124
24 89 96 40 3 43
24 55 68 12 9 127
14 41 59 47 7 39
58 9 39 40 4 44
62 63 39 39 2 121
38 71 30 84 3 33
1 78 81 34 7 81
93 37 4 90 5 28
44 38 4 11 6 37
11 75 35 30 6 29
64 2 28 30 7 86
83 12 9 3 4 33
92 5 15 5 5 40
42 30 35 30 8 82
54 28 42 12 10 68
9 56 14 93 7 24
89 71 81 26 6 49
44 67 86 58 2 52
17 23 11 96 4 40
79 81 15 65 8 63
94 5 22 20 7 93
95 70 51 54 5 101
92 53 62 99 6 155
53 77 42 94 10 94
42 44 28 12 9 58
8 54 8 32 5 36
20 10 43 77 6 149
67 9 73 59 9 146
21 16 43 46 6 34
12 78 41 21 1 12
25 94 43 63 6 103
64 86 6 30 6 60
100 60 70 10 1 137
30 42 10 62 6 30
88 81 18 26 5 34
15 21 27 89 5 155
84 29 11 76 8 12
18 9 45 33 4 22
2 45 14 1 4 33
100 53 68 28 5 141
57 34 81 39 6 137
10 32 29 25 2 44
52 3 42 73 2 90
4 69 80 16 9 34
64 73 6 39 9 76
87 8 87 81 1 45
99 61 62 88 7 84
29 22 6 5 3 25
75 85 5 47 3 128
11 52 23 19 6 22
26 28 29 3 7 9
76 86 61 72 5 156
75 28 62 42 5 70
51 93 54 45 3 81
