300
21 10 29 15 6 328
41 30 25 10 8 347
17 18 24 43 14 471
13 43 24 39 9 300
12 23 47 38 4 193
20 50 17 15 16 313
18 36 34 12 1 384
32 7 36 30 4 243
45 44 26 39 16 344
43 15 49 27 4 328
5 21 50 30 17 463
46 50 25 30 5 165
44 35 9 7 11 135
26 36 28 16 11 190
17 29 31 13 6 276
26 43 17 12 13 331
23 13 49 18 19 315
33 36 15 22 15 418
43 34 22 47 5 168
10 23 46 7 8 338
28 22 19 48 10 424
33 45 5 8 3 109
47 5 11 6 4 223
42 22 24 12 14 414
33 33 42 9 13 482
39 19 5 41 3 280
50 14 49 28 7 354
42 47 31 38 10 284
41 50 34 31 9 322
17 41 27 19 6 149
20 27 25 17 14 138
20 13 43 24 4 140
17 18 12 27 20 151
50 21 20 5 2 401
17 44 45 32 7 120
21 22 43 5 19 398
49 14 49 17 7 146
48 42 26 23 4 238
17 43 27 26 20 392
36 15 7 12 5 113
9 5 26 16 10 399
20 38 26 42 7 125
9 14 18 37 2 175
42 33 25 23 20 286
18 16 10 7 5 469
39 35 49 27 1 191
29 45 38 15 12 485
12 46 5 33 4 313
36 33 49 31 9 325
20 36 21 16 1 248
30 11 7 18 5 121
49 10 20 40 19 371
32 17 12 40 6 424
17 15 40 34 7 231
31 42 15 44 13 157
29 24 39 17 4 420
8 9 19 44 13 343
27 47 24 14 3 288
12 8 43 12 15 228
37 37 5 10 17 273
39 33 16 11 1 142
22 39 28 13 18 113
20 18 43 19 9 227
33 50 44 17 18 499
47 50 46 16 18 106
44 16 18 36 5 327
49 35 13 13 12 154
24 50 45 11 6 306
49 28 49 44 18 469
34 5 22 21 6 476
42 18 26 43 18 172
43 48 7 25 2 175
48 30 49 11 5 460
20 34 28 17 7 479
31 5 47 17 4 244
5 24 40 21 8 281
34 34 45 17 20 107
35 41 36 7 18 258
5 50 19 43 19 463
9 36 29 44 17 273
32 17 35 5 14 426
18 21 47 16 19 436
36 6 14 13 1 258
24 6 5 7 18 461
35 31 10 32 3 168
31 32 26 43 17 246
26 38 17 36 3 133
34 42 25 32 17 484
49 42 32 7 4 363
40 38 18 40 3 106
24 43 41 45 18 490
27 9 13 11 10 162
25 44 36 6 2 477
6 33 21 44 16 310
15 40 27 50 4 117
14 17 25 10 19 167
6 16 17 15 8 356
20 37 30 7 17 201
29 27 26 42 19 295
37 44 26 8 18 169
26 24 16 34 12 434
15 42 13 9 2 155
26 5 36 39 13 286
50 39 13 37 17 469
15 22 48 24 17 117
15 17 42 6 19 230
8 10 24 47 12 388
5 26 19 27 15 155
20 8 28 42 4 389
43 18 30 17 15 492
6 32 9 36 19 372
44 22 30 35 15 151
9 33 34 16 16 120
39 25 31 8 19 441
6 41 8 47 5 129
39 41 24 37 2 332
19 12 5 32 6 142
12 16 32 36 2 345
27 16 17 36 8 211
18 22 20 33 8 397
14 38 6 39 15 494
23 14 7 34 10 335
18 19 26 42 11 420
39 21 18 44 14 459
41 33 50 34 11 109
15 9 44 30 2 489
22 16 7 49 2 259
20 43 43 46 19 269
32 29 50 27 16 353
38 29 5 30 6 347
14 39 28 29 8 480
50 5 28 17 1 371
8 8 21 43 11 402
21 39 22 41 17 205
7 18 17 37 10 348
19 26 10 50 14 144
40 44 38 8 18 108
17 48 29 37 2 362
21 36 41 34 14 390
42 35 35 21 15 466
39 48 41 45 4 437
42 19 5 30 11 484
27 20 27 40 1 345
8 10 18 34 1 315
12 42 33 40 5 203
38 41 19 5 8 398
36 29 25 36 12 341
27 33 49 44 2 106
30 18 10 24 5 394
37 32 43 41 18 319
16 24 7 11 15 193
49 32 13 8 16 130
25 39 36 12 8 423
26 19 45 42 7 336
41 46 43 25 20 223
21 32 31 26 15 150
35 30 16 32 1 379
20 7 23 47 18 239
50 8 29 22 6 287
32 23 49 47 19 159
45 16 47 35 2 345
6 37 41 24 3 260
9 39 50 14 9 372
12 14 7 27 3 162
12 14 23 25 17 386
26 21 44 30 10 209
43 39 37 40 20 404
5 35 13 44 2 340
29 49 31 23 15 477
20 39 9 35 19 437
49 40 12 31 11 430
12 30 32 5 15 422
30 23 12 30 15 421
18 22 30 22 1 257
30 21 29 50 9 328
31 18 37 15 12 318
32 35 36 14 10 264
24 35 9 47 19 354
39 33 5 33 2 354
49 9 44 8 8 151
49 42 33 16 1 148
37 24 40 30 9 264
14 38 32 8 2 218
31 30 40 16 17 238
42 27 15 47 4 124
28 31 48 5 9 431
40 34 49 7 18 302
28 40 41 38 1 237
38 39 22 50 3 450
48 32 15 17 16 167
16 22 28 19 17 163
19 35 30 21 5 130
24 44 6 39 18 485
31 5 49 32 3 304
41 26 17 25 14 473
20 5 36 30 7 202
8 12 33 31 4 466
8 37 50 24 8 434
5 12 39 32 14 331
24 46 13 12 9 479
33 19 18 27 5 169
30 23 19 48 2 249
47 26 35 42 17 151
32 37 16 36 9 323
47 41 10 15 5 391
23 7 36 9 7 214
11 44 5 46 11 498
24 38 8 21 2 150
38 9 45 10 7 168
21 21 22 31 9 321
41 9 50 34 11 406
25 8 7 50 5 395
20 24 8 23 3 298
26 13 23 17 2 418
46 30 21 27 8 315
44 42 32 26 2 160
9 33 31 6 11 353
42 31 33 37 2 465
12 6 34 8 2 489
10 23 7 35 19 332
30 26 25 48 12 491
15 45 31 44 12 115
25 33 26 50 6 260
15 12 6 34 12 444
42 5 50 47 17 295
20 12 27 48 4 488
21 36 33 45 18 318
48 44 44 44 1 427
20 33 37 46 15 158
31 29 39 13 3 132
37 13 35 49 19 436
50 9 26 35 11 197
24 17 49 49 10 271
34 34 21 31 8 309
12 36 42 13 20 139
13 24 41 10 13 188
37 42 27 50 15 212
35 19 9 19 4 423
50 40 42 41 5 117
15 22 20 46 9 104
22 31 18 31 17 301
24 19 21 9 17 153
48 36 42 18 13 353
36 34 14 49 13 148
30 36 24 10 16 372
35 17 37 20 16 244
32 5 25 48 12 177
6 9 47 21 15 452
25 45 33 40 18 169
46 46 24 16 2 220
37 13 34 25 13 125
18 39 50 6 10 406
9 30 8 19 18 465
23 20 47 32 8 185
25 47 7 25 18 217
12 36 32 21 12 222
22 44 24 23 3 249
44 20 45 13 17 375
11 35 16 23 15 206
8 18 44 9 3 487
48 42 15 13 17 281
23 42 35 27 16 487
9 24 42 11 3 238
12 27 47 42 15 269
27 38 48 41 16 401
21 5 37 29 9 205
37 11 20 19 7 292
6 21 25 31 16 327
14 41 50 35 16 469
21 45 14 48 16 272
13 14 20 12 9 340
29 28 44 9 12 185
9 26 23 10 11 126
16 15 23 21 12 277
46 16 8 46 18 427
18 12 46 6 11 373
24 41 14 31 15 307
42 28 17 20 15 227
47 6 43 6 8 463
21 49 22 19 10 135
32 43 15 11 10 162
46 49 26 17 18 262
22 38 25 25 5 263
36 22 32 36 17 350
45 8 12 26 17 395
29 49 45 33 16 165
12 37 33 6 16 407
50 44 15 28 19 408
24 39 37 21 1 277
44 42 8 12 8 160
31 16 39 42 17 295
23 9 17 30 2 165
14 47 7 46 19 102
7 42 15 26 20 282
20 47 30 45 18 464
16 45 50 25 6 465
36 22 12 13 2 384
10 14 6 50 19 166
29 9 12 25 2 218
14 44 34 38 9 180
