200
17 17 6 24 7 1549
16 19 24 19 8 1737
12 13 13 6 7 253
9 10 14 3 3 1891
23 7 15 25 4 215
4 3 17 25 5 108
3 22 10 18 4 1832
23 12 25 14 6 1309
23 12 19 12 4 346
10 7 15 13 6 418
16 24 16 14 4 1807
15 6 12 19 8 162
2 20 6 14 9 614
8 2 20 9 9 680
14 9 15 22 1 1526
24 21 11 13 3 279
16 22 8 11 6 685
10 11 10 19 3 1019
7 21 4 9 10 1990
12 5 24 4 3 597
11 20 2 5 10 1155
17 6 19 13 8 1674
15 11 2 21 10 1320
20 9 3 24 6 1228
8 17 5 5 6 773
23 15 4 13 3 646
14 23 14 5 5 1500
15 24 17 24 5 1619
2 14 23 12 5 984
22 21 4 21 6 311
2 23 8 6 6 1960
9 4 19 24 7 297
16 23 5 9 3 1405
21 22 10 14 8 1543
20 2 2 9 1 70
5 16 12 14 8 582
8 21 17 3 2 1253
15 8 6 11 6 1536
21 15 20 7 6 967
5 18 15 5 1 24
19 25 22 14 2 1184
21 4 20 10 8 1425
15 17 3 13 9 82
10 16 6 24 3 1520
22 9 19 3 3 434
9 25 17 2 8 335
7 14 2 16 9 75
21 3 16 17 1 1853
7 8 21 23 5 257
3 22 9 22 1 960
23 12 11 5 9 909
5 5 25 15 3 582
17 22 3 16 3 796
8 5 25 25 10 647
23 19 15 17 6 23
14 21 21 20 6 1044
6 7 5 8 7 213
14 15 8 23 9 1433
7 18 13 20 3 664
20 12 16 5 4 416
23 15 5 20 3 1181
4 12 11 4 6 1666
8 15 20 15 6 78
23 4 8 7 9 390
25 7 20 20 1 1961
2 7 4 14 2 1465
23 23 7 18 6 1473
15 14 25 13 4 353
17 12 14 8 3 485
22 16 22 6 3 779
24 15 18 15 1 299
11 4 20 16 5 201
3 11 3 21 7 1487
5 19 13 8 5 1093
15 19 3 9 7 1174
12 14 11 4 1 570
25 22 23 6 6 855
24 24 2 9 2 1019
2 23 24 15 10 24
19 20 23 6 3 1205
6 10 22 13 5 519
22 4 4 15 5 1504
19 18 10 21 2 1587
13 11 14 16 5 1957
14 6 24 15 8 90
11 2 8 22 9 1048
8 7 17 24 2 1659
16 24 13 3 10 1637
11 11 16 6 3 1623
24 23 11 13 7 581
7 20 11 15 9 1041
8 7 12 17 8 693
7 3 2 25 6 629
20 4 25 2 10 625
17 15 14 25 7 671
14 24 6 25 7 883
14 4 7 8 7 1509
23 9 12 8 1 411
15 12 25 8 10 825
13 18 2 6 5 1132
10 10 10 5 9 1757
22 19 25 4 3 1525
8 20 24 14 7 1565
19 22 4 11 3 1879
18 4 24 9 8 1809
2 7 18 24 5 1483
7 17 11 15 9 1666
20 24 13 2 1 819
21 6 21 17 1 1622
16 14 12 19 10 979
11 5 7 22 9 551
22 14 2 5 5 1263
24 6 20 20 5 339
24 24 3 23 6 978
3 23 11 18 9 1267
4 4 10 3 1 1721
7 13 10 23 1 416
14 25 10 4 3 1671
14 11 19 15 6 1063
10 20 8 25 6 1040
16 6 7 22 1 1024
9 12 13 7 1 464
2 2 6 8 7 2
24 18 3 21 8 716
10 12 22 5 1 1074
6 25 25 10 7 1280
22 10 18 22 10 163
12 6 9 19 7 877
8 15 18 18 5 50
7 24 18 21 7 146
14 21 10 19 9 1008
20 14 25 22 7 620
11 18 12 15 10 1852
16 16 15 22 5 738
16 24 3 5 8 62
18 24 7 17 1 1006
17 20 21 2 9 522
16 22 6 14 1 1948
20 14 12 20 7 1697
19 13 15 10 6 1038
17 20 13 6 9 1564
2 17 17 9 6 1695
2 24 18 13 1 1428
13 6 4 10 6 685
7 16 2 14 3 958
17 18 6 13 2 474
13 17 4 11 3 1835
24 15 22 25 8 1018
11 10 13 13 5 912
3 24 14 23 4 1361
9 15 10 2 5 1527
24 7 4 5 6 972
22 22 13 8 10 1863
8 16 4 20 4 1727
12 10 11 4 4 758
11 15 14 24 7 365
19 15 6 4 5 112
7 12 25 15 2 875
24 3 6 6 9 809
15 5 21 25 7 906
13 12 8 18 4 694
4 24 3 22 1 1951
17 7 3 10 7 333
10 24 18 10 8 536
18 18 7 14 2 828
20 17 8 15 6 185
2 8 22 18 9 26
19 25 19 14 3 152
23 3 25 10 4 887
24 3 19 23 6 226
25 5 21 9 8 546
15 5 18 11 4 1915
8 10 20 7 6 149
10 14 10 16 6 923
14 20 16 25 8 1322
7 9 4 5 5 799
16 20 17 25 1 1412
20 18 15 11 3 1724
16 12 3 12 9 1777
24 9 19 13 5 405
19 21 20 12 3 1370
18 11 3 18 9 1931
7 20 11 18 4 1039
21 5 21 20 3 1579
10 19 6 24 5 1710
5 18 9 20 1 657
16 24 3 7 10 666
17 7 23 11 1 1345
9 13 12 25 6 199
24 4 19 20 3 1908
2 20 22 6 2 217
24 15 25 16 1 547
21 12 21 8 8 1209
7 18 11 5 10 189
13 25 7 7 10 757
19 20 7 7 1 1211
18 20 10 19 5 1978
12 15 23 5 6 1202
16 15 21 20 8 287
16 18 20 4 4 1346
