150
29 3 3 24 8 157
10 42 49 48 8 169
48 9 31 23 4 150
2 7 25 40 4 177
33 7 8 30 3 136
50 2 31 5 2 75
39 40 46 32 10 119
7 49 18 10 4 162
37 22 14 24 7 126
22 1 21 44 5 160
33 25 24 4 5 194
25 8 5 1 3 113
23 37 39 7 10 62
44 46 9 38 2 169
10 49 1 11 10 125
41 11 44 43 6 171
31 15 47 19 5 182
21 6 29 13 10 198
28 5 48 1 8 162
14 15 9 21 6 117
31 13 16 8 10 169
5 14 40 36 2 75
35 5 35 22 5 117
8 20 38 5 5 117
7 25 40 4 8 111
24 16 13 9 5 72
29 36 2 3 6 138
31 50 39 29 1 73
43 19 7 37 5 186
43 35 46 31 10 188
40 9 13 9 9 199
20 41 7 34 1 79
20 18 21 22 4 159
23 8 41 49 4 94
49 20 13 33 1 99
1 17 43 6 2 145
34 40 9 17 9 182
33 40 30 9 2 69
46 33 5 15 2 83
11 28 39 21 2 138
16 36 8 43 6 53
45 28 6 45 7 121
20 41 45 38 10 195
24 41 8 41 6 56
46 30 22 7 9 153
32 24 12 33 1 146
27 41 10 35 2 161
23 37 2 6 5 107
9 4 36 14 3 116
35 34 35 17 5 153
9 37 7 4 10 75
7 14 3 25 3 167
5 8 14 48 3 68
31 19 25 15 9 96
13 11 28 4 6 63
20 1 6 25 7 133
8 31 35 44 2 92
10 32 43 37 5 88
19 17 35 33 9 108
8 36 48 24 6 128
42 12 48 16 7 185
6 6 36 39 10 152
3 20 38 36 9 192
6 19 34 49 4 91
18 2 41 46 9 153
2 15 14 7 6 155
37 1 47 9 7 100
48 29 20 20 5 58
44 2 40 17 5 188
8 17 9 8 4 128
43 45 45 12 7 180
19 10 32 7 8 67
28 12 3 11 2 149
36 15 40 17 5 174
14 42 41 43 10 120
43 47 25 31 10 121
48 1 37 44 6 158
48 49 38 20 5 179
11 44 14 16 9 180
9 24 2 20 7 123
27 25 10 17 8 104
42 37 13 14 9 76
15 44 38 30 9 67
36 26 34 45 9 106
4 12 17 37 2 151
6 12 16 37 5 50
19 48 7 22 4 160
17 20 9 22 5 119
9 24 16 46 3 149
11 38 15 15 6 155
33 25 11 48 3 70
11 30 31 31 8 127
9 38 12 23 5 71
50 30 47 46 2 50
33 18 16 12 3 142
13 46 1 27 10 159
38 32 23 32 6 58
29 27 17 20 3 132
22 9 44 9 6 103
13 31 33 2 10 154
26 46 35 42 7 196
22 3 24 9 2 156
9 50 20 2 1 110
28 47 2 8 7 138
49 25 11 32 10 169
39 28 39 2 5 169
39 24 10 7 8 125
29 40 1 11 9 136
4 17 21 39 1 103
30 36 42 2 2 143
30 34 39 10 9 69
48 35 47 33 4 84
28 43 14 29 1 84
20 41 48 36 1 108
35 18 45 49 4 180
8 8 4 14 8 127
2 34 12 46 10 81
36 42 7 36 7 86
41 28 36 47 6 178
22 28 45 45 6 81
13 46 43 47 5 195
5 13 2 36 2 177
14 44 15 8 9 142
11 35 47 40 9 167
40 44 30 41 7 99
47 5 25 6 6 132
14 49 27 31 6 196
47 7 25 36 2 90
7 30 50 11 3 151
47 44 28 41 1 134
25 17 28 48 1 186
42 18 13 5 8 89
40 15 43 2 1 177
33 31 14 20 2 51
4 14 38 8 8 135
16 3 18 4 5 63
35 29 7 3 9 184
10 3 4 27 6 56
9 41 12 16 3 180
37 41 38 17 4 200
16 40 7 16 5 64
48 3 28 43 10 61
33 29 1 46 8 189
21 20 23 49 2 159
22 14 3 48 4 88
26 26 42 37 7 200
28 44 6 38 9 100
25 10 11 49 7 162
1 49 26 46 5 154
44 14 17 5 1 60
