500
11 10 11 14 10 6157
61 66 40 44 4 6326
72 63 47 76 6 8348
30 25 22 28 4 163
74 62 52 56 5 7792
65 75 99 57 9 1031
63 72 100 83 1 664
19 23 20 18 5 4651
80 100 100 87 8 1526
22 16 15 19 8 4873
81 92 100 100 1 1715
100 70 78 77 9 6743
60 86 48 58 5 7487
51 44 49 38 6 3145
34 28 32 39 4 377
100 61 79 69 7 4884
64 69 66 74 10 2743
50 38 33 40 4 3165
92 54 67 71 7 2884
91 100 100 62 2 6119
12 19 21 15 6 6741
76 75 54 82 4 8284
81 46 80 48 10 8867
26 21 26 23 3 1203
58 53 43 51 8 8010
65 100 88 87 7 8008
69 65 57 76 5 2647
22 36 38 34 9 2404
17 10 10 15 1 6402
82 100 94 100 7 5999
46 61 45 45 5 6344
19 27 27 22 7 6112
99 62 74 100 10 2968
75 90 62 70 6 6976
70 68 43 75 10 4734
48 27 45 39 1 6054
21 34 32 36 3 2075
73 100 75 93 2 6862
84 96 100 100 4 6344
88 63 55 65 3 4550
98 73 86 100 8 4038
27 31 24 19 6 7032
83 100 100 64 1 4602
33 29 32 36 1 3368
90 81 70 67 10 2524
16 21 15 22 2 7777
86 70 78 75 10 763
38 51 39 50 9 8845
38 27 37 25 2 1236
100 60 100 64 9 7030
83 100 98 82 5 5946
10 10 10 10 2 2940
58 79 79 79 9 4869
52 62 61 65 5 1190
47 52 43 51 1 6791
100 68 73 91 1 1459
72 67 92 75 1 3070
21 20 19 28 6 2506
85 97 100 88 10 8098
42 32 31 32 3 4504
47 39 55 50 3 3245
18 18 11 15 10 6444
45 53 58 75 10 4648
98 92 91 77 1 5633
23 25 27 35 3 187
27 29 25 24 10 1366
78 76 69 80 8 6312
25 19 22 28 8 8012
50 65 38 61 7 176
92 58 72 69 1 3284
33 43 40 45 5 3300
73 67 59 73 3 6329
77 71 85 100 9 557
33 44 39 35 10 3865
70 67 75 90 2 3145
10 16 14 14 1 4851
89 62 58 75 8 5184
10 10 16 10 3 6014
80 53 63 64 4 6514
68 92 94 69 4 1885
85 84 73 61 1 806
21 20 29 19 7 4131
34 49 50 57 10 3141
28 26 44 39 1 1938
52 34 47 47 7 5704
44 57 56 44 10 534
90 63 56 87 6 175
45 50 55 36 3 5583
51 49 34 51 2 8893
60 64 57 54 3 2800
72 90 55 79 5 3872
71 87 82 97 9 5658
94 97 91 95 10 1239
19 20 19 24 7 5449
80 58 68 76 1 3767
33 24 28 30 4 8317
100 100 100 85 8 8616
34 28 37 33 8 2569
60 58 81 86 5 152
17 18 17 14 8 7572
96 72 95 61 6 8349
71 68 54 63 1 5919
79 66 82 78 7 2523
16 13 12 11 5 3676
80 48 84 48 7 4859
95 75 79 92 7 7393
19 12 19 19 6 7973
75 71 100 99 2 4077
52 76 84 68 7 3392
38 24 22 33 8 4917
37 58 48 41 4 3022
39 62 48 42 7 5687
27 24 21 23 2 6548
62 64 45 58 6 6935
33 50 46 29 4 4483
65 58 47 50 4 6082
46 53 40 73 6 7479
74 72 74 99 10 5920
94 100 68 100 1 6290
74 59 49 66 6 6133
31 22 20 19 9 5372
10 12 10 10 6 5682
40 45 31 33 7 4781
95 100 100 93 10 3305
51 68 85 62 10 521
23 27 26 22 6 8247
17 23 19 18 2 5415
17 25 18 28 6 8507
95 70 88 69 3 7122
90 66 88 56 7 148
92 70 55 93 7 6021
73 96 95 97 3 8835
76 100 78 100 9 6935
100 86 81 86 9 4936
69 60 68 80 2 3908
85 88 93 99 8 1676
55 71 68 57 1 1909
28 20 28 19 1 3860
50 56 37 54 8 3227
19 21 20 19 5 8080
67 76 100 100 5 6472
88 62 63 78 3 1243
48 59 63 54 5 4918
83 100 100 100 6 8639
59 71 46 48 4 5608
35 30 24 25 1 8855
43 60 48 56 9 220
26 36 33 21 6 6598
63 51 40 59 4 1529
47 42 62 63 4 1357
34 43 42 51 10 552
50 50 73 74 3 3187
21 24 26 25 6 6697
82 100 88 100 9 3796
45 51 38 57 10 3519
35 42 44 41 2 5977
92 91 78 100 7 3226
100 100 94 85 5 4230
14 10 10 10 4 2398
65 63 66 44 5 6556
22 24 18 16 2 5413
63 52 54 63 6 4838
46 47 34 53 8 8346
35 50 41 37 1 8212
51 45 57 53 8 806
50 63 38 56 10 1203
98 88 93 100 5 5096
36 28 30 38 4 3390
85 58 56 84 9 2052
40 29 47 41 9 5351
44 43 48 44 9 2792
50 56 55 91 2 2523
23 25 21 24 1 136
46 38 57 63 2 7379
52 57 56 50 4 5371
22 21 22 22 2 4952
73 69 75 99 6 6011
28 30 27 27 8 886
32 29 29 34 8 3297
67 56 51 68 7 604
66 100 100 81 8 5837
14 10 12 11 9 7013
100 78 72 84 5 921
40 39 45 33 4 4281
63 52 63 51 10 7771
35 37 52 62 6 5619
40 49 44 37 10 8632
33 33 55 33 10 8365
39 40 46 30 8 652
54 48 45 42 4 8053
29 23 26 23 1 692
14 14 14 15 2 2330
27 20 17 18 4 2742
82 100 100 69 6 5966
36 34 42 37 4 1386
59 86 66 63 2 4388
84 60 82 48 6 8155
79 54 62 49 2 7646
46 46 38 47 10 4396
88 79 66 62 1 6168
46 42 36 53 4 585
12 20 21 18 9 6919
40 38 40 23 2 4751
45 29 33 31 9 519
13 14 21 21 3 6100
39 49 27 47 8 4700
51 61 50 74 9 8573
61 48 47 43 8 2097
90 69 89 82 5 2565
24 33 25 23 5 7883
71 100 64 74 4 7018
62 60 100 67 7 4060
33 28 34 25 6 8926
81 68 70 79 2 6510
34 50 39 37 5 1748
100 90 100 100 9 1231
77 80 58 86 1 1903
27 42 26 42 6 5199
17 20 24 18 8 3749
34 23 29 31 4 5854
19 32 34 32 1 5700
62 70 66 63 5 2686
16 17 15 12 6 7823
46 31 38 47 3 176
82 57 88 93 7 1078
15 12 10 15 5 6741
90 87 63 93 4 3161
57 64 64 71 1 5891
91 76 95 100 4 6933
95 97 100 76 4 2295
100 100 100 97 5 463
79 68 82 90 3 5393
18 12 15 18 1 7085
18 18 23 22 3 7909
42 40 49 51 2 6901
42 46 32 40 9 4148
31 33 28 31 6 73
100 85 100 93 2 1545
46 42 30 39 9 3111
100 82 87 74 9 8485
36 52 46 32 3 7830
75 47 49 70 4 4836
100 100 86 97 4 3159
30 32 19 20 8 7728
100 100 100 79 8 576
86 64 84 84 3 5735
71 85 100 100 2 4207
41 27 40 35 8 4051
100 92 93 78 5 8658
72 72 80 83 5 8978
74 59 73 50 6 2278
30 29 33 22 9 2154
40 55 53 61 10 3766
28 34 38 21 7 296
17 14 15 10 7 7764
85 71 94 66 4 6199
64 71 50 82 3 3393
53 44 59 47 2 3278
33 34 23 28 5 1981
45 41 48 45 10 7485
73 83 91 100 10 8457
28 41 42 42 9 1040
59 36 41 51 6 5512
18 13 14 21 5 8334
44 24 35 42 4 7729
100 100 71 100 1 5985
27 37 39 28 10 3280
46 35 38 45 3 5290
51 55 46 45 1 1742
61 64 70 57 2 7177
95 71 66 76 4 1355
100 72 79 86 5 314
75 98 71 78 6 718
97 75 77 92 6 2113
59 71 73 60 1 4324
46 40 48 35 1 430
18 11 13 11 2 767
54 44 39 44 9 4533
59 78 76 52 2 4964
64 39 66 66 6 6911
22 22 18 25 8 4740
100 98 83 100 10 6002
16 15 16 14 5 1454
32 35 55 38 5 3998
100 100 80 80 8 6282
58 69 68 68 2 2222
50 66 53 77 9 2741
73 100 91 70 6 785
58 47 70 41 4 1418
44 48 42 60 4 5596
39 55 55 47 1 4058
87 83 56 65 4 7185
96 83 81 100 2 4281
13 12 19 18 4 2417
33 36 30 35 3 686
57 89 73 74 1 4487
41 28 42 40 9 5488
79 52 45 51 10 6646
14 12 13 13 3 2862
98 100 77 99 10 317
99 87 81 84 10 799
56 45 57 48 2 2543
100 73 100 100 7 5798
65 70 58 54 3 6457
84 63 79 74 5 5307
27 27 26 18 10 2427
50 50 50 31 7 7829
94 71 85 52 2 4977
97 97 84 100 4 7649
100 80 78 79 6 8783
82 93 100 97 3 1175
77 85 54 79 3 8455
29 30 23 38 7 7139
66 91 65 90 9 1950
75 86 68 78 3 4309
24 18 29 21 7 1061
38 31 29 23 4 3726
53 46 50 40 10 4793
64 72 69 69 7 8630
41 55 54 48 10 2822
17 17 11 16 5 1083
33 40 53 37 10 8310
96 89 100 100 3 4983
88 100 69 70 7 8855
10 14 12 11 7 4547
25 20 21 19 3 5188
34 42 35 28 9 5623
75 59 52 46 1 7398
86 68 54 64 8 1635
24 29 21 26 7 5648
100 100 78 100 8 7024
55 35 47 37 3 873
32 31 40 36 10 2100
100 75 75 76 9 6151
100 80 78 100 4 6357
91 81 79 85 10 7791
46 58 41 54 3 4795
27 42 27 35 10 4811
100 72 87 100 5 252
35 40 37 25 6 4228
17 11 10 14 10 8363
35 45 48 43 6 8418
65 100 75 62 10 3175
23 30 25 29 7 4214
14 17 23 16 9 3538
60 96 72 96 5 1435
63 90 86 60 2 2390
16 14 13 16 3 7774
33 36 36 39 6 5336
30 35 43 39 7 7500
42 44 34 51 3 2823
43 49 77 55 10 8892
50 45 51 50 8 5393
12 10 11 10 10 5291
72 92 70 100 7 3770
94 71 63 64 9 4527
100 83 89 80 7 8711
73 75 50 82 7 6428
14 14 10 13 10 554
79 75 69 70 6 1457
100 96 66 74 10 855
37 43 34 46 7 6936
81 67 80 100 9 7695
62 93 100 99 4 1002
46 57 72 73 2 606
38 39 46 58 9 2096
97 94 77 100 1 5579
46 32 55 53 7 7500
100 100 95 100 9 698
100 100 75 86 5 4411
10 16 15 16 4 3555
74 71 60 62 1 3791
96 100 100 75 10 5728
85 98 100 68 10 1435
30 43 26 39 4 8289
46 52 50 54 9 193
83 88 60 83 8 3761
41 53 38 55 4 3556
13 15 14 10 6 946
19 13 18 12 5 3763
100 92 68 73 3 6594
51 44 33 47 9 1696
66 51 69 52 2 6698
27 20 18 29 7 3636
44 46 61 49 10 4293
46 47 29 46 8 6215
22 30 22 20 4 8375
11 13 15 17 1 7276
23 34 27 33 5 6575
56 71 73 89 10 7304
93 85 65 91 1 3226
34 30 31 26 6 590
100 81 85 86 8 5205
38 30 26 40 1 5640
47 37 40 41 2 2943
34 46 47 40 10 5868
61 50 66 75 5 214
75 89 67 65 1 4981
53 62 47 55 9 722
58 57 67 89 8 286
29 31 39 41 2 4989
40 35 47 41 1 1227
12 18 11 15 2 1277
57 40 53 49 6 1910
45 45 51 49 8 8392
46 39 43 39 4 7074
64 69 77 90 1 1614
22 23 29 19 3 183
69 100 98 100 6 6743
50 64 60 52 7 5966
29 34 23 35 9 2258
100 88 72 81 3 2160
31 23 17 16 4 4718
84 72 56 99 4 8775
25 30 31 27 9 4177
20 23 22 21 2 1835
57 43 52 38 2 4507
21 11 12 18 5 530
79 66 86 76 1 2696
27 20 22 19 9 7190
100 86 92 84 4 1804
97 82 100 70 10 6502
96 65 73 66 7 7605
100 90 90 57 6 182
76 46 73 69 7 4758
57 54 60 57 4 8521
100 64 64 99 1 5197
63 84 75 62 3 4816
28 23 22 31 4 1313
89 88 67 59 2 2095
73 69 79 82 1 5418
43 65 50 60 8 3780
42 67 52 64 7 999
41 39 42 40 7 8081
66 73 56 72 3 4360
70 85 94 87 9 4535
53 48 42 58 7 442
10 10 10 12 4 7746
13 18 15 13 1 8610
23 27 25 19 5 4043
32 30 33 32 10 7732
100 87 80 100 1 344
67 87 80 81 2 7672
48 66 63 45 10 3964
95 65 69 78 10 2801
55 38 36 53 6 6893
16 15 18 17 9 6924
61 67 85 90 2 6479
72 100 100 57 7 196
97 66 86 93 2 5144
65 88 100 100 3 6308
17 15 17 14 9 895
13 18 18 14 7 419
23 38 35 42 7 5315
16 15 14 10 10 723
44 64 55 46 2 4150
32 43 48 30 9 1404
69 100 96 94 4 3356
20 34 20 33 5 8377
75 60 52 59 10 7648
69 49 53 44 1 4911
70 65 40 71 2 7376
69 63 82 100 10 1576
100 100 82 72 2 7280
50 56 60 39 1 8193
76 55 54 76 8 239
42 39 42 31 1 8749
18 22 15 17 10 5447
69 100 81 67 10 867
100 100 84 99 8 8776
68 100 62 67 9 4104
75 79 64 59 10 3351
19 19 23 19 4 510
62 74 75 51 6 6655
10 10 13 10 1 7895
10 13 15 10 2 2804
86 88 100 96 10 8671
26 31 44 28 7 2398
18 20 18 12 3 46
24 32 23 26 5 88
56 61 54 68 9 2408
52 94 65 52 9 8750
58 86 67 99 7 265
22 25 18 27 7 1296
26 28 25 22 2 4276
67 67 94 72 5 6563
100 87 90 74 9 437
25 27 26 27 7 4328
53 54 74 57 6 8854
31 37 29 29 4 2651
87 97 92 100 3 6672
61 60 52 69 4 2332
52 48 62 48 1 4339
28 28 22 32 2 3556
24 26 24 26 5 8309
60 79 64 98 5 1057
50 50 49 64 1 1076
45 63 38 45 9 4535
22 18 20 29 1 2955
40 51 45 31 6 2039
