250
1 1 5 5 2 318
5 7 8 9 10 18
11 3 10 8 6 394
1 2 10 15 7 70
1 3 5 1 2 199
8 6 1 7 5 314
7 14 1 7 5 232
8 1 14 5 5 257
2 4 3 3 9 183
7 8 6 8 3 345
9 2 11 3 1 327
17 20 20 17 8 33
1 1 2 4 1 436
10 10 1 7 9 255
10 12 5 8 4 362
20 18 12 20 9 240
3 2 4 3 1 463
7 6 5 9 7 331
5 9 1 7 4 208
3 12 7 12 3 20
1 2 4 2 10 348
8 3 1 7 8 233
14 9 6 11 9 59
13 17 5 12 10 193
2 1 1 2 10 197
10 3 9 8 10 219
5 6 15 6 3 374
14 8 11 6 8 411
5 4 1 5 2 68
7 6 2 2 7 450
6 12 12 3 2 199
7 13 14 3 10 414
3 4 3 3 10 450
8 9 5 3 4 377
9 7 12 12 9 436
14 3 5 1 5 434
4 4 4 4 3 392
7 3 5 5 8 349
14 2 15 12 9 339
6 13 2 3 10 285
1 3 2 2 8 24
5 3 2 3 5 231
9 5 15 15 10 81
12 18 9 12 6 429
1 4 5 2 8 233
6 6 5 9 5 386
8 4 13 12 5 335
2 17 18 11 8 79
1 2 2 2 6 210
8 8 10 7 6 235
7 9 6 2 1 188
10 9 7 17 1 425
5 1 4 1 9 211
10 6 5 3 6 278
9 11 15 15 9 177
11 2 17 13 2 101
1 5 3 4 1 341
1 10 9 6 10 395
3 9 15 8 5 87
6 7 14 9 7 408
3 4 2 4 4 196
8 8 2 3 1 108
4 15 6 10 8 369
6 20 17 20 7 467
3 1 3 5 10 38
2 3 1 10 7 408
3 15 6 14 7 110
1 13 5 15 9 305
5 2 5 1 2 243
4 6 7 10 1 95
2 3 4 12 1 415
10 18 15 7 1 449
3 3 1 4 3 144
7 10 6 3 1 153
6 9 8 11 4 99
11 10 14 3 7 63
5 5 1 4 10 444
6 8 6 2 7 431
6 11 2 8 9 390
20 19 2 11 3 397
2 2 2 2 4 155
8 10 2 9 7 254
3 7 6 6 1 403
11 11 18 18 6 182
4 1 4 2 9 263
3 7 5 7 2 29
13 14 6 8 2 366
4 3 14 13 1 332
3 5 1 2 4 290
2 2 10 3 8 186
4 1 11 3 4 70
11 4 1 11 4 104
5 3 5 3 4 348
6 2 1 4 2 46
5 12 3 6 10 38
13 13 15 13 2 453
5 3 3 3 1 358
8 10 6 8 8 229
11 6 1 8 2 185
7 18 17 4 5 18
4 3 2 1 3 248
10 6 7 5 9 395
11 11 2 11 1 276
2 10 18 12 9 22
2 1 1 4 9 204
1 6 7 5 2 206
5 9 7 5 3 378
19 18 1 3 6 400
2 2 4 4 7 27
7 1 1 8 9 242
12 5 13 12 3 144
1 11 12 13 5 404
3 4 1 1 6 475
3 2 8 3 3 458
3 7 2 13 3 460
12 12 8 1 10 333
4 2 3 5 1 255
4 1 4 7 8 272
1 13 15 14 7 139
1 2 6 20 1 307
4 1 2 5 4 327
9 9 1 4 2 211
6 15 2 6 4 80
11 16 18 1 3 314
2 1 4 3 3 82
8 8 10 6 9 453
14 7 4 7 8 200
8 9 8 16 7 282
1 1 3 1 6 189
6 1 1 3 6 418
10 15 4 1 2 370
11 2 17 11 5 375
1 4 3 4 1 461
3 10 9 6 1 377
5 2 14 6 9 180
6 8 5 20 6 30
5 1 2 5 8 483
4 10 3 9 6 282
3 14 14 6 4 207
11 2 4 3 3 201
5 3 2 5 2 373
8 6 1 8 9 361
15 12 15 3 10 281
10 20 7 18 10 467
4 1 5 2 5 3
2 9 1 6 7 223
6 10 6 12 6 36
3 19 6 20 3 259
4 4 5 2 1 133
6 7 6 4 6 92
13 6 10 8 1 475
6 2 5 18 5 102
1 2 4 4 3 24
7 6 10 3 5 261
8 13 2 15 7 166
19 6 15 9 2 411
3 2 3 4 2 128
8 6 1 5 4 215
9 14 7 7 5 64
4 17 2 3 9 234
5 3 5 4 6 18
2 3 4 6 2 448
2 4 1 8 7 395
11 5 18 9 5 67
4 5 2 5 5 35
3 2 1 3 9 262
14 10 6 1 4 158
4 12 19 17 6 312
3 5 5 5 9 9
6 9 1 8 6 469
15 3 3 10 10 335
14 1 6 2 8 193
3 1 4 4 5 139
9 6 1 2 6 14
3 10 5 5 9 229
10 13 11 6 6 348
1 1 3 5 9 255
5 3 10 5 3 20
1 14 9 2 9 435
2 2 10 1 10 283
4 3 2 5 5 411
6 2 2 9 5 255
4 10 10 2 9 47
14 17 8 9 8 229
3 1 5 5 8 107
6 8 9 6 4 287
4 14 6 12 2 155
4 19 7 5 8 220
1 3 3 3 2 174
5 9 10 4 7 331
13 1 1 13 6 451
5 14 2 4 10 431
1 3 4 1 1 174
4 4 2 2 8 430
8 13 2 12 4 114
18 16 15 10 5 96
3 5 2 3 5 364
7 8 7 10 7 322
13 1 15 9 4 286
4 16 11 15 6 80
5 1 5 3 2 156
8 3 1 9 2 4
3 12 14 14 6 273
4 10 15 18 10 421
2 2 3 4 7 40
3 4 5 10 10 434
1 5 7 4 5 180
8 5 8 16 6 335
3 2 5 3 9 357
10 9 4 8 1 429
5 5 15 13 4 22
9 8 12 9 7 464
4 4 4 4 9 206
5 6 5 5 3 55
2 14 4 15 7 58
1 9 13 16 1 462
1 4 1 4 7 340
3 6 6 2 10 350
1 1 13 11 2 220
16 9 7 6 2 357
2 2 2 4 3 447
1 7 1 8 2 82
14 6 14 10 1 283
18 20 9 18 7 181
1 4 5 4 4 5
5 8 6 9 10 123
12 14 4 4 9 46
16 4 9 13 1 424
1 2 4 4 1 18
8 5 1 2 10 99
13 3 12 15 9 71
18 17 9 14 5 326
1 4 1 4 6 384
10 10 6 10 9 467
7 7 2 14 7 154
9 9 11 3 2 80
5 1 4 3 8 216
1 10 4 7 8 404
2 3 13 3 10 317
20 13 15 16 10 181
1 5 4 2 4 327
7 10 10 5 6 333
1 14 9 11 9 98
17 1 11 18 2 200
2 5 1 5 8 429
4 5 6 4 10 85
2 4 8 4 2 482
18 18 8 19 9 284
5 4 1 4 6 356
6 6 7 9 8 442
