350
11 2 15 15 9 621
11 9 21 19 4 1847
13 15 23 14 8 3277
22 6 24 22 7 1587
17 22 3 22 7 2868
10 3 6 10 5 2003
20 11 16 23 8 1311
9 13 23 23 6 2448
2 4 7 18 3 2751
8 25 12 15 5 3297
2 5 23 2 5 3361
18 5 10 6 9 1625
23 20 9 20 1 1537
13 12 7 7 7 2347
20 24 19 2 7 2580
20 6 25 25 7 2962
6 4 10 3 7 1654
19 19 8 20 2 1510
10 12 16 9 2 2976
19 8 17 9 7 1886
9 10 16 2 7 3005
14 8 23 7 10 3405
25 21 23 10 4 807
2 24 22 7 4 2456
5 18 8 6 6 781
15 10 6 6 6 2837
11 14 19 17 9 1588
17 8 3 16 4 2436
14 4 23 12 9 1312
10 12 19 2 4 82
13 4 8 18 2 681
9 25 10 7 1 1159
6 8 22 25 1 1944
18 5 12 10 6 860
19 14 17 5 2 2742
12 13 19 3 2 415
12 18 10 20 5 142
22 14 21 21 2 1290
13 17 12 9 10 3360
4 19 6 6 1 100
15 15 19 16 2 283
4 12 19 6 2 3164
8 6 18 16 5 1796
8 12 6 15 2 76
21 19 19 21 3 3150
4 4 15 21 7 3181
13 5 11 25 1 2322
23 19 23 23 9 677
3 5 7 21 8 3354
10 20 10 5 3 2478
9 23 6 15 8 3212
14 13 4 5 10 790
5 12 13 24 1 1821
17 18 25 20 2 3370
18 8 20 15 1 3167
2 3 2 9 4 1574
16 15 14 24 9 2575
13 24 25 15 3 2535
5 20 3 7 1 2070
23 16 8 21 4 3108
15 12 7 2 7 1732
10 6 23 16 2 2915
3 7 21 21 10 1444
20 20 5 5 3 159
15 23 3 13 1 755
15 16 11 18 8 903
3 16 20 19 3 3430
24 11 3 10 6 796
12 15 21 23 1 3321
10 15 4 25 7 2956
3 17 17 13 1 3145
22 23 9 24 9 1876
3 17 5 11 3 1516
16 9 12 6 3 1680
3 3 6 5 9 2516
11 20 17 18 8 2827
6 12 17 18 8 3475
17 18 23 11 6 1956
4 17 22 21 2 1026
21 6 12 19 1 347
11 7 6 9 9 343
10 19 24 24 5 3264
10 20 7 9 1 3280
17 24 21 23 1 1912
4 12 20 6 4 2853
25 3 8 15 9 2702
17 3 11 22 9 325
22 22 7 16 1 2570
24 15 16 8 8 3167
16 24 11 4 10 870
24 5 12 17 7 2844
3 17 18 18 4 1761
7 8 25 23 5 186
6 20 8 10 5 2315
10 5 22 10 7 846
3 15 3 15 4 2417
5 20 4 7 7 144
12 24 8 6 9 2485
6 14 18 7 6 564
10 21 21 3 9 616
15 21 19 24 8 1640
9 16 18 3 2 1677
17 13 11 7 2 371
11 2 6 5 10 1199
7 8 24 20 10 2754
9 19 4 2 10 2450
2 7 20 9 2 64
2 8 15 10 4 73
20 15 11 22 9 1836
8 3 9 25 4 1779
16 5 7 10 1 3231
15 14 14 12 10 1900
15 19 9 15 9 1562
19 23 21 22 1 241
4 5 15 3 2 1505
7 16 9 7 4 1809
19 3 6 6 5 1720
10 17 24 22 2 2012
2 15 24 17 10 1589
14 15 24 19 5 49
21 11 14 17 6 3034
3 10 21 25 3 2233
8 18 19 19 4 2990
18 3 11 14 1 3447
5 2 22 7 6 1291
16 12 16 21 9 3286
17 25 15 8 8 1693
3 20 8 15 7 3048
3 22 19 24 6 902
2 5 13 6 9 3204
19 19 11 18 9 2576
22 6 23 9 1 3399
14 15 13 23 6 3343
21 3 23 5 9 2958
8 5 24 5 7 2211
24 20 8 12 10 292
20 15 4 5 2 2044
6 11 7 11 10 1410
21 25 22 6 3 381
19 7 22 16 8 1725
5 12 22 10 2 224
20 14 13 6 2 1197
2 20 7 5 9 2082
13 21 12 19 7 2777
16 3 19 2 3 1631
20 10 18 9 5 2232
2 21 20 13 4 486
10 14 10 10 7 2107
7 20 3 14 2 321
5 6 10 19 7 1915
11 10 3 19 10 675
10 23 19 3 4 1223
23 6 19 11 10 1134
24 17 17 16 4 2170
20 11 25 10 6 2582
22 25 9 15 8 43
18 19 20 3 8 2845
15 10 7 23 2 1885
23 13 18 23 7 3163
8 2 16 25 4 1725
25 24 10 25 4 217
25 7 20 12 3 1363
3 6 13 25 8 1980
11 12 2 22 2 947
16 17 12 21 10 1061
6 11 2 20 1 1662
21 14 13 20 3 2880
24 17 11 23 5 1878
12 9 3 3 3 114
22 12 13 25 2 2391
6 19 15 3 7 1317
8 3 4 10 10 320
9 22 12 6 1 2981
5 18 2 12 1 2651
11 6 12 6 8 3034
10 15 10 21 6 844
12 7 3 22 9 1000
8 8 3 13 7 728
9 6 18 9 3 2152
15 21 12 3 5 692
5 9 6 5 5 218
6 4 25 8 7 486
25 10 21 12 6 908
15 25 21 12 7 2800
14 23 14 19 5 1266
23 22 9 11 5 2872
9 16 3 17 1 2396
18 5 9 18 8 907
11 11 12 12 3 953
5 3 4 5 2 832
24 13 10 14 9 49
24 19 20 8 3 3205
21 15 23 3 4 435
14 10 17 8 9 704
19 20 2 13 2 1681
7 18 2 4 9 1503
19 14 5 9 9 1745
3 7 14 16 3 2180
18 21 22 19 8 2327
13 19 23 2 4 3015
10 6 10 10 9 616
3 17 23 10 10 2043
13 22 11 23 8 1823
15 23 22 6 7 3495
18 20 16 12 4 1293
23 4 19 20 4 3215
25 17 13 17 10 2756
17 20 6 9 9 653
15 21 4 7 2 1744
18 5 6 2 7 3146
8 17 2 9 10 769
6 6 18 19 10 68
17 16 22 9 4 3418
9 5 11 16 3 1325
21 25 4 5 10 558
12 20 9 17 9 1720
18 5 24 22 8 2557
10 19 19 14 4 3476
23 25 8 5 3 1456
25 19 21 15 5 2110
18 24 7 9 2 1016
4 23 10 12 3 3232
5 16 4 12 9 2832
24 22 23 19 2 372
10 23 8 8 7 1495
19 15 17 13 7 3248
12 25 20 18 8 1897
11 3 4 14 5 3493
11 16 17 6 2 3273
11 17 8 20 5 3057
3 12 6 20 1 1041
8 10 13 10 1 3096
2 13 23 10 1 2919
4 12 7 17 10 518
14 4 21 7 8 2719
12 15 10 13 3 2767
7 6 23 21 8 2399
11 17 13 6 6 2871
5 11 25 24 6 3247
6 24 21 24 3 578
15 21 21 16 5 3439
2 7 3 6 4 3372
22 22 17 13 1 39
8 25 9 20 7 130
19 4 6 17 5 2603
18 18 11 18 4 939
23 18 25 5 7 1626
25 3 25 14 10 1739
25 12 16 20 7 969
15 7 21 23 9 1919
23 2 4 6 5 1325
13 19 21 5 7 603
8 14 2 4 2 2117
21 24 15 13 10 115
3 2 4 6 2 491
10 15 13 16 1 615
16 4 23 24 9 706
23 22 2 17 8 1209
8 7 8 19 5 3075
9 18 6 14 6 2821
24 3 14 15 5 3139
15 15 9 25 2 1281
3 20 9 17 7 3194
13 15 5 9 10 3241
2 7 11 21 8 3037
24 18 4 11 7 3353
14 12 20 15 4 2463
20 14 22 11 8 560
18 9 12 4 3 1220
2 25 21 8 4 2832
15 14 20 5 2 218
6 6 18 21 9 1554
9 14 21 13 6 1053
14 25 9 12 3 2890
7 6 16 14 1 1150
15 13 18 11 4 534
7 19 14 12 1 1818
3 2 12 2 1 621
4 3 17 25 10 2153
15 21 10 7 10 3194
15 2 22 12 7 2845
3 21 15 3 7 680
16 5 11 15 8 175
10 5 14 18 10 67
21 2 14 24 5 3184
20 12 14 11 4 595
23 5 18 24 7 2975
6 20 8 8 7 1310
10 7 20 20 5 2126
7 2 20 3 2 2175
17 8 2 25 6 518
13 23 6 14 5 1398
2 4 4 10 3 1438
10 3 19 3 4 974
6 21 4 9 1 2479
9 7 18 2 6 867
16 14 8 14 1 1552
21 4 4 5 5 982
23 9 15 16 5 652
23 8 22 2 2 1647
2 3 12 23 8 669
7 3 10 2 9 2428
17 19 3 15 3 1372
6 9 25 13 2 3127
20 16 14 5 10 1342
24 13 2 10 9 2796
24 12 8 18 10 243
2 21 17 21 7 3227
9 2 10 3 5 2701
10 14 13 23 1 2634
17 2 11 18 3 3306
19 24 25 3 5 2080
22 7 16 24 10 689
16 14 19 13 2 2940
5 11 3 18 2 3215
10 5 15 5 2 3206
19 6 12 20 4 2250
13 2 18 20 10 1862
20 10 23 9 10 1882
15 16 16 14 1 753
23 7 12 19 5 801
22 15 12 17 6 870
7 21 5 16 5 2964
20 9 12 5 2 215
3 17 14 22 5 1642
24 15 6 11 9 2717
9 13 18 11 3 1170
22 2 23 17 10 1205
2 15 7 20 8 95
23 13 16 6 10 1919
22 8 7 23 10 715
5 22 4 5 10 1262
22 16 15 20 4 545
5 9 9 13 8 931
10 24 15 3 3 2413
5 20 12 12 1 3124
12 20 13 2 1 926
15 19 24 4 1 2681
4 5 25 2 8 2639
23 2 7 2 6 1478
23 2 9 19 8 1176
5 5 21 9 10 3335
10 4 17 3 6 2307
24 23 6 5 9 2453
4 10 8 24 2 2232
7 18 7 20 6 1591
2 23 18 13 9 2749
9 18 12 5 9 1476
13 16 11 14 1 2768
21 12 25 7 10 1961
