350
22 24 6 76 39 2986
35 5 93 44 3 5297
96 29 83 36 30 1400
44 24 19 47 2 1594
48 9 50 16 0 982
22 97 36 52 3 2836
83 35 79 16 38 1024
37 9 80 54 15 4259
93 16 43 57 0 2625
55 82 22 90 21 3636
23 22 93 10 9 4038
86 25 100 11 17 5505
53 68 93 44 39 5320
6 76 70 35 42 5186
77 72 58 54 2 2868
76 11 80 17 20 5261
100 85 13 29 47 4520
61 80 11 54 9 286
90 60 13 91 49 1507
88 99 55 39 42 4789
85 100 55 24 5 515
30 68 7 20 15 1831
33 49 36 36 3 2035
39 86 93 7 42 3915
41 77 1 36 43 2450
33 96 36 61 27 2590
42 98 41 77 8 1205
57 86 92 3 40 1779
80 38 75 45 39 880
13 35 57 78 8 2294
16 56 15 36 39 1661
73 25 93 48 33 1545
93 41 69 81 0 3427
12 72 33 63 35 4725
34 22 41 38 12 265
7 49 85 66 47 2194
70 46 48 27 15 4862
25 77 25 50 0 5425
43 95 47 93 15 2218
18 45 57 89 46 3333
55 86 75 94 30 2930
29 61 61 45 28 3467
72 60 88 2 42 1946
21 78 56 83 18 244
69 3 8 38 28 1865
64 27 11 25 29 4736
24 85 32 75 43 4043
67 57 2 7 38 4467
85 30 50 93 39 3196
83 96 17 24 35 921
70 36 25 66 21 2462
69 33 49 24 5 497
96 40 96 48 48 4496
55 33 70 42 18 5494
45 52 92 69 44 3531
88 37 78 7 19 2070
33 9 8 19 46 1893
6 77 93 25 50 3072
67 98 92 76 33 3861
39 32 20 22 7 4627
20 38 54 95 15 2541
64 15 50 16 13 2631
18 16 100 1 3 4742
42 94 47 5 11 759
8 98 23 52 46 170
20 47 26 18 14 2313
43 7 75 65 46 4313
7 39 100 67 10 3869
7 28 85 75 26 4541
51 51 64 30 20 3856
61 81 51 72 18 220
68 50 97 72 47 704
56 58 51 67 23 2499
42 61 31 10 49 948
92 92 26 97 34 4120
37 95 90 45 49 3670
41 24 64 58 7 563
86 86 69 66 11 5112
93 1 14 82 18 2880
58 60 79 73 40 1979
91 39 5 69 30 1596
1 11 62 15 16 5576
40 87 78 55 17 3756
30 28 9 9 22 4441
88 28 61 58 18 3020
36 66 87 45 29 262
53 84 10 92 32 2584
29 21 15 5 0 5035
55 40 36 33 12 5004
19 98 45 99 43 5465
70 62 70 18 11 5026
70 27 20 75 34 2002
63 3 13 42 29 4541
17 17 66 68 10 5087
53 58 88 85 1 2939
25 43 46 90 23 5468
1 66 30 79 40 1301
99 65 86 37 33 2703
81 13 11 23 44 2014
65 86 80 29 7 3297
8 18 62 30 30 411
45 68 11 37 9 3596
43 24 81 57 7 336
28 38 60 20 17 1718
19 98 99 17 8 1741
34 8 59 15 35 2736
40 30 27 29 49 2583
14 39 79 56 17 296
24 14 34 50 45 1887
9 12 74 3 24 1464
70 82 33 68 33 1846
59 52 2 7 11 1606
54 26 3 100 19 780
87 65 94 89 19 725
62 43 85 77 23 851
11 12 15 9 8 3349
12 57 47 76 4 2593
86 49 65 85 24 1570
44 92 37 54 40 660
6 39 45 95 20 179
71 40 22 78 25 1962
86 54 17 60 2 1780
81 74 97 93 28 1561
79 46 78 27 24 4046
30 69 39 78 3 572
94 79 11 30 24 1984
42 47 73 16 1 4817
99 74 6 99 29 2368
16 34 95 36 21 3330
99 28 22 82 24 844
64 86 91 15 28 2721
49 76 78 89 29 1108
11 2 39 84 27 4672
72 61 28 51 29 776
9 95 21 88 46 3086
31 85 96 56 10 2596
5 23 40 98 12 1610
50 16 32 91 33 2620
93 93 5 37 30 1261
77 80 42 69 21 1939
17 77 74 5 33 5583
14 43 74 30 41 3575
29 16 48 44 8 424
82 69 14 82 22 376
25 38 8 28 28 937
81 43 12 6 20 3017
11 28 29 47 45 3577
31 36 86 24 2 5100
51 48 58 88 32 5244
42 10 89 30 22 3577
81 39 34 8 28 4825
94 27 90 22 2 4202
12 20 9 18 42 3503
58 83 57 64 37 653
49 46 7 79 37 2408
21 27 36 46 13 1969
54 96 49 85 30 3039
19 34 24 74 18 2544
13 69 51 38 12 337
68 62 93 38 30 416
44 55 8 46 49 3022
68 59 65 16 32 4932
37 95 58 45 40 738
18 29 8 16 5 4014
82 95 2 43 20 1661
80 3 38 96 4 4867
57 30 79 28 19 3004
50 31 51 37 36 2606
68 88 96 19 46 3596
49 3 55 65 2 1524
63 64 65 40 6 1719
87 77 53 23 4 5245
61 25 22 86 22 2090
51 46 70 20 49 2018
33 74 28 17 45 4689
70 82 89 74 30 3252
54 73 61 16 34 1802
20 39 58 3 27 3346
5 95 39 4 20 4016
23 61 90 60 8 2630
37 14 98 14 34 3976
17 26 45 73 41 2982
66 23 58 15 42 3935
72 94 69 6 10 3922
11 86 30 31 36 327
19 64 98 96 6 1164
54 12 81 85 48 3855
71 17 47 89 0 4679
74 50 17 65 45 3287
99 43 27 78 36 4914
52 85 81 80 45 3705
67 47 17 44 30 5508
19 58 11 75 29 4500
54 23 44 16 28 4595
68 61 71 49 14 1788
99 98 14 38 6 1026
75 78 5 1 49 2242
14 93 68 100 24 4697
59 81 71 61 19 592
14 40 96 25 16 4792
16 30 5 37 40 1502
93 53 11 2 6 1363
71 65 1 28 18 5124
51 37 82 21 10 2624
6 39 89 95 30 1637
39 42 81 85 33 2331
44 50 47 29 49 4756
68 64 41 36 16 5518
20 62 38 91 40 2055
42 13 91 43 12 4202
16 72 39 58 24 2360
6 23 46 7 10 1819
58 74 93 90 5 1612
26 69 50 5 30 3821
56 69 78 91 0 1748
16 93 55 28 6 2176
78 24 18 26 28 4641
25 6 92 36 8 2300
3 9 41 11 47 3534
68 25 33 51 40 4238
56 59 6 72 47 4349
91 92 83 9 7 1924
76 83 1 2 50 3079
44 11 9 51 2 4492
32 36 61 60 5 3572
41 74 63 56 19 548
87 37 45 35 31 3811
23 44 22 89 16 4441
19 22 79 96 35 3320
53 55 45 17 20 5092
27 85 65 26 33 2078
24 22 10 64 36 2228
4 32 47 21 34 1813
57 3 18 68 3 813
14 57 10 29 43 3234
60 9 12 34 5 4023
44 40 9 14 46 2298
79 22 51 20 8 232
8 65 12 24 31 3652
58 58 24 58 36 561
94 21 4 62 34 3788
70 36 11 41 35 2537
100 2 13 29 21 5069
93 55 71 74 38 1493
58 42 4 42 26 3619
50 5 82 55 0 1486
26 22 87 50 33 434
96 43 96 73 14 1426
15 74 31 26 15 4541
21 53 61 94 14 5040
99 76 71 79 11 5201
59 44 32 63 31 4548
6 9 58 64 47 5287
12 17 56 56 2 5037
39 74 56 23 48 3856
29 94 35 75 23 5194
29 65 5 58 22 5457
75 21 5 21 41 463
40 33 34 5 6 2366
79 61 59 50 46 1603
81 7 11 38 14 1183
13 44 27 95 34 5224
7 68 51 79 2 2763
87 18 70 43 1 2602
57 64 22 18 31 2645
17 77 1 77 47 1566
59 61 89 87 43 4358
20 40 86 47 15 2545
72 85 16 100 20 4737
70 32 44 49 13 3771
26 25 54 56 33 201
47 70 28 80 20 4084
31 90 6 46 38 5311
59 34 67 73 8 4980
34 44 85 99 7 2827
32 45 22 63 14 2040
39 90 90 3 18 3998
62 93 10 29 33 503
80 78 55 67 12 4992
9 60 61 71 39 710
89 40 71 79 38 1296
63 29 19 42 9 4348
38 16 62 86 11 5390
56 97 67 60 6 4454
61 83 3 87 4 4301
69 87 81 99 13 426
69 46 24 27 4 998
71 58 35 24 3 4970
49 59 56 71 33 4377
90 81 33 64 16 2071
74 51 4 50 38 4178
25 94 14 96 21 544
95 82 93 80 20 3796
95 42 26 13 20 2096
85 38 1 14 35 4664
8 32 14 15 34 2970
58 19 73 19 0 4958
12 21 99 92 21 428
94 27 2 69 6 4934
65 44 38 94 5 5013
25 26 99 7 26 2667
64 71 92 10 18 2795
36 73 34 51 31 183
9 80 23 51 49 855
83 83 41 94 40 852
5 56 91 68 7 2257
94 13 4 41 9 3168
81 79 45 16 27 4393
11 53 26 12 38 5199
31 23 79 49 0 3885
55 3 37 22 35 4378
94 80 50 44 0 278
45 12 97 23 47 2926
88 71 95 65 50 898
45 23 66 83 39 3446
46 22 65 43 26 5066
48 81 80 8 43 5110
90 6 24 18 44 927
63 82 39 60 13 1628
38 12 40 21 44 5433
13 52 11 95 25 4032
70 63 97 73 36 1847
22 50 55 87 35 2934
25 82 49 95 39 5299
42 85 24 39 20 1375
9 54 78 3 11 2991
53 92 65 93 46 3018
61 81 21 13 39 3975
62 13 8 56 39 3864
38 95 54 9 13 3587
38 16 39 5 45 5187
91 14 73 35 25 5553
13 94 53 93 19 3326
45 29 42 77 9 962
14 97 99 47 3 1755
53 29 4 5 12 4293
1 97 14 78 4 1928
62 72 78 84 34 4131
73 85 3 61 44 5399
14 12 39 98 12 1323
7 63 41 6 27 4894
90 22 72 88 0 3498
79 83 97 81 18 1486
31 1 76 52 27 3085
8 2 81 42 38 2431
46 25 14 79 7 3313
48 53 28 30 47 1270
95 100 93 32 48 2546
50 39 53 87 28 5250
74 18 72 12 36 4631
