500
80 21 58 139 131 1086
162 145 161 48 148 1300
31 73 175 72 78 2991
91 43 113 185 136 2484
71 176 173 147 147 896
174 113 34 127 118 1336
62 180 200 44 64 3454
104 68 95 197 75 3428
171 115 178 28 65 2490
22 37 147 177 67 874
33 57 161 71 137 3476
53 200 21 143 98 1410
124 87 90 138 115 2056
97 83 91 154 91 346
41 163 164 112 73 1630
114 193 113 51 55 66
144 193 65 51 142 958
47 72 168 163 146 2459
34 120 154 58 95 1290
165 188 158 22 94 632
28 113 40 157 114 3514
132 161 89 66 90 269
185 125 76 94 59 1702
151 73 135 27 114 833
152 85 159 155 127 1863
144 165 142 98 116 1429
130 186 85 88 61 2707
22 106 120 21 59 2515
175 179 73 73 108 85
152 65 93 169 82 1697
110 169 179 94 76 2354
101 64 87 63 64 873
148 39 100 138 67 3329
30 27 114 149 108 2793
167 170 39 182 113 3374
95 138 29 146 86 2738
129 127 108 56 50 1218
60 126 65 74 87 2755
61 108 129 88 97 3280
110 72 107 60 115 3153
145 143 96 197 54 1323
173 121 103 134 82 3380
93 120 91 146 107 758
106 148 81 107 85 94
63 118 114 116 64 1957
82 56 156 34 110 1952
141 160 181 178 150 237
123 105 145 111 56 2234
188 51 108 129 51 2965
20 48 169 146 110 2695
140 58 116 195 73 2357
30 138 97 79 98 1513
65 146 31 92 121 3042
110 118 85 200 121 1122
185 173 148 137 114 529
76 65 61 188 65 179
115 174 50 63 73 2366
180 132 160 180 124 2567
56 88 95 162 102 1088
59 193 178 123 89 122
154 126 92 101 146 3358
101 38 159 59 54 2617
22 72 83 67 134 622
176 106 56 96 136 105
67 162 79 161 123 1421
106 99 182 102 146 2217
135 76 160 57 134 2141
59 20 46 20 130 2668
176 39 120 20 55 748
182 110 126 87 78 962
52 124 78 90 50 2353
75 167 166 200 77 3112
59 71 90 75 127 1099
46 28 95 181 64 715
107 46 106 109 69 2456
29 188 114 108 63 2094
22 96 70 22 128 2000
82 112 67 20 84 830
190 119 21 134 65 428
41 97 80 200 55 1674
182 78 47 99 62 758
94 182 133 25 52 2176
93 143 191 43 68 2011
130 192 95 72 114 1085
175 156 143 158 96 1918
51 134 126 23 124 2462
40 178 118 169 93 1548
55 146 36 177 99 1474
109 187 133 106 103 1331
189 121 60 164 51 1080
32 181 93 109 58 2756
168 36 100 171 132 3160
101 188 119 137 56 1575
117 148 143 71 113 1531
154 80 140 193 122 2391
86 32 186 149 88 2977
69 41 70 140 117 3204
195 67 71 30 104 2909
145 95 21 142 113 290
160 106 63 124 125 346
135 88 188 109 105 685
24 100 165 133 104 2710
174 71 128 163 150 1777
136 106 46 52 141 159
104 82 66 179 139 594
25 131 42 111 89 946
149 193 87 69 56 3207
46 151 45 60 92 182
103 119 25 178 87 1561
148 38 155 49 140 2664
40 25 67 51 116 3070
122 39 165 73 146 995
55 164 38 28 144 183
45 192 73 129 83 2054
141 71 67 105 63 1422
31 83 199 124 112 2378
125 182 171 139 112 288
191 193 24 77 113 848
96 189 74 77 132 3321
54 112 67 29 83 1406
161 186 41 142 92 1156
121 104 172 182 89 1773
80 70 169 83 62 780
40 141 54 133 59 2682
183 49 182 128 65 2846
143 177 112 162 127 3096
141 89 115 107 100 514
66 142 34 137 148 382
162 196 161 53 51 3044
48 144 97 160 55 2065
30 170 40 159 72 247
31 141 119 61 112 936
64 134 134 126 96 637
172 50 133 76 98 430
60 87 63 95 127 3030
173 129 63 80 76 1678
199 74 172 42 62 261
38 41 197 105 94 3111
186 161 188 196 61 3530
51 149 61 105 84 1826
27 138 78 104 90 115
173 177 161 70 96 1286
129 120 177 116 85 2005
76 171 122 119 78 2124
157 148 184 131 97 3415
118 196 79 165 103 2678
190 85 182 120 106 2466
45 37 78 41 66 1015
158 167 175 113 84 2232
80 113 87 58 78 2998
82 190 28 61 125 765
27 32 170 41 81 140
178 116 200 97 81 1013
51 30 124 111 148 2041
150 118 44 189 117 2177
176 84 69 94 50 1129
189 51 166 130 108 1109
63 195 112 23 145 3083
44 199 78 197 85 3437
58 21 182 113 53 790
125 73 60 73 107 1647
121 88 135 109 112 1237
137 199 31 187 131 1485
80 41 108 28 128 840
183 77 156 60 130 3052
176 120 161 168 117 2991
86 107 198 20 74 2043
68 67 198 148 73 1683
108 38 71 116 127 1730
53 73 147 32 110 2702
200 93 169 30 57 1593
176 170 23 96 147 2860
39 123 136 128 71 3292
61 188 84 150 150 745
30 169 169 149 74 2766
200 21 197 52 94 2629
182 58 43 199 78 1700
186 198 148 117 61 204
43 105 166 111 61 448
37 120 91 183 73 2254
122 97 85 169 70 980
135 119 107 197 104 509
193 177 104 84 142 2147
68 70 78 135 106 804
75 87 171 163 125 687
105 44 77 117 129 1810
155 63 129 173 100 881
200 63 127 155 74 2000
152 132 184 189 95 1797
90 24 110 90 84 3013
48 157 142 27 59 1582
68 93 141 37 90 1946
160 67 181 199 57 3493
51 27 125 62 98 998
92 148 68 159 76 2539
35 126 164 187 68 3304
137 180 150 160 102 519
131 97 83 52 50 234
133 164 54 127 72 466
104 37 135 200 104 3260
94 101 173 47 55 2763
30 97 47 111 129 1034
200 80 40 148 116 575
65 59 71 132 54 2720
155 44 164 128 79 1727
125 78 102 83 59 1057
186 173 90 43 147 3272
190 130 85 75 55 398
198 103 86 114 69 2542
42 99 24 30 138 2883
192 130 58 91 117 313
69 103 105 26 60 484
182 124 47 129 139 1455
165 109 24 29 150 86
88 40 91 186 67 3370
122 140 165 163 116 3177
25 87 129 195 52 463
137 189 96 181 51 2017
38 35 112 64 68 1620
52 166 21 155 56 358
110 197 119 29 127 3356
56 98 171 70 104 836
127 124 69 160 75 657
54 109 171 185 59 136
102 168 136 87 122 1620
181 27 138 61 135 2293
111 51 29 115 112 3520
27 174 62 168 144 1225
82 119 56 100 91 116
159 168 25 196 95 2196
42 160 163 152 126 3231
85 136 23 121 82 1684
179 24 144 112 59 3103
125 158 178 86 94 2019
107 195 144 70 128 2632
23 198 141 133 58 2242
52 43 24 83 95 150
74 86 23 47 109 1370
174 127 147 133 54 2489
200 126 23 126 76 1554
176 85 137 70 63 2889
173 28 149 25 84 2766
183 185 159 118 119 659
123 119 124 30 74 553
133 95 87 25 141 3217
28 93 120 136 50 1335
74 51 109 195 75 2140
178 139 142 115 102 1061
177 137 27 144 150 487
58 101 175 122 114 1222
27 116 153 113 141 2986
27 123 172 71 140 1419
181 90 50 159 63 1141
116 30 112 90 97 3323
132 117 82 108 127 2021
179 64 162 114 93 2741
178 47 192 111 117 476
103 35 149 171 58 2904
163 183 157 38 141 1071
138 199 64 80 144 1712
71 148 28 106 135 1877
197 39 185 129 74 3474
111 134 63 139 86 1559
178 177 100 74 69 1398
137 107 45 80 123 3187
20 142 54 189 120 118
115 186 72 46 66 2100
52 82 105 68 60 2101
30 61 38 148 104 701
58 95 179 189 65 114
44 92 188 102 74 3389
99 63 155 178 130 1968
125 51 114 51 91 1905
135 139 180 161 97 3242
91 65 34 65 85 291
139 192 162 119 80 2195
71 143 58 99 78 1717
140 128 76 171 136 1112
106 62 30 46 60 990
184 120 100 112 139 3361
120 99 198 31 145 158
119 71 139 72 50 222
199 127 45 170 127 1429
183 168 110 73 82 1237
138 132 64 185 66 1618
155 190 108 146 99 990
126 34 103 117 105 449
88 192 54 88 143 2233
91 107 124 62 79 312
50 123 86 158 126 412
113 155 171 34 97 1147
100 58 73 113 127 1958
27 62 117 37 120 805
100 182 155 34 66 584
26 37 92 57 60 3269
182 139 162 198 73 1779
96 140 162 41 102 1930
198 105 142 119 91 1083
83 95 24 138 132 2281
108 30 26 84 108 479
146 60 185 26 111 194
120 63 138 122 62 2547
160 198 72 34 68 2816
171 132 100 132 74 1396
187 130 179 144 92 2442
172 131 148 189 137 1171
157 131 164 134 61 1658
47 37 134 146 77 2230
175 146 94 55 137 885
123 199 185 24 77 3162
176 100 38 52 66 3522
59 63 120 113 83 1417
134 109 38 77 51 3207
25 193 120 182 61 2083
175 82 196 136 128 2822
20 78 106 158 87 3296
196 91 71 88 99 1085
189 188 169 122 150 2914
178 118 74 106 61 1846
49 190 183 30 86 2848
121 110 58 115 88 1718
188 99 145 45 69 223
24 159 34 148 80 462
120 39 45 103 102 878
111 59 169 107 96 2757
132 91 38 23 89 1868
41 125 81 49 69 3350
121 175 141 186 66 2976
42 50 32 182 74 602
65 60 126 110 97 3057
136 24 37 173 136 1155
143 164 194 165 63 3348
102 179 121 142 104 2269
111 74 162 45 82 1738
73 161 106 75 110 3491
33 80 124 75 78 2024
118 80 154 52 135 3108
183 144 170 96 140 2375
88 32 112 68 123 3149
181 195 184 173 130 3445
91 166 180 171 68 2095
171 196 40 146 119 3089
62 136 60 163 90 3236
136 157 160 161 93 3321
186 170 116 113 117 1088
139 138 156 194 127 2875
158 141 23 83 50 3157
130 193 156 90 57 809
47 108 46 74 124 2573
180 185 55 87 90 3128
70 163 33 183 60 2232
105 164 134 100 140 1468
117 50 117 134 146 2234
187 52 124 99 93 1609
67 99 127 181 106 3428
192 155 120 173 75 2442
82 32 149 171 58 2857
198 108 140 144 78 3507
29 156 189 182 118 3137
195 141 37 68 82 3354
33 150 81 176 78 198
98 52 135 170 135 183
81 194 189 72 58 1047
121 66 55 182 81 1608
130 137 191 29 137 2533
181 73 195 189 82 1331
56 118 52 30 70 3045
178 114 38 25 135 1101
35 76 117 43 131 427
87 21 69 137 55 2801
129 72 46 184 125 1220
45 154 110 103 88 3427
87 29 161 151 88 98
148 162 190 40 58 2789
101 124 186 167 99 108
126 85 171 177 84 326
23 191 176 163 124 339
113 74 64 97 115 3135
164 44 127 20 110 636
61 41 146 99 82 2320
112 34 37 86 101 175
43 94 29 139 66 1826
149 149 34 155 124 1165
119 54 78 92 138 1618
126 108 34 147 76 1028
30 128 79 175 115 475
115 110 20 50 50 3017
22 183 144 43 150 1209
178 69 173 50 87 2673
174 124 73 179 54 3334
112 170 97 22 71 1778
90 198 42 66 92 157
123 20 127 72 92 959
180 79 87 28 88 1569
162 164 164 81 103 3385
130 65 85 150 121 2451
46 133 64 44 79 2686
109 140 157 141 54 772
23 69 75 194 135 2725
151 136 185 92 102 2748
140 143 33 183 62 2452
171 130 87 100 88 1999
131 69 115 112 125 1968
59 105 167 135 146 1677
67 46 82 125 135 2287
97 121 120 59 149 400
195 69 32 145 59 2837
25 65 196 68 59 1161
46 133 31 80 82 634
75 67 94 53 53 3150
99 140 38 64 101 1912
191 37 83 178 73 2947
148 54 60 72 108 3007
168 162 35 27 93 2233
155 148 26 77 131 3246
102 115 102 145 118 1738
61 149 67 161 93 1727
180 161 159 138 106 1999
142 160 128 27 122 1023
186 120 57 140 110 2935
177 146 133 140 106 2646
109 68 90 80 123 2809
151 65 159 126 75 982
187 186 105 162 81 1150
188 194 43 117 145 415
129 75 76 87 122 999
195 197 37 58 52 3169
74 24 160 45 147 286
132 196 32 150 96 668
96 164 30 122 61 2299
155 87 122 93 139 1051
168 99 196 125 135 1508
88 189 153 56 52 3181
66 121 83 138 74 2190
113 153 110 55 139 2561
82 42 114 63 110 1579
193 23 62 146 130 163
108 167 199 198 82 2199
118 27 101 150 125 3318
165 82 34 98 85 2931
198 46 23 144 113 558
65 96 141 199 136 846
178 140 28 57 126 947
64 78 177 91 73 2955
49 127 114 165 92 2039
30 47 45 91 84 3162
117 99 149 194 52 1866
56 42 112 137 61 2117
32 34 44 139 97 2890
135 79 158 49 68 1434
172 138 86 78 126 3086
82 77 125 165 76 3441
103 65 149 25 124 1001
49 106 176 43 124 1238
34 75 145 75 57 238
38 24 160 168 133 625
195 42 55 105 102 3291
163 108 116 164 138 349
51 164 73 81 85 3159
73 144 160 153 138 590
80 137 192 117 121 3361
36 186 150 179 94 281
199 47 50 28 56 344
166 85 123 129 81 420
160 36 95 74 105 2396
49 189 89 59 51 2713
198 52 38 21 117 320
121 139 59 97 88 1477
57 184 66 67 99 2897
165 162 92 115 127 3027
91 152 192 115 83 314
99 191 129 133 53 2155
54 165 91 96 150 2944
180 126 87 49 122 1546
92 53 24 172 52 293
134 22 35 126 134 864
113 139 191 71 82 1668
100 39 100 170 105 3154
53 24 53 184 122 2846
96 69 28 95 75 2929
104 41 146 92 127 1921
61 70 160 33 64 643
60 121 85 160 107 3466
24 185 187 135 61 2687
49 194 76 196 132 1826
150 145 82 136 141 1035
174 20 83 164 111 2178
56 23 66 152 141 3267
151 134 169 131 136 1102
154 193 174 86 98 1216
97 192 33 154 145 645
192 89 74 121 67 1261
117 178 142 23 100 1170
157 156 101 36 94 3106
79 160 28 132 97 2754
199 82 154 104 145 2015
49 119 22 63 71 2481
95 182 144 151 133 147
95 70 177 123 107 2900
145 124 38 148 81 717
