300
1 1 3 1 10 75
8 2 10 7 7 247
2 7 12 4 4 448
3 14 20 2 10 188
4 4 3 1 4 69
6 8 4 6 6 282
14 9 13 7 4 15
4 9 5 9 6 155
5 4 3 2 9 479
10 4 3 1 4 461
9 15 13 9 1 233
7 3 1 6 3 311
2 4 2 1 3 347
8 5 10 1 9 366
9 15 7 8 2 9
18 9 5 9 10 264
4 3 4 5 3 222
7 6 2 7 5 254
13 12 1 5 7 322
6 20 14 12 1 251
2 5 3 2 1 241
2 2 6 1 10 361
4 12 6 8 4 414
3 4 17 1 3 90
1 5 4 3 1 201
7 8 4 6 7 280
15 2 5 5 2 94
18 11 6 13 2 73
1 4 3 1 5 120
3 6 7 4 7 195
13 7 11 8 9 136
5 6 16 2 10 401
4 1 5 5 5 480
2 7 3 2 5 200
3 10 9 14 8 71
10 11 12 14 3 468
2 4 5 1 6 153
4 6 10 8 1 195
3 2 9 14 2 96
3 11 6 6 9 187
1 2 1 3 7 402
7 3 8 7 3 99
14 11 11 4 7 4
5 9 1 14 7 137
5 5 5 4 10 71
4 2 3 7 8 100
3 7 1 1 8 451
7 9 5 17 3 514
1 1 4 4 3 420
3 4 1 3 1 509
2 8 1 8 6 234
2 13 5 10 5 123
4 2 4 2 2 165
8 3 8 4 3 467
3 4 9 8 10 129
2 6 9 19 6 487
2 5 5 5 2 371
3 2 3 9 4 20
3 14 9 4 7 82
6 15 14 3 8 206
4 1 3 4 5 104
5 5 1 3 10 257
12 2 15 3 5 161
19 14 19 12 5 159
1 4 1 2 7 454
10 2 1 9 7 3
13 5 4 9 6 101
11 18 10 16 5 72
2 4 1 4 2 2
3 9 8 8 8 102
9 13 8 12 5 458
13 9 5 2 1 144
5 3 3 1 8 396
10 1 9 8 3 389
2 7 15 12 1 524
13 13 4 15 6 535
4 5 1 1 5 45
6 7 8 1 9 340
8 6 9 14 6 269
18 5 20 3 5 288
1 1 4 5 1 213
8 2 9 10 5 172
2 5 12 4 8 290
17 6 18 17 8 87
5 2 2 4 8 435
7 3 9 5 1 361
7 12 9 10 8 34
6 2 3 12 10 532
4 1 1 5 7 441
1 3 2 4 8 35
12 11 4 9 3 279
4 7 16 12 4 196
3 2 4 5 1 179
9 3 3 1 3 425
8 11 7 1 7 230
12 11 8 4 9 398
5 1 5 2 1 71
3 2 10 7 5 62
15 14 12 13 2 504
19 20 9 17 2 400
4 5 5 3 7 208
10 3 8 5 3 39
7 3 3 11 4 259
12 7 7 11 8 327
2 5 1 2 6 204
3 2 7 10 6 57
10 9 15 10 1 444
2 18 9 3 8 200
3 3 3 1 1 215
6 3 2 7 10 446
8 10 8 8 9 418
6 13 17 4 8 393
2 1 2 3 10 418
5 8 4 3 3 237
2 14 1 14 6 265
4 16 17 4 1 241
4 2 5 5 1 513
4 3 2 9 9 267
5 3 8 2 4 1
15 8 11 17 10 419
3 5 3 3 5 500
3 9 3 2 7 233
3 10 10 9 2 417
6 15 5 19 2 408
5 4 2 2 7 454
5 8 6 5 3 162
1 13 7 7 10 0
10 6 11 15 6 395
3 2 2 2 1 475
6 3 6 6 1 29
4 11 14 1 4 519
15 17 4 18 6 373
4 1 2 3 4 459
3 6 8 7 9 163
15 1 3 5 5 302
3 10 14 4 4 134
3 2 5 4 9 209
8 6 1 8 7 470
5 7 10 5 4 405
16 18 19 19 7 221
4 1 5 1 1 490
2 2 6 7 5 409
1 4 3 11 4 438
17 19 15 11 7 149
3 3 3 5 3 300
4 1 10 5 9 360
9 3 9 12 7 400
1 6 15 13 10 189
4 5 1 5 4 17
9 9 5 1 4 343
8 7 7 13 5 13
11 10 16 15 2 74
4 5 2 3 10 121
10 4 6 3 8 196
2 7 2 6 9 516
8 10 11 8 10 31
3 3 3 2 9 426
8 9 7 2 3 371
9 9 2 6 1 81
5 5 3 4 1 183
2 1 1 4 6 246
2 10 5 8 10 127
8 13 4 3 5 415
17 2 13 9 5 33
3 1 5 5 1 244
8 6 10 9 9 95
10 10 6 14 9 217
19 17 5 7 7 348
4 4 4 1 4 321
1 4 7 6 4 0
4 7 3 12 2 381
6 16 5 6 8 493
4 5 3 2 3 212
3 4 7 9 2 481
3 4 6 10 10 191
15 20 4 9 9 253
5 2 4 3 5 297
8 2 8 1 5 10
15 3 15 6 5 453
9 16 1 15 7 76
1 1 4 4 7 182
1 1 5 6 8 401
9 1 1 10 1 174
20 3 15 7 5 335
1 2 4 1 1 385
4 2 6 6 10 325
1 8 1 5 10 274
13 9 7 13 9 141
4 4 4 1 8 131
5 10 9 1 7 14
15 3 10 11 1 84
18 3 15 18 6 123
4 4 1 4 8 125
5 10 3 1 3 50
3 6 4 2 7 324
4 8 8 11 3 134
5 5 4 4 1 450
7 10 5 9 9 532
1 14 3 6 7 314
13 10 13 17 6 292
1 5 3 3 3 14
6 5 2 9 2 293
1 9 7 8 7 172
11 19 7 5 10 535
3 1 5 1 10 494
5 8 8 4 2 180
9 5 14 1 6 482
7 10 4 8 10 508
3 3 2 4 4 16
2 7 1 2 3 537
6 6 7 10 4 483
11 9 4 18 5 396
5 4 2 1 6 460
4 8 8 2 5 23
5 5 1 12 1 35
4 4 12 17 8 45
3 4 3 3 9 284
7 7 3 1 7 346
14 5 4 2 3 434
14 8 4 2 5 515
4 4 1 1 9 36
3 7 5 2 1 85
1 8 6 3 8 502
15 8 2 19 9 15
4 5 3 2 7 78
9 4 6 4 1 349
12 2 5 6 9 280
20 12 16 1 8 146
1 4 1 2 9 32
6 7 7 2 9 409
14 9 5 14 9 380
14 10 8 16 7 427
3 5 5 1 3 335
3 5 4 8 2 520
1 2 10 15 5 51
16 18 6 3 7 395
2 5 3 5 7 145
1 10 2 10 4 248
2 8 3 4 3 337
12 20 5 18 3 22
3 3 1 3 8 472
10 8 4 3 3 388
2 14 8 4 5 146
16 14 16 9 8 251
3 2 2 1 10 382
7 1 4 6 4 232
10 13 15 15 4 306
9 3 7 14 10 15
1 5 3 1 6 348
9 5 10 4 9 102
4 2 3 11 5 344
13 10 4 19 8 303
4 1 1 3 7 362
9 7 6 7 3 331
4 13 4 8 5 3
17 20 6 11 6 116
4 3 2 1 10 221
3 4 9 10 9 98
6 3 12 2 6 430
10 15 20 13 7 261
2 3 3 2 3 30
7 2 4 6 6 15
2 2 4 11 7 148
7 3 5 8 1 428
2 1 4 2 4 46
5 3 3 5 9 72
6 9 13 14 6 27
20 14 2 16 1 458
1 3 1 1 5 365
5 10 4 6 7 336
11 9 11 4 1 154
19 11 8 7 4 2
2 2 1 4 2 342
9 9 8 8 3 288
10 2 9 15 2 232
9 10 19 20 4 130
5 1 5 3 10 82
6 7 5 1 10 487
13 9 15 13 5 171
4 11 12 9 4 142
5 3 3 5 2 36
2 2 7 5 2 214
15 10 15 9 10 120
1 16 7 5 10 524
2 1 1 1 7 304
6 1 7 1 7 482
7 7 1 8 10 62
19 10 8 18 4 462
1 4 1 1 4 323
9 4 2 7 9 124
8 12 14 7 7 464
11 19 15 17 3 230
2 3 1 3 5 332
4 6 10 3 7 367
13 12 8 7 9 184
8 1 2 1 9 507
5 1 1 4 10 297
6 1 6 3 4 21
3 13 6 8 10 431
14 3 15 18 6 530
