500
14 62 48 72 94 6073
32 73 91 69 52 4452
12 71 36 29 5 2280
26 24 25 100 41 2115
75 4 46 32 87 3701
10 59 78 46 78 1132
27 16 7 55 49 1043
68 79 99 54 63 1845
96 86 76 45 83 5184
41 74 83 37 58 1132
95 96 75 64 71 4513
72 30 27 88 36 3016
66 7 81 48 94 1382
94 10 35 49 74 1521
59 26 44 96 53 4631
82 33 3 16 72 4107
67 72 61 13 67 3649
72 95 96 57 22 5872
60 98 52 80 42 6230
27 99 85 21 79 763
16 61 81 23 20 6101
69 70 5 39 58 4900
36 24 88 73 1 1576
82 44 48 31 49 560
37 3 5 45 60 3694
99 65 92 85 85 5854
59 62 36 49 81 5909
63 24 1 56 29 939
32 57 45 19 83 5633
30 71 75 60 88 726
21 93 52 78 20 197
6 77 38 83 66 2280
36 99 92 49 18 5801
53 92 1 60 61 788
5 32 74 75 54 1014
25 2 33 53 52 2265
23 79 64 73 51 1054
24 84 41 88 42 2249
91 71 5 2 4 3797
75 8 93 45 93 3039
20 46 60 21 11 2664
78 50 48 88 85 1668
16 98 11 48 16 5223
92 68 83 57 83 899
28 26 39 53 17 5448
23 73 47 87 64 213
91 98 40 52 55 1415
3 88 35 91 40 2966
9 69 50 75 34 1111
37 52 25 100 72 4924
37 82 98 52 52 2564
33 70 10 21 81 2827
74 16 88 80 81 3711
86 39 85 8 86 3213
10 68 65 79 79 973
83 17 39 62 29 1679
4 95 72 92 90 5444
88 64 4 13 61 3594
14 68 77 46 86 522
91 37 58 55 58 4312
79 88 3 2 64 529
91 77 38 63 41 109
18 35 39 65 99 2749
23 19 5 59 33 3300
85 58 14 96 88 1806
14 77 59 35 72 3010
65 30 93 52 80 3149
58 79 87 17 44 3875
55 35 39 37 83 3835
45 9 90 88 20 3131
6 14 79 39 55 4717
98 43 53 19 11 268
27 3 82 61 7 5996
53 55 24 77 57 5504
72 92 29 25 37 2396
3 14 96 45 47 634
74 79 50 30 76 2628
55 99 40 58 23 1299
79 76 95 16 98 5662
86 22 76 53 6 3455
2 18 15 5 19 5033
50 38 66 18 24 960
78 83 46 50 58 3745
43 76 17 92 10 4464
40 22 53 85 70 886
4 22 78 53 20 3558
92 39 28 56 88 641
100 74 99 97 28 5077
74 91 64 91 78 5037
96 34 55 1 49 4803
23 81 44 45 72 1012
41 20 25 38 69 5730
36 61 63 61 57 717
1 21 37 58 18 5421
40 66 22 3 58 4142
35 24 70 8 41 2763
1 90 29 29 74 2334
26 53 26 8 15 588
42 90 59 81 96 2406
78 91 65 30 93 6202
91 70 52 89 54 826
56 56 47 63 22 570
43 56 50 11 87 2731
89 69 31 20 83 5183
69 21 100 89 49 1310
3 20 29 96 30 4828
97 38 59 22 77 4661
50 35 57 40 45 2337
7 29 3 82 70 131
60 100 91 49 80 2044
34 25 36 49 29 3970
14 92 90 8 57 1802
53 15 31 56 88 3850
100 81 92 49 26 1769
51 47 59 59 25 1098
7 52 22 16 24 5943
34 84 11 54 60 4750
54 60 1 80 60 6250
58 51 99 74 10 4534
86 37 5 70 71 2895
14 7 50 10 21 5441
42 21 54 81 37 3254
39 95 24 3 71 551
68 83 82 92 34 3281
50 95 46 70 82 2480
95 78 67 10 18 3028
97 74 29 98 18 1046
18 55 71 73 6 2245
63 68 51 38 40 1445
84 40 56 93 29 1022
63 93 87 88 95 582
19 98 98 1 55 2297
42 37 77 81 35 2739
72 68 18 43 76 1353
59 61 62 2 81 4665
11 73 6 77 79 5836
46 49 89 19 26 1647
38 33 37 47 60 1431
90 39 26 60 41 1641
30 20 90 50 50 2130
24 57 57 78 24 3004
80 35 76 62 21 424
10 31 72 19 28 5540
70 34 16 66 53 2439
31 62 66 24 35 3720
15 42 50 85 65 5640
87 90 5 37 94 2287
88 21 52 50 60 2488
64 91 85 3 73 1955
86 89 35 23 71 2357
42 58 71 69 64 4719
62 34 49 68 65 3528
61 5 84 87 38 4025
3 64 28 19 89 3135
93 37 31 72 73 3183
17 9 96 86 96 3983
91 83 99 27 3 5381
35 35 27 40 24 839
51 13 63 95 10 2847
15 63 65 92 34 657
21 71 35 70 3 1009
8 90 89 30 16 1246
67 11 52 38 67 1149
73 21 16 56 64 2676
24 8 51 85 35 3026
56 51 18 17 36 2954
38 66 97 44 21 3173
44 91 65 74 24 1276
75 76 64 73 85 1133
21 45 87 55 3 2305
20 99 86 18 98 1937
92 21 87 43 41 851
36 30 69 65 46 2511
79 10 33 93 21 1668
9 43 18 48 40 5657
52 70 34 39 36 2505
41 48 63 17 18 4019
40 79 29 59 56 4469
48 70 42 9 11 2113
86 63 98 93 65 980
98 14 39 74 9 2154
82 75 19 54 90 4371
59 59 55 11 1 397
49 54 79 38 79 1025
78 10 3 96 65 2195
65 57 72 79 20 5038
95 16 18 73 3 4236
71 86 79 61 3 5656
91 99 100 15 9 4030
55 90 50 61 53 784
28 39 27 42 59 2984
78 64 43 87 40 5887
38 68 64 70 53 1287
78 79 10 82 78 1694
75 43 47 57 14 155
51 55 91 94 70 2251
75 87 36 95 36 2425
98 55 22 81 51 3210
68 39 76 92 17 4613
15 25 85 94 28 2925
45 31 43 3 75 1546
5 51 49 56 57 2325
91 97 75 78 27 4438
39 36 76 94 7 3609
10 67 36 41 41 2737
82 1 1 3 30 3911
36 6 21 14 6 5336
11 67 34 25 9 1624
1 67 4 89 69 2748
9 10 48 99 75 6233
20 5 78 11 13 2959
66 86 35 24 14 2170
22 24 24 63 65 2802
35 85 46 4 66 3749
83 36 76 74 94 1448
5 27 90 26 92 4906
36 45 68 81 17 1225
87 10 64 28 91 2873
49 17 80 15 99 4307
81 2 73 27 77 5845
22 29 85 80 27 571
17 39 68 86 26 884
76 61 96 85 57 1068
2 73 82 27 87 2990
87 23 80 88 32 2509
6 55 92 58 36 5491
50 8 6 84 94 5788
4 70 72 95 100 3893
77 42 53 28 51 4792
30 36 59 37 30 4970
37 17 52 26 65 1491
36 89 77 49 27 5618
96 20 43 55 96 3605
66 59 52 67 22 5645
3 81 28 86 8 2530
58 4 34 5 11 231
42 81 54 60 64 1966
47 51 83 78 21 2358
19 92 61 65 27 131
27 78 74 19 46 1445
98 16 61 82 99 3106
36 5 35 23 28 5814
64 32 81 62 34 2587
10 100 37 49 85 4658
35 59 73 34 53 5518
58 100 12 73 45 2648
100 77 53 24 94 3887
81 67 52 52 65 3529
7 37 64 16 22 4505
37 5 82 73 37 5280
97 49 62 62 69 3312
99 45 31 40 71 1025
92 100 100 17 5 3987
55 49 64 35 37 1772
4 17 2 80 13 665
37 74 18 99 25 4671
69 1 56 68 7 5126
20 60 45 45 48 3900
35 48 88 96 87 4214
22 35 97 100 67 1523
23 49 4 23 28 3263
25 66 11 14 23 2753
50 89 32 20 66 2828
78 77 81 12 89 1094
91 91 83 29 29 2913
46 18 71 24 18 1197
5 81 3 83 2 6232
12 94 98 4 35 2293
74 42 1 38 66 4860
93 30 12 80 44 223
34 66 2 57 69 1648
70 58 23 80 78 4276
64 52 58 20 6 731
7 72 63 77 14 2716
62 45 74 12 27 4638
54 97 48 67 66 3078
20 65 78 77 53 1518
87 83 28 100 46 2432
53 33 1 66 41 3265
43 7 17 96 67 4590
13 89 92 67 73 3719
99 93 47 5 2 2965
19 72 88 17 31 4168
60 79 14 62 2 4169
26 48 81 1 31 458
25 18 45 91 12 3902
93 38 36 37 12 727
63 1 75 26 19 4530
78 11 66 2 76 3839
24 12 77 95 17 1895
30 22 14 69 25 1988
5 1 24 36 99 2735
76 84 12 88 51 875
13 32 50 62 92 3032
20 32 64 70 98 3515
25 41 39 97 54 3501
18 31 42 93 85 5127
73 56 73 64 4 5784
41 30 99 40 84 5087
64 5 34 8 55 1263
26 67 31 30 6 263
76 69 94 99 18 355
41 60 99 39 85 3562
1 68 84 91 96 722
51 41 50 1 65 3000
75 78 48 64 48 4107
66 23 26 92 8 5553
85 96 51 14 98 2658
70 22 62 63 14 2615
86 57 72 67 76 2840
36 52 54 56 90 1358
68 95 35 53 20 2784
76 24 5 71 11 1516
11 44 63 60 59 2143
96 70 63 44 26 6186
75 34 25 11 17 4958
5 80 98 36 37 3224
13 62 53 21 70 6045
4 18 90 20 76 2313
55 95 80 10 80 4749
22 61 69 93 98 3831
25 58 36 38 50 1210
29 39 80 3 89 3005
49 55 70 65 74 391
20 34 61 76 24 3240
37 92 61 88 44 4558
64 35 33 92 19 5165
30 16 64 96 85 1802
88 4 52 12 13 4619
85 73 31 42 34 1537
89 77 73 87 84 1348
73 98 93 49 59 6100
56 87 42 13 47 2104
16 25 17 33 36 583
53 93 45 30 62 5607
30 64 36 51 84 1826
46 45 23 34 3 2695
63 97 77 30 19 5920
14 51 39 41 84 5435
97 18 7 13 59 2553
54 35 53 43 64 4368
10 3 64 91 64 3022
8 55 64 40 57 1028
71 28 44 86 88 1905
30 3 17 97 80 1933
83 43 15 48 74 3043
11 50 33 8 96 5226
27 23 48 78 19 6201
8 36 81 100 100 992
68 100 98 30 13 4953
48 69 23 37 30 4721
67 25 54 79 66 4848
81 3 24 49 100 518
52 41 8 34 100 2707
48 91 7 95 8 5883
5 14 39 76 96 1567
74 77 33 80 42 3704
45 36 5 75 61 4420
70 51 97 87 35 473
51 28 83 26 45 121
97 43 74 76 86 4124
66 47 95 78 5 4338
30 5 59 47 66 5763
7 68 40 43 48 5650
67 51 51 6 25 6032
52 15 93 77 21 2278
100 56 39 48 71 687
8 25 63 41 91 4814
34 66 87 34 86 867
36 7 14 32 39 2381
98 57 60 75 69 903
72 74 97 64 69 2719
51 35 75 71 63 194
46 13 35 23 95 708
70 27 50 55 40 6071
69 66 73 41 67 4259
83 66 91 10 87 4539
40 8 10 23 17 5526
69 62 95 1 53 3783
78 38 91 72 99 1474
66 5 31 97 16 2084
26 82 99 12 23 4970
31 29 97 13 96 3971
44 8 37 97 58 4408
12 56 65 71 44 4155
93 45 2 74 13 5500
38 10 91 86 79 4869
74 80 45 26 76 2758
91 38 29 30 13 5222
86 27 46 2 84 5923
72 70 64 7 88 1374
40 3 2 18 29 1061
35 38 84 19 34 2740
81 6 65 30 79 1495
83 65 44 59 97 3719
48 100 89 65 13 6134
5 67 46 26 15 4798
14 75 65 93 46 971
5 68 80 71 40 2366
80 69 70 91 85 4188
69 19 4 35 30 3889
21 76 14 72 56 3094
90 56 73 67 36 6088
91 57 45 60 23 2917
36 97 19 85 100 4970
16 3 67 34 66 1613
73 59 62 95 78 5726
34 21 73 36 31 3105
98 3 2 49 62 2957
58 60 100 97 35 4800
12 77 3 8 36 1607
98 78 23 97 5 3770
47 98 35 47 69 4104
76 19 71 10 83 2968
85 87 62 62 91 3325
97 89 67 92 88 5375
78 8 13 32 7 4697
84 40 70 2 97 4658
93 96 68 73 8 179
83 57 36 38 17 758
95 78 71 86 23 2927
47 18 29 55 21 4131
93 31 14 6 21 4373
13 58 61 76 41 1383
58 57 44 7 67 771
5 39 35 63 48 5312
7 85 58 100 45 1541
49 54 72 40 57 1990
98 39 33 48 64 4488
86 74 63 36 37 5819
89 66 28 63 57 1573
28 30 81 25 95 1487
69 100 76 74 45 1014
19 62 26 85 47 2023
29 22 12 11 62 259
66 69 51 96 44 3326
31 3 30 50 24 4676
49 88 43 89 42 1365
28 60 85 9 37 5250
47 36 68 25 13 4585
7 45 82 51 80 5368
27 93 52 88 22 2129
42 37 5 49 46 4039
100 19 6 92 23 1114
16 48 32 39 53 3456
41 24 45 7 7 733
65 68 9 91 31 1316
60 60 30 82 96 4648
69 22 26 37 17 3884
89 63 7 86 17 5130
52 37 85 14 69 5990
60 6 22 93 82 3494
25 32 69 6 67 3949
79 95 85 2 94 2304
63 50 18 9 18 4879
55 39 16 83 45 4190
85 36 83 73 74 813
99 54 2 13 50 5215
99 90 66 93 23 4103
79 51 71 70 39 1074
19 18 22 41 76 1629
3 70 17 73 21 3828
18 5 67 93 82 2565
28 80 37 62 88 752
5 34 17 99 12 1644
90 54 34 60 37 3741
2 52 90 5 90 5490
2 48 56 8 24 2690
7 69 89 22 47 3568
87 71 23 24 92 2315
57 94 22 67 84 3783
36 90 53 76 23 2457
25 5 30 84 82 1535
51 59 85 48 20 978
9 100 32 57 43 5034
26 61 37 77 1 5364
83 91 2 8 36 2573
38 11 100 20 92 4971
63 63 47 39 18 911
37 44 1 35 4 2493
70 20 11 93 66 2088
67 65 71 24 78 382
42 97 61 69 49 2575
48 69 70 66 23 1432
21 36 53 85 70 6059
74 91 36 95 41 1137
14 88 58 20 59 3083
26 57 90 44 6 3767
90 12 38 88 25 1911
68 97 95 55 54 834
85 11 42 67 5 197
55 65 30 74 37 3471
29 1 97 74 1 373
64 29 93 85 6 4525
77 15 38 77 80 5340
30 80 67 47 74 4938
92 42 85 11 9 6024
8 87 63 95 66 215
48 97 91 47 23 2715
93 3 57 93 6 5334
