400
118 132 143 206 3 1800
93 105 97 139 2 1680
254 277 214 380 5 4620
21 18 24 32 4 240
33 26 40 48 2 2280
61 56 70 92 2 1980
32 31 43 54 1 2160
33 33 42 57 1 1920
128 123 124 188 3 4980
64 67 75 107 3 2460
53 43 59 80 1 780
209 238 181 308 3 5220
29 29 40 49 4 780
133 120 139 212 3 1980
117 135 136 198 2 2700
28 25 37 48 2 1380
113 122 124 195 3 2100
33 31 39 51 1 480
121 112 114 185 5 4860
141 136 131 217 5 5460
129 112 137 185 3 1440
140 164 132 216 3 5280
47 47 62 68 2 2340
49 48 56 77 2 720
40 37 49 63 2 2460
122 137 113 182 3 5400
35 34 46 59 1 780
47 46 56 64 2 2520
85 73 114 150 4 1320
52 48 60 74 2 2760
97 99 119 152 3 4080
133 116 135 177 2 3120
56 51 77 86 1 2760
122 130 138 189 3 2340
49 49 69 76 1 1560
32 34 44 48 1 2700
92 82 95 126 7 360
59 56 79 93 1 2820
74 77 90 122 3 1980
66 61 66 94 2 3300
80 61 89 128 7 900
36 35 51 56 1 120
48 41 50 62 1 1260
157 180 161 263 3 3180
156 138 157 234 2 2400
49 38 59 79 4 840
57 48 62 95 6 120
105 95 109 149 3 4140
52 43 54 67 1 540
79 81 92 122 2 2820
60 59 74 92 2 1320
54 49 61 79 1 2220
146 158 167 262 3 4260
36 34 44 64 1 1920
125 149 142 213 2 1800
145 139 152 227 2 3360
94 93 94 146 3 2640
102 97 95 142 2 4260
124 111 127 177 2 3720
73 73 86 127 2 2160
58 47 58 80 5 840
177 196 173 296 3 4080
38 41 47 61 2 1980
32 32 43 48 2 300
187 195 162 244 3 5100
91 93 94 132 2 4140
46 39 50 59 2 1500
31 24 32 48 6 840
31 26 37 56 4 840
38 39 46 68 7 600
43 38 42 54 2 840
193 193 183 274 3 2700
172 182 192 256 2 3060
43 38 53 64 7 420
68 55 79 112 7 1140
45 43 54 58 2 780
96 125 92 153 4 4800
39 37 51 57 2 1680
74 67 83 118 7 660
66 55 71 97 4 660
33 28 34 49 4 240
84 68 104 134 4 540
62 58 72 86 3 3480
73 71 68 108 3 4200
83 74 108 134 6 300
159 179 136 255 5 5460
37 38 43 54 1 1380
44 46 51 67 2 480
44 45 53 77 4 360
89 96 88 156 3 5460
172 193 202 268 2 2880
66 56 79 93 2 180
91 91 103 144 2 2880
32 33 39 53 4 420
115 127 132 199 2 3240
133 154 156 207 2 3900
59 58 74 91 2 1980
34 30 45 52 1 1860
106 99 104 176 3 1860
181 200 195 281 2 1740
133 146 156 218 3 2220
27 21 33 44 4 420
46 43 62 71 2 420
85 75 93 121 3 4080
129 127 130 168 3 3360
108 103 112 149 3 3720
94 91 88 148 5 3960
30 30 42 47 2 1140
70 63 92 113 5 60
51 47 64 82 2 2580
175 173 172 243 2 3360
213 210 192 314 5 3240
49 48 56 80 1 420
140 155 133 229 3 5280
30 32 41 49 1 840
39 39 48 69 4 120
52 47 55 69 1 1440
68 66 80 104 4 720
44 41 56 67 2 1440
157 171 131 219 4 2940
97 79 100 146 4 1320
176 168 196 273 2 1500
177 194 161 315 5 5400
59 49 69 75 2 1320
53 47 56 78 2 1440
97 93 99 157 3 2160
244 256 212 387 3 3240
58 51 66 99 7 1140
186 186 177 288 2 3840
171 182 141 255 3 5640
53 53 66 86 2 1140
48 41 57 71 1 360
57 50 63 86 1 360
122 116 127 194 3 3720
126 123 130 175 3 1920
104 93 95 151 2 2760
43 39 53 59 2 360
45 44 59 76 1 2760
30 26 35 47 2 1800
35 30 42 51 1 2760
48 43 65 72 1 120
82 90 94 132 3 2040
58 62 67 93 3 3240
140 161 142 245 3 3120
63 53 74 81 2 2340
108 122 122 157 3 2520
136 133 132 226 2 2100
126 121 128 187 3 1560
232 235 204 388 4 4860
170 165 191 297 3 3840
43 41 60 76 1 120
47 43 55 78 1 360
53 46 59 72 2 2220
111 127 113 152 3 4080
36 28 43 52 1 1560
61 51 78 96 2 960
32 32 42 54 1 1860
39 39 46 62 1 1080
129 137 123 201 5 3480
128 154 127 190 5 4920
93 89 95 158 2 4080
50 46 65 72 2 2100
145 153 144 224 3 1560
58 53 59 87 1 600
44 42 58 66 1 1500
21 20 26 36 4 60
161 160 189 237 2 2400
162 145 157 255 2 3240
162 165 187 255 2 4140
41 31 46 59 6 780
157 140 166 243 3 3480
33 29 46 55 2 120
229 263 236 387 4 4380
43 34 44 65 1 2400
54 50 63 82 1 960
69 66 64 95 2 3540
168 172 160 227 3 5460
226 233 205 334 5 5220
161 167 200 264 3 1980
56 49 70 87 1 1560
55 52 69 95 5 360
35 28 42 51 2 360
60 51 72 86 2 2100
197 176 177 305 2 2460
56 49 67 81 1 1140
51 42 60 77 2 1800
153 162 151 220 3 1980
100 116 105 159 4 3960
63 56 76 92 2 360
74 76 80 131 2 1620
192 175 176 288 3 4260
75 67 84 126 4 840
147 133 138 192 3 3480
47 42 55 64 2 1620
36 38 45 59 1 900
74 81 90 111 3 1980
52 44 56 83 2 480
147 151 174 212 2 4200
165 187 157 272 5 4260
189 177 177 272 3 3900
29 28 35 48 2 1260
58 49 68 87 2 1440
181 190 192 294 3 3420
141 143 177 226 2 4140
48 46 64 79 7 1080
206 249 196 364 5 4080
212 230 209 358 3 5400
63 49 71 101 6 720
49 49 58 75 2 900
44 40 53 61 2 300
33 35 46 51 1 2160
126 115 138 181 2 2520
240 249 228 381 5 3360
104 101 115 168 2 2340
115 98 116 173 2 3720
40 32 47 62 4 1200
28 30 35 46 1 300
68 66 75 106 3 3240
46 43 60 73 1 1980
72 61 81 116 6 660
170 197 210 302 2 3660
79 78 99 150 4 1200
76 72 76 101 3 3840
157 143 157 247 2 4200
36 30 38 51 2 660
61 59 81 114 4 1380
49 39 55 72 2 2820
135 142 140 189 3 2700
36 30 43 55 2 900
135 164 129 215 4 5100
55 44 59 80 1 1260
50 47 58 80 1 240
170 166 181 264 3 3480
197 176 173 295 3 3840
52 49 58 82 1 720
174 194 196 296 3 1920
139 140 136 219 3 4020
160 155 132 215 3 3540
54 47 71 77 1 2400
99 84 95 145 2 3780
169 147 164 251 3 2040
66 59 78 96 2 1080
51 44 68 83 1 1380
83 63 87 138 6 360
121 129 127 189 4 5520
123 113 123 180 3 2100
55 50 61 93 5 240
115 121 118 195 4 5160
75 60 79 126 7 1380
20 17 26 37 6 660
40 40 52 65 2 1260
56 55 62 90 2 1920
47 39 61 71 1 2580
84 98 102 140 3 2340
30 31 40 45 1 2580
77 71 90 111 4 840
71 63 76 96 2 4020
78 81 96 123 3 3240
54 51 70 90 6 240
108 97 110 166 3 2940
56 51 68 91 7 960
142 159 171 237 2 1860
81 71 106 143 5 960
141 151 155 231 2 3240
42 39 45 58 1 2340
191 182 200 278 2 3840
88 79 106 127 5 300
71 56 82 108 5 960
52 46 58 72 2 1140
58 56 73 86 1 2580
91 95 93 125 3 1860
56 57 74 88 7 240
55 46 66 82 1 840
45 37 53 72 1 480
43 37 51 65 1 2820
53 44 64 82 2 2640
28 23 30 38 7 180
50 46 55 77 2 660
54 49 60 83 2 1020
55 56 66 79 2 1560
182 155 177 238 3 2640
147 153 154 213 3 2700
174 180 171 262 3 4200
85 86 117 160 4 600
50 48 61 78 2 2340
30 27 38 44 1 180
260 240 212 358 4 3960
58 51 73 92 2 360
37 30 39 56 2 2220
69 72 74 125 3 3660
61 58 75 81 2 1680
117 133 137 190 2 3900
49 43 56 68 1 2580
175 217 170 299 4 3900
109 123 126 168 2 3180
27 25 27 40 4 1260
37 34 44 55 1 2340
244 269 239 394 4 5100
48 50 59 81 7 420
81 71 83 125 2 3900
179 163 168 268 2 2040
42 42 53 68 1 1860
31 28 34 50 6 360
81 82 86 134 3 3960
60 47 68 82 1 1740
68 69 78 124 5 360
156 152 162 227 3 2040
197 179 179 288 3 2640
43 35 52 63 1 600
83 80 100 147 6 240
45 40 50 68 6 1380
178 195 200 251 3 1980
106 99 108 174 2 3960
111 114 119 182 2 3420
189 176 185 301 2 3660
45 37 49 62 1 300
94 75 103 155 7 960
45 42 54 71 1 1140
36 37 46 61 2 1200
84 78 89 132 3 3540
50 50 57 73 2 1200
49 41 58 74 1 2520
34 36 40 58 2 2700
198 164 209 279 2 2400
163 185 188 271 2 3060
159 156 182 236 3 1920
169 174 150 229 3 5340
52 51 66 77 1 1740
42 36 51 69 2 1320
107 104 111 169 2 2280
162 195 195 299 3 2520
114 112 106 175 3 4080
34 30 47 57 2 2220
31 31 43 49 1 660
87 94 82 156 3 4680
231 236 222 320 5 3180
44 38 44 71 4 1260
21 22 28 34 6 960
159 148 155 257 2 4140
53 46 59 81 2 1620
21 21 29 37 4 1380
69 68 84 123 6 1380
36 32 50 55 2 1980
60 51 70 88 1 1440
24 22 30 41 4 960
74 62 90 133 4 1260
47 43 57 88 7 780
56 58 65 91 1 1680
59 56 66 80 1 120
60 48 69 87 2 1620
54 46 71 77 1 1740
76 70 70 107 3 3120
112 118 117 199 3 2460
55 50 63 78 1 1320
156 151 160 243 2 2400
223 204 215 297 5 3540
44 43 56 67 2 1320
36 33 40 53 1 900
112 127 109 161 3 4920
52 48 66 77 1 2160
121 132 132 182 3 3780
44 40 53 68 1 1020
32 33 44 52 2 2400
38 32 41 62 1 2460
71 78 86 125 3 1740
52 46 54 68 1 300
123 116 128 188 2 2520
36 35 51 61 2 2700
96 96 116 165 2 2520
69 59 77 101 4 1320
47 49 66 77 2 1080
49 38 55 71 1 1320
220 205 184 312 5 4260
55 52 65 83 2 2100
58 52 61 93 1 1860
202 212 200 339 4 2880
46 49 61 72 1 240
38 39 48 62 1 1740
59 54 75 90 1 360
95 78 110 157 7 840
129 125 141 210 3 1620
56 57 66 91 1 180
30 26 37 50 6 1380
57 52 78 89 1 1620
173 161 173 236 3 2040
27 27 35 51 5 840
80 92 86 126 3 1800
122 123 122 192 2 3180
150 131 140 228 2 1860
156 198 146 268 5 5160
74 63 75 108 2 1800
126 113 131 186 3 4020
71 58 74 109 4 1260
56 57 63 86 2 420
173 150 160 240 3 2940
64 61 77 85 1 2520
85 73 111 153 7 480
162 161 179 273 3 2880
140 156 158 236 2 2280
73 71 86 119 3 2580
