150
44 45 9 6 50 194
6 11 32 12 60 926
16 6 40 14 90 354
50 14 31 50 70 305
33 29 16 43 80 1315
10 32 23 38 50 156
26 35 50 21 60 604
10 48 49 37 60 780
21 32 36 48 90 267
7 45 27 23 70 91
6 17 31 50 60 713
44 42 48 24 50 761
7 27 37 19 90 1489
29 24 48 44 50 157
48 18 29 19 50 1103
31 47 11 43 100 1225
32 17 23 9 90 773
26 23 39 16 80 134
15 43 20 50 90 14
44 5 23 24 60 1384
24 39 40 20 80 317
38 18 5 11 60 243
48 49 45 16 80 1327
28 28 6 32 70 905
20 44 7 20 50 1206
31 27 19 21 60 831
21 19 13 6 60 1442
42 37 44 48 70 685
43 47 22 6 90 862
33 10 26 8 80 365
42 9 39 33 100 1220
13 32 45 28 60 568
8 7 19 32 70 990
45 49 40 40 60 1384
34 20 49 24 80 538
50 46 40 13 90 259
40 40 35 40 70 464
13 20 6 11 80 687
10 49 27 47 50 903
20 32 15 38 60 569
16 26 12 48 60 1477
20 47 12 30 50 823
28 20 38 45 60 235
15 33 48 5 50 1009
22 20 19 37 50 934
21 19 15 11 60 993
6 41 34 30 50 1429
10 25 24 9 90 1144
26 16 7 17 60 180
19 31 33 6 70 795
20 17 45 34 60 372
19 48 12 10 60 871
22 5 9 10 100 1116
43 9 47 29 50 462
39 32 7 33 80 693
27 48 38 25 60 679
27 29 25 10 90 31
33 25 14 46 60 207
25 30 6 44 100 1174
46 20 36 9 50 1114
49 44 5 37 60 754
38 7 27 6 50 598
17 34 38 5 90 1220
43 22 19 41 100 1476
47 37 39 25 70 1004
43 31 11 27 50 949
49 28 26 10 50 734
18 45 45 47 50 1491
16 17 35 17 70 1143
30 5 24 42 100 113
48 10 20 8 90 1138
40 41 18 50 90 1481
21 46 39 20 90 1076
24 31 7 45 60 728
8 18 6 42 60 1379
25 22 10 36 100 532
24 11 42 38 90 1053
26 11 44 37 80 1232
36 41 27 40 70 92
20 36 28 32 90 1292
21 24 43 11 90 755
18 12 37 39 90 314
11 8 7 20 80 266
19 18 48 10 60 746
10 34 33 6 60 1297
22 12 14 14 70 1455
44 20 22 47 70 400
27 36 9 37 100 619
50 10 23 30 90 1315
48 46 12 10 60 1215
16 28 25 21 100 427
7 6 16 30 70 712
9 26 10 11 100 387
34 21 17 25 50 936
30 15 41 20 70 1217
20 15 47 34 90 259
27 9 41 6 90 148
46 22 36 10 60 1144
11 6 33 24 90 227
9 45 27 33 100 166
39 6 36 38 100 976
18 46 8 32 90 239
8 21 15 23 80 1325
15 50 38 7 50 6
23 5 19 23 50 167
15 5 33 33 80 97
8 21 47 7 80 692
27 9 46 22 70 1437
42 13 32 24 70 1027
45 41 35 14 60 1057
14 45 28 27 50 800
10 16 20 26 80 1305
50 29 14 28 80 1336
39 27 37 25 90 480
9 48 49 27 70 1068
41 27 10 27 50 753
24 22 9 28 90 339
20 35 35 6 50 401
14 10 14 9 70 536
5 49 18 50 70 988
50 43 37 23 90 1307
32 28 24 7 90 1231
34 18 49 42 80 522
35 26 6 23 80 336
48 16 8 36 80 846
10 10 43 31 90 1406
19 44 8 6 60 234
8 41 6 21 50 714
27 26 48 9 50 569
7 15 20 45 70 1291
49 44 6 43 80 73
5 50 44 28 90 823
39 49 41 15 80 391
22 41 24 10 100 350
13 13 46 27 60 776
9 49 25 12 70 1498
8 23 30 19 60 85
31 35 8 29 100 263
40 43 9 16 90 982
24 50 31 40 100 1322
46 49 7 32 50 387
23 8 23 43 70 367
26 50 26 34 50 903
41 31 14 37 60 1424
26 36 16 46 80 1416
24 16 39 20 100 1305
21 27 6 9 70 114
48 47 27 6 60 1191
39 45 42 29 80 819
12 38 5 40 50 508
