200
32 17 31 48 100 268
37 29 19 21 50 724
38 16 16 15 50 1351
46 40 34 28 50 938
14 30 49 37 60 1103
50 42 5 13 90 1877
34 30 19 8 60 1364
43 16 32 43 90 85
28 15 10 25 70 1656
12 7 5 43 90 1139
42 10 25 19 70 707
30 36 37 23 60 640
42 37 42 16 60 88
28 36 47 12 100 1108
32 9 39 16 50 919
25 41 25 35 80 1349
5 35 26 49 90 1564
22 8 30 8 50 1416
10 9 21 27 90 477
29 7 7 43 80 1728
36 40 19 50 50 273
41 24 6 47 70 1502
35 44 6 18 80 1794
8 49 26 48 100 160
37 41 7 22 90 405
27 20 29 22 100 1811
20 37 36 18 50 1170
15 17 39 34 80 755
14 38 5 37 90 577
13 36 49 13 50 1616
45 16 34 5 80 1978
40 23 39 30 70 158
15 30 36 32 80 17
29 27 48 40 70 187
12 46 26 44 100 1655
34 14 21 18 90 609
23 26 24 39 70 1424
47 39 33 14 60 1635
25 9 7 35 50 1035
40 25 25 39 90 1971
50 35 17 26 80 1891
19 11 48 42 70 33
28 42 7 20 50 607
10 14 29 27 70 949
45 6 14 32 70 196
38 24 29 15 50 1577
36 36 21 17 70 1027
37 34 15 47 60 1367
44 20 17 29 100 311
44 14 18 14 80 676
36 49 20 22 90 387
22 19 18 30 50 905
5 30 24 32 70 81
37 22 43 12 60 1509
5 41 47 31 70 1850
38 48 34 8 90 1539
32 37 15 38 70 237
31 5 36 37 80 1611
21 8 31 50 50 1491
14 38 14 14 70 1319
32 44 22 31 70 1109
29 38 23 49 100 1359
31 19 9 36 80 850
42 30 48 15 100 1066
42 35 11 12 60 1836
7 12 47 35 100 1494
37 18 24 43 70 812
13 16 46 8 80 493
45 8 24 34 90 1505
41 9 26 35 70 96
6 33 30 25 90 344
22 44 14 43 100 1688
12 11 23 36 70 1931
36 12 20 31 60 1825
38 45 45 47 50 861
30 11 24 45 60 1751
50 22 30 10 50 1861
9 12 25 8 60 858
38 20 7 47 90 1122
26 5 35 27 90 1769
46 6 37 47 80 165
16 43 43 12 60 1767
12 48 20 46 90 1094
39 12 38 37 60 1054
5 48 26 14 90 234
33 20 30 47 90 1603
45 38 42 40 100 129
47 10 20 13 60 1989
6 11 47 11 80 1057
14 5 7 28 50 190
6 35 13 33 70 707
6 24 30 13 100 830
9 19 21 16 80 618
37 28 50 19 90 383
27 31 47 21 60 1413
15 33 7 5 90 146
24 22 39 32 50 1475
28 12 34 25 70 1627
25 32 34 10 60 226
50 31 47 28 90 132
28 22 39 17 100 435
16 17 12 7 60 1335
22 40 12 11 70 784
20 25 38 12 60 525
49 45 48 46 80 1220
12 47 30 44 60 1284
16 11 28 40 60 1020
9 32 26 38 70 1749
5 22 26 19 60 1545
15 24 14 40 80 1055
22 18 37 27 90 877
11 42 18 9 70 1899
14 22 26 46 80 1091
31 23 46 5 100 814
32 17 44 31 50 111
27 42 38 49 80 760
46 19 48 46 100 291
22 27 24 33 90 1390
46 8 5 40 50 1072
46 26 12 46 50 1207
20 20 45 29 90 1733
38 40 21 48 70 1008
8 25 14 5 50 430
17 29 5 18 60 1035
7 16 33 33 90 1097
23 33 35 43 60 1684
40 6 39 45 70 1788
27 33 20 20 100 13
49 22 48 26 70 677
31 13 44 17 60 1506
16 18 43 7 100 7
48 17 34 34 100 1631
27 27 9 39 80 1387
48 49 36 37 50 737
39 41 32 39 80 1204
44 25 23 35 70 1547
6 20 20 19 80 1107
15 42 50 35 80 1765
28 20 8 30 70 131
27 29 29 21 60 1721
15 33 11 47 90 1214
11 27 8 33 100 1793
30 29 29 14 50 41
34 7 14 44 60 810
44 38 47 28 80 1220
25 5 37 45 80 211
17 45 40 47 90 1042
15 21 43 22 90 477
37 25 31 9 100 1911
20 45 6 42 80 1348
36 16 48 9 50 460
49 44 37 42 60 577
44 18 49 45 90 901
50 42 37 32 70 1395
9 38 43 38 70 876
34 18 9 47 80 1020
46 32 21 45 90 270
31 40 12 26 50 54
21 42 31 30 60 148
8 20 33 49 60 1012
17 6 16 47 70 1595
21 38 27 7 100 278
41 6 49 43 100 1545
44 47 49 49 60 1665
26 23 23 32 60 1835
24 22 12 17 90 739
39 18 12 12 60 1559
15 13 35 5 50 185
30 11 26 49 80 10
43 9 34 33 70 1851
19 49 48 42 100 1579
28 43 6 19 90 1191
31 13 31 41 50 1363
14 43 26 17 100 1305
7 40 13 13 100 1524
46 14 18 40 50 1946
26 43 6 15 100 1584
40 35 19 32 100 1679
25 15 9 14 100 693
45 15 29 43 80 1361
24 29 19 30 50 163
5 28 31 46 60 15
7 10 40 35 50 680
33 16 32 38 80 1650
20 24 38 8 70 310
50 42 6 27 90 1749
43 49 36 7 80 944
29 6 35 18 50 1195
26 16 34 14 80 515
14 7 18 41 50 328
15 38 11 30 60 211
26 8 37 36 50 1042
39 15 46 45 70 404
45 33 12 20 70 831
34 17 47 49 80 1845
30 47 28 31 70 1429
50 47 36 19 80 1086
18 8 9 16 90 1791
36 46 36 28 100 247
22 46 19 6 100 45
