350
101 62 110 170 117 3245
175 65 179 50 75 2018
81 95 51 80 52 3030
76 196 109 160 123 949
66 49 108 126 145 2407
56 57 197 85 133 463
74 49 59 126 109 1430
50 97 193 186 139 244
82 170 92 21 128 683
61 174 150 42 110 1452
90 94 87 192 79 1199
58 67 77 20 105 3466
193 32 121 93 147 3313
181 38 98 133 91 780
100 118 134 52 58 2409
178 130 35 29 70 2837
131 89 121 129 125 641
58 59 150 51 92 1792
92 28 97 123 139 1254
142 100 54 172 122 1630
197 150 41 122 90 2717
176 134 105 79 71 2319
99 56 190 113 70 2656
63 98 195 52 118 2453
101 83 191 166 134 2353
136 83 141 138 89 2432
25 58 150 80 79 3139
181 145 141 130 75 2962
43 143 33 143 111 2254
25 62 141 135 77 2074
23 194 184 168 105 2757
171 125 107 173 71 1196
23 135 35 26 62 764
113 179 89 196 106 3178
138 65 54 76 94 1238
92 167 183 123 107 2773
168 194 150 192 84 3239
183 173 129 59 94 3274
192 101 140 80 59 1195
96 90 149 35 50 2082
78 57 132 122 132 1560
173 178 190 140 102 1932
62 37 77 57 74 667
142 130 108 29 125 864
148 177 122 150 56 1090
20 82 35 141 107 2958
37 108 149 192 119 1082
46 175 32 64 141 1788
130 82 94 173 103 3194
22 148 89 143 99 2656
181 93 142 136 88 623
197 35 141 72 129 1700
195 48 67 143 143 2567
188 63 144 94 56 1316
131 40 88 57 134 2363
101 192 142 63 150 944
71 40 62 41 107 2992
179 101 113 43 87 1528
29 50 28 76 150 1664
133 164 154 106 75 2495
26 43 180 25 139 305
160 167 184 184 150 462
164 118 91 33 102 876
71 96 85 40 77 1270
48 93 192 107 72 565
56 49 51 82 65 1076
145 113 108 118 55 2204
192 198 200 191 89 3261
56 147 143 58 96 2980
139 56 37 39 76 2094
76 101 158 117 58 735
109 29 143 148 125 690
95 41 86 58 128 1044
126 39 178 90 95 1321
115 114 48 101 117 1236
198 184 49 71 127 1561
187 104 121 188 52 3411
41 73 133 152 101 3480
123 75 23 139 67 2366
113 74 152 62 110 1350
196 92 127 168 141 1447
32 85 172 44 103 1897
78 59 131 118 65 600
69 30 180 137 63 1766
167 119 145 50 79 1593
106 21 126 183 59 1987
81 58 175 61 99 1864
138 161 175 138 129 1273
85 81 119 110 141 874
115 49 194 185 52 3377
165 190 39 149 59 2994
25 77 62 118 105 997
61 125 26 36 118 3296
97 104 183 162 51 710
92 66 88 24 106 382
183 169 145 118 148 924
145 116 165 171 93 1349
38 149 54 54 94 1636
121 50 141 105 62 704
59 134 30 132 53 900
172 76 35 118 141 2218
28 44 136 199 80 2482
47 167 196 75 101 3453
34 76 189 104 124 3420
95 23 157 200 97 3452
44 73 93 82 112 1651
98 144 87 193 79 161
137 98 170 167 130 1264
33 137 159 80 136 689
104 71 161 129 146 3211
179 29 77 84 73 1803
88 38 85 113 142 2897
24 107 139 70 76 1594
144 56 162 118 92 1077
25 73 62 110 78 2820
30 68 161 156 59 1902
122 22 74 189 89 1155
85 46 163 163 108 1760
146 175 124 40 129 1777
55 93 117 110 69 3093
52 33 159 32 150 443
196 137 169 121 77 3242
143 119 72 147 95 964
26 72 100 63 123 3022
144 188 80 25 51 806
31 171 43 112 140 3464
102 160 91 79 68 2503
115 122 168 186 112 1625
65 21 20 49 70 2929
154 75 51 124 75 3045
192 186 90 187 92 2217
150 113 42 80 146 312
169 151 174 51 70 3099
33 145 30 151 72 3384
120 158 34 150 63 2448
30 89 54 184 141 1632
30 68 121 63 135 1799
130 83 132 57 110 2667
183 113 59 141 82 2338
106 126 179 195 50 224
22 42 149 118 69 3474
44 71 152 197 128 1277
197 186 20 60 89 539
115 132 139 98 95 541
123 51 42 199 68 216
52 71 62 161 109 1929
157 189 189 82 77 2917
101 27 116 132 87 2500
179 142 168 152 125 989
45 102 144 104 102 1240
37 80 190 183 59 948
159 178 154 142 78 2149
194 165 46 133 70 1947
34 115 147 107 76 3123
177 162 44 68 98 3478
91 61 81 185 63 1463
50 105 44 141 99 1233
167 87 113 111 90 641
112 59 120 27 132 595
197 131 112 170 133 699
52 135 52 133 82 1806
66 156 146 148 61 2214
193 176 25 104 71 907
137 142 57 169 123 778
174 48 76 78 52 1619
158 58 40 35 150 1261
171 57 87 32 100 1526
109 56 193 49 124 931
66 150 137 66 57 252
83 159 167 125 118 2370
105 146 85 80 87 1824
193 197 43 144 54 814
60 128 66 166 92 2483
183 156 38 137 119 634
66 111 47 58 106 3288
34 51 185 105 131 2783
122 47 96 43 141 2983
145 160 84 42 66 1340
119 20 27 31 54 945
160 159 130 110 74 2840
164 55 21 23 127 3416
87 154 126 119 52 2548
84 20 140 108 61 2935
77 134 37 99 71 2555
164 58 38 117 73 1085
157 154 141 36 116 2128
73 57 107 200 80 2538
108 29 73 157 101 1131
45 100 135 165 149 1433
174 158 54 188 106 2759
189 100 183 21 136 2126
41 128 20 191 126 3340
140 145 69 134 51 1422
67 109 162 193 133 2710
153 41 196 67 89 2394
110 140 104 62 116 1298
82 54 136 96 89 1227
194 74 39 69 54 246
174 24 43 102 105 2681
127 136 57 129 72 318
39 103 32 23 107 928
78 82 37 185 56 202
63 174 179 33 51 858
169 64 176 74 100 1121
67 118 66 53 130 335
143 177 62 108 88 1523
132 67 105 197 135 2634
103 61 166 117 134 942
182 29 179 157 68 2119
30 40 181 95 112 2868
170 114 96 157 128 1563
114 137 43 181 136 2421
167 105 169 123 137 1259
139 39 178 157 65 872
196 107 175 99 108 748
121 90 51 84 143 1664
85 25 179 125 52 588
192 159 135 127 125 1350
176 71 162 125 93 679
82 123 184 162 81 1630
146 119 142 92 131 1462
118 179 65 144 110 795
113 103 139 198 114 1075
102 56 66 114 107 2333
78 137 36 24 53 843
37 35 122 134 108 1855
36 121 196 58 120 1558
119 155 125 66 119 984
192 172 29 158 110 2932
102 190 86 56 107 1087
133 137 28 37 51 354
40 91 75 165 57 467
28 65 52 173 131 587
29 185 140 165 132 2788
173 124 33 148 66 145
169 182 92 48 126 1069
20 21 95 132 64 3023
39 67 165 114 74 1065
107 127 117 163 65 2542
140 121 177 129 110 2383
112 31 163 36 65 2875
51 95 161 137 101 2708
140 37 155 112 131 1649
36 83 196 34 135 720
185 183 57 78 77 276
133 163 189 47 87 2943
156 142 29 159 114 2230
130 43 124 100 56 2366
106 36 29 191 80 3191
98 43 123 128 94 3183
75 141 22 200 72 2296
118 125 34 84 143 2216
94 177 189 185 146 2292
168 43 31 141 52 1047
82 153 52 167 119 1925
121 45 130 161 93 2318
136 100 36 31 126 820
81 115 174 152 92 2417
168 91 126 142 136 3316
117 116 23 103 60 3073
50 95 164 108 54 1248
112 120 36 46 100 2155
195 52 52 64 58 1697
92 161 136 75 113 2497
93 65 44 118 78 2179
129 36 164 128 83 1418
184 52 163 147 119 1029
178 30 50 143 98 1231
85 34 50 144 91 483
47 81 112 110 53 2450
142 87 120 51 137 2417
152 88 152 193 144 3095
107 124 61 23 150 3323
135 59 159 99 91 1021
163 63 67 122 113 2904
84 119 179 105 142 1475
115 139 42 181 55 764
155 94 191 50 116 3257
195 186 72 133 128 1399
23 35 99 173 85 2767
200 169 56 126 70 104
163 185 103 103 120 1965
182 175 195 148 59 571
52 110 95 26 128 2464
148 166 193 161 112 568
155 94 144 129 84 3306
117 58 68 113 137 1290
125 44 101 67 61 2778
102 121 26 86 50 2650
73 183 125 50 116 2355
119 49 171 193 66 508
86 32 167 96 76 1155
60 44 59 62 92 2850
144 36 134 158 137 839
25 51 27 59 128 1419
63 105 37 52 77 1788
36 175 187 139 79 881
86 124 21 166 114 2558
54 40 171 116 109 3170
32 186 63 51 114 3217
111 22 64 151 115 3217
77 50 152 134 100 154
58 165 167 171 80 561
166 117 189 122 76 2930
22 56 44 124 74 193
124 93 155 139 61 2901
32 133 73 132 91 3089
179 21 74 63 134 1808
28 136 49 103 57 1664
60 93 141 56 125 562
93 102 21 168 54 1297
111 144 90 110 63 2954
126 188 62 105 132 1081
183 92 116 184 121 1337
173 193 125 192 118 2754
125 178 79 109 130 174
101 93 95 193 62 307
34 32 68 89 63 1410
182 39 55 153 93 3043
121 171 134 197 73 666
137 169 144 94 117 792
53 106 146 147 105 3274
36 38 109 93 83 519
135 97 134 189 105 268
132 196 133 137 117 1396
113 129 60 135 136 1982
181 166 177 185 84 551
34 142 25 161 133 969
105 114 128 105 100 810
194 134 124 167 135 2036
143 174 48 89 93 654
97 158 165 108 69 628
31 46 174 159 138 289
125 136 89 95 127 2553
84 53 32 186 136 2081
49 78 101 146 82 2984
93 200 68 53 115 2818
20 166 150 131 129 2917
191 136 33 100 102 404
161 199 154 109 137 805
64 89 99 110 77 2268
61 152 109 108 120 2022
197 138 58 129 145 2203
195 121 26 181 101 1184
59 168 51 195 95 3006
91 25 37 100 80 2222
108 34 118 41 149 1441
195 133 121 137 87 2763
41 138 77 92 132 3427
80 165 127 170 93 1260
