450
23 17 24 17 1 584
6 19 23 25 7 2284
23 13 17 21 9 2847
10 25 21 19 8 2145
5 21 5 4 4 3970
9 10 13 6 10 2380
22 25 16 13 4 4205
3 15 2 7 3 3138
6 15 7 25 10 3977
10 2 17 11 8 3146
7 16 10 24 2 719
20 25 6 19 5 2280
6 4 5 19 9 2889
3 22 3 17 5 932
13 20 17 8 5 3155
22 6 3 25 5 2821
11 9 21 10 7 2469
6 9 18 21 1 1852
9 9 13 6 2 3680
16 9 6 15 7 1849
25 16 21 23 2 3161
3 17 19 19 3 2522
5 20 21 3 6 3046
2 5 22 5 4 405
19 25 11 16 6 3688
4 6 20 21 8 4485
14 11 4 6 5 3721
13 4 25 20 3 1095
8 24 24 6 10 3433
15 14 17 6 2 3829
16 9 19 24 7 3204
8 15 9 5 7 706
2 25 14 20 9 2024
3 19 10 20 1 3706
14 14 6 24 8 3233
6 25 22 5 1 478
8 20 25 2 8 1612
4 24 21 7 8 779
25 8 6 8 9 2446
10 7 24 17 6 191
10 12 7 15 7 403
18 23 11 13 4 4086
8 19 5 19 7 1656
14 20 25 21 2 3366
9 12 8 25 7 384
16 18 4 25 6 1038
4 2 11 12 6 2132
22 9 8 11 2 4254
20 25 22 7 2 3067
6 19 20 14 7 1278
7 21 8 18 10 3831
2 18 13 13 3 3959
9 2 4 22 9 4151
9 25 17 20 6 3281
17 14 9 9 7 311
21 23 7 24 5 3746
11 15 21 14 5 3344
6 12 5 20 8 930
17 6 10 5 8 3863
18 21 14 8 3 391
21 24 21 14 2 461
21 11 6 15 8 847
7 17 9 8 3 2581
17 13 16 22 1 108
3 21 15 12 4 973
25 3 11 13 8 3325
24 24 21 11 3 3170
13 21 2 13 6 955
7 5 16 19 8 4434
16 2 19 20 10 4128
24 3 12 3 5 3027
19 16 8 20 6 879
15 17 2 5 9 1420
3 14 23 12 8 795
13 5 24 8 4 2230
6 25 22 7 2 2149
15 25 4 10 7 2327
9 6 17 17 6 1189
16 18 24 17 5 2747
3 8 5 10 6 3213
15 20 7 18 4 1185
2 14 10 2 7 205
21 15 12 24 1 1754
4 8 23 25 7 1703
11 4 19 4 4 4285
24 16 15 16 6 3140
13 25 4 12 5 4183
2 2 6 24 6 1633
4 4 6 22 9 1407
3 11 20 12 7 3033
17 14 15 5 8 622
8 6 5 5 4 4212
22 7 7 7 5 3962
10 10 21 13 10 2798
11 12 19 4 4 1941
22 9 5 17 8 2232
4 21 15 16 2 2811
7 12 12 6 1 77
17 2 3 17 3 1963
24 8 19 18 4 917
19 4 8 20 2 2469
7 14 21 10 6 877
21 16 22 16 9 2387
3 23 25 8 7 1921
23 8 4 5 9 49
8 3 15 18 2 1211
11 25 21 15 2 3765
20 14 23 12 1 2600
12 18 19 11 10 731
7 12 6 4 10 3286
24 14 19 19 5 2645
6 12 10 12 10 1764
18 8 7 3 1 1206
2 8 8 20 2 4096
17 16 22 4 8 557
11 11 17 25 4 1792
2 5 4 5 8 1525
17 25 19 13 10 3498
10 3 3 25 2 2394
7 18 8 10 6 4082
24 12 20 2 1 2933
19 6 23 2 1 3487
24 20 20 7 1 1120
12 14 20 14 6 384
4 7 21 3 9 3308
7 15 5 14 2 550
18 24 25 18 1 59
18 2 24 21 3 2368
18 13 4 10 8 79
3 21 7 3 10 3212
15 4 4 25 6 4471
21 11 9 7 9 2163
25 2 21 18 9 291
9 5 16 5 1 3780
5 2 13 17 1 3563
17 23 10 21 4 270
12 14 16 12 8 1308
14 21 16 14 2 4365
14 10 2 16 8 428
17 12 23 9 10 3722
15 13 13 9 7 2387
24 8 18 24 8 3891
10 14 8 18 1 824
7 5 12 12 9 3610
3 10 4 4 1 2000
11 11 14 25 2 3346
19 9 16 22 7 456
9 15 20 19 5 2656
18 5 19 13 3 327
5 9 14 6 7 2136
17 10 10 4 1 4495
14 11 12 13 8 379
18 25 12 23 5 1351
21 19 7 2 9 895
10 23 19 9 2 4399
24 13 16 4 1 383
6 22 14 11 5 2340
18 2 2 11 10 1861
18 4 23 21 7 3071
7 12 4 8 6 2080
13 9 16 11 1 672
15 7 19 14 1 2203
11 17 23 8 2 4317
3 4 7 8 3 3144
4 16 6 10 1 3702
6 20 20 4 5 1193
5 19 18 5 6 4464
4 11 19 24 4 2479
11 12 16 15 9 2350
21 6 9 11 10 3608
16 21 15 23 4 3668
16 17 6 21 2 1378
6 17 11 5 8 4016
5 16 17 18 9 1919
5 4 2 2 5 2477
22 4 4 21 6 2486
23 12 23 3 1 492
7 7 12 10 1 460
8 17 8 17 4 3412
15 25 24 13 6 1086
24 23 3 3 1 391
24 2 3 4 8 1583
9 22 5 22 6 1321
15 25 10 22 9 4382
25 8 3 9 4 3127
8 22 11 19 2 2152
7 21 16 17 4 3262
7 24 8 14 7 2786
18 10 20 17 5 2933
16 17 9 11 7 2699
5 24 23 23 6 3549
2 8 9 3 2 3443
13 17 3 3 6 4426
4 9 16 5 5 3380
7 3 3 18 4 1414
22 19 8 2 6 3594
23 5 13 3 4 868
24 3 9 11 10 2858
20 17 10 8 8 1335
16 8 16 3 1 2877
8 24 10 17 7 3724
3 19 24 11 7 1898
14 22 15 21 5 1292
5 25 14 24 2 689
19 13 25 16 10 679
16 4 7 11 9 1223
12 19 11 3 10 2044
25 18 10 15 3 1460
14 6 20 3 7 784
16 25 21 22 10 1176
15 12 22 11 9 4319
21 5 5 19 9 86
4 14 9 13 9 215
9 17 16 21 10 1385
9 7 4 24 2 2738
16 24 17 7 8 917
13 5 7 11 7 2010
5 3 13 3 9 1987
16 18 14 16 7 1485
13 6 11 18 5 2772
16 13 8 20 10 3357
21 4 16 15 7 3198
14 21 15 22 6 1518
3 5 12 25 9 4388
5 12 11 3 4 4063
22 9 3 25 6 78
23 25 8 21 9 3750
7 23 12 7 10 958
21 19 24 20 5 3139
21 25 16 4 2 1400
18 24 5 13 4 3897
18 16 13 12 1 3161
24 7 2 9 6 608
2 4 20 24 9 2467
14 23 2 10 2 4492
20 16 7 22 4 1831
25 14 23 10 2 2188
13 25 7 24 8 3009
21 18 22 18 5 3041
24 7 13 15 5 2189
16 10 7 19 10 1188
8 12 16 13 10 2147
21 13 11 22 6 3847
24 17 5 11 1 1476
14 12 17 13 1 4474
15 17 21 24 1 1034
11 17 5 22 3 572
13 3 3 4 3 619
2 10 7 11 3 3549
8 25 5 22 9 1290
8 12 6 10 5 1471
19 11 3 23 7 2582
22 6 13 8 8 3323
15 2 7 6 9 2914
18 3 9 14 8 2622
22 16 8 13 3 4190
11 21 17 17 2 2285
25 20 14 8 2 3258
12 8 12 22 3 4496
17 18 17 24 6 1336
6 16 3 12 10 3072
21 22 7 3 9 1379
11 20 18 17 4 3889
23 16 15 25 7 1642
11 21 11 22 6 1756
6 11 23 20 4 59
12 20 10 12 1 4430
6 16 4 21 4 1381
11 15 3 2 5 1038
23 15 14 18 4 3568
16 9 13 12 7 1824
13 12 11 3 9 3745
17 4 4 21 4 1311
2 3 7 20 9 719
7 7 23 6 8 1250
13 9 7 24 10 2447
3 19 12 5 6 1787
9 13 18 23 2 13
20 7 6 10 10 2577
8 4 9 14 10 2805
8 11 23 8 8 1459
23 11 15 9 4 3786
10 11 2 9 5 3542
7 14 8 19 7 484
25 14 25 23 9 948
20 7 25 20 2 1008
9 3 10 24 1 2831
5 10 21 11 4 149
23 5 16 7 1 2826
4 16 7 2 3 2880
23 8 10 3 4 1478
11 11 14 17 1 2522
24 25 15 10 8 685
16 4 23 10 5 852
9 23 13 2 10 541
24 2 25 10 7 4370
21 17 8 22 4 4194
4 3 8 10 6 2338
7 4 6 13 1 1944
19 9 7 3 8 2038
3 19 10 4 5 2576
17 24 11 10 6 2387
15 12 3 7 1 2180
16 14 5 13 8 3591
21 8 21 24 6 3355
14 12 16 9 4 3005
2 21 18 24 5 489
18 9 3 22 5 2257
17 15 22 4 9 442
15 22 7 2 4 2868
20 3 19 10 7 3397
16 9 24 3 6 3612
19 12 12 8 2 1386
5 11 22 10 3 2642
14 11 14 11 9 1941
19 18 23 6 8 4214
10 3 18 5 2 3674
17 18 20 6 5 2004
9 14 17 23 2 199
2 3 19 12 9 3045
3 15 23 12 6 871
15 19 24 3 2 3542
12 22 19 10 8 1424
11 24 18 17 7 4279
6 14 24 18 10 2154
16 9 21 3 1 997
2 12 5 12 5 4194
16 8 6 23 10 3992
21 13 5 24 3 1547
13 19 25 17 2 2818
6 9 5 8 8 4382
21 20 20 6 5 2401
16 10 6 14 8 2452
8 4 24 4 10 1500
19 22 20 24 6 3677
8 9 20 3 5 3675
5 7 2 5 1 4329
20 6 20 25 4 3803
20 18 24 13 9 3416
11 12 11 19 5 3723
16 18 5 18 4 1409
2 12 11 14 8 216
11 14 23 25 6 1355
20 24 15 17 9 2228
15 21 13 7 3 325
10 13 21 14 9 618
21 15 25 9 3 4116
3 20 12 11 4 1359
17 15 8 4 9 2646
7 5 20 19 5 2938
18 19 12 3 1 3327
8 19 17 9 4 1085
10 11 14 2 1 959
24 2 23 23 10 802
9 12 15 11 10 2629
21 16 16 19 9 1523
18 24 3 20 1 1084
9 8 3 5 10 3887
15 2 23 5 2 2460
7 18 20 24 10 2151
23 2 23 24 9 949
23 10 4 23 8 3639
3 4 14 7 4 2953
2 4 20 14 1 120
25 11 2 14 7 1822
24 8 24 6 2 1987
12 19 10 12 4 3573
15 2 8 8 10 1320
22 10 14 7 9 226
18 5 13 8 5 169
19 22 5 17 10 2912
9 15 16 17 2 2026
12 15 12 16 3 2930
22 19 5 15 1 3046
10 25 20 18 4 73
13 4 22 9 8 2079
6 8 5 6 10 1889
23 2 10 22 1 1009
14 19 7 23 3 4338
2 16 23 20 2 4182
15 3 18 3 1 1477
16 21 12 17 4 111
7 25 9 17 10 910
9 18 2 18 6 1205
20 16 25 9 8 4422
12 21 18 12 10 719
23 24 6 7 3 3005
17 22 14 25 8 2527
18 5 4 25 10 1087
19 3 5 3 7 2991
7 5 8 22 3 785
15 11 17 9 5 4283
4 17 25 20 7 92
3 17 20 11 10 2652
12 25 22 20 1 2825
2 15 12 22 8 841
18 8 9 2 8 1955
15 2 20 22 1 1073
8 24 10 25 6 651
4 21 10 9 10 3334
19 7 14 9 9 3221
10 7 16 3 9 491
8 23 22 22 9 1537
9 25 4 7 10 1284
9 12 15 17 10 3096
19 10 22 24 3 1670
23 7 12 7 8 1955
20 18 24 8 1 4493
19 16 23 6 5 3831
2 8 20 5 9 4373
23 5 24 2 3 2158
14 23 17 23 7 541
25 20 8 24 6 829
13 23 8 19 1 1444
7 6 12 10 7 3746
21 4 19 4 4 3183
16 17 2 2 10 1467
6 6 6 21 2 4130
18 8 2 17 2 973
20 11 13 7 2 3012
12 19 19 24 7 641
2 14 16 13 4 2855
7 8 2 5 3 4116
12 16 3 6 3 1296
6 15 22 13 4 1658
17 24 11 25 3 3984
2 14 20 18 2 3593
14 16 8 6 6 2514
13 2 19 18 4 2227
14 2 24 5 5 1112
14 23 16 22 10 851
25 19 14 7 9 819
10 2 7 7 3 1628
18 14 10 21 2 3460
11 10 16 14 7 4370
10 19 21 22 1 2413
9 21 13 8 6 1893
13 21 7 2 2 2701
22 2 15 7 4 1256
22 25 11 16 3 1470
14 21 2 11 9 1827
22 6 12 18 1 3675
7 3 12 4 4 96
25 24 20 13 9 4386
4 13 22 20 7 4195
8 10 9 23 8 1211
15 21 17 16 5 2821
5 24 5 3 10 621
18 22 21 21 5 2185
23 9 6 7 7 3360
