150
92 69 39 60 149 124
41 56 49 33 247 120
88 46 36 44 215 147
87 22 67 40 116 182
60 29 69 77 50 157
40 50 6 71 185 102
67 26 29 62 221 148
5 22 10 67 65 149
48 29 63 12 136 185
18 4 42 64 71 159
45 92 95 2 239 101
35 94 92 9 242 108
100 75 56 83 249 168
31 24 79 62 72 134
10 23 46 20 73 149
74 30 6 15 186 168
51 35 31 88 170 169
39 78 56 58 92 170
22 70 7 93 101 182
41 21 26 19 200 125
80 22 16 59 207 134
20 6 3 68 200 107
54 3 60 48 187 119
48 42 29 36 248 172
42 97 98 60 85 124
47 84 75 62 232 121
59 56 44 71 58 108
25 91 1 31 151 155
7 62 56 55 194 136
21 12 96 74 246 172
62 4 17 7 249 113
61 73 1 81 96 132
56 76 99 11 172 105
20 28 56 30 183 113
80 84 75 44 68 118
13 37 70 70 170 109
13 36 2 57 186 181
55 12 15 74 174 183
44 13 99 90 84 147
40 3 96 16 66 125
6 92 20 26 54 135
9 100 91 100 174 103
68 12 1 75 51 111
84 31 62 35 104 119
14 30 73 54 143 149
20 72 4 47 242 111
32 92 10 96 215 133
8 89 4 10 247 112
34 57 21 97 230 182
99 40 62 9 72 175
97 27 72 22 53 164
47 82 25 40 234 119
18 71 85 4 217 156
27 93 8 31 183 158
86 79 30 94 193 110
54 4 28 11 235 127
68 29 34 30 146 115
36 66 36 14 232 175
12 63 94 53 134 138
29 23 38 41 208 146
15 55 98 44 79 152
45 59 39 45 187 162
12 65 96 36 120 152
22 33 61 80 104 111
37 100 96 48 84 125
29 48 70 61 224 106
27 56 77 85 157 132
30 89 59 96 60 132
22 38 99 22 101 166
25 46 9 11 223 151
78 31 26 17 60 164
5 38 34 90 74 112
67 75 49 73 147 153
32 9 95 7 134 110
39 50 54 60 206 158
52 86 4 63 86 127
3 86 12 40 179 116
71 17 37 40 80 119
6 52 36 27 244 106
10 67 45 23 207 184
13 53 19 41 203 134
47 45 14 12 157 131
82 62 88 15 240 141
6 51 54 57 228 136
41 92 19 45 131 115
92 97 56 9 98 185
41 75 60 61 170 116
91 36 95 61 82 136
45 53 44 40 238 161
35 93 95 43 228 145
41 80 2 25 215 185
68 14 63 43 140 160
60 2 58 47 103 151
52 34 62 44 79 118
32 87 89 16 202 142
17 4 83 46 164 106
50 72 90 99 189 152
67 35 49 20 102 173
5 75 85 69 149 185
15 71 88 45 59 182
38 74 39 23 78 180
50 34 49 33 133 174
80 18 72 35 54 171
36 85 37 55 186 115
98 43 36 13 221 100
60 31 61 25 146 101
84 43 18 86 58 166
88 1 27 71 138 161
74 93 15 5 167 126
34 74 94 27 219 129
68 3 75 2 102 116
97 57 13 89 151 186
32 77 82 47 99 137
45 53 31 97 84 123
31 75 77 83 249 125
24 36 28 86 131 147
7 20 91 47 236 165
3 91 26 19 85 130
96 31 20 94 216 172
62 26 99 95 210 128
33 81 14 52 101 164
100 89 8 19 244 103
92 13 64 47 191 168
35 49 99 71 52 123
55 60 61 53 80 158
93 20 78 97 135 126
88 61 21 14 76 178
23 96 25 94 66 186
86 26 25 38 156 140
27 40 77 90 106 119
8 89 74 83 218 180
34 4 74 57 187 172
79 67 70 37 215 160
93 40 98 99 87 175
57 43 91 62 227 146
74 26 81 34 227 104
84 16 41 57 166 133
82 15 45 67 138 175
26 5 89 79 143 130
54 54 76 25 213 174
1 51 4 71 107 179
33 36 66 42 124 114
45 11 77 25 109 133
69 86 12 14 204 180
61 75 21 56 178 115
51 43 99 10 224 118
94 21 55 18 151 103
38 93 13 40 98 106
21 26 86 46 154 153
96 9 46 90 211 184
