150
108 137 141 111 70 1429
173 118 196 190 130 354
182 97 71 22 64 1251
78 58 107 55 52 1368
90 39 122 178 118 754
20 97 130 61 138 1399
167 161 151 55 55 475
60 74 127 81 85 2780
76 120 148 198 120 3382
80 162 69 190 136 679
39 131 191 181 118 887
33 74 59 140 79 2431
111 42 21 147 82 429
83 78 78 22 146 2230
122 137 141 174 108 1528
79 121 88 105 146 3104
44 195 132 106 112 3345
56 199 195 71 66 1121
109 42 152 78 60 3245
68 104 50 195 97 3199
90 27 130 23 103 761
30 179 121 109 123 451
65 118 66 92 91 949
25 112 94 97 68 1289
167 99 21 132 91 1801
189 137 39 86 146 2161
37 131 76 59 104 1689
118 98 100 81 93 473
137 78 107 198 125 3094
127 23 149 193 145 2712
189 121 150 22 126 1847
165 175 156 86 92 307
184 39 101 158 81 3426
149 162 50 39 122 2193
189 176 90 122 59 320
54 187 142 65 56 1016
158 76 85 199 120 337
53 124 170 129 92 252
35 170 84 173 148 2491
150 194 78 111 89 1133
100 74 123 21 90 2748
89 83 29 192 101 2298
102 147 180 56 101 313
163 36 171 159 90 2985
56 169 66 97 53 77
173 96 129 184 71 2939
190 118 43 50 101 373
50 88 36 177 89 3239
21 110 182 172 108 3233
60 151 65 82 68 3075
141 83 71 73 60 2268
82 80 93 157 83 2757
35 144 62 59 135 918
168 104 133 178 82 1926
26 82 111 38 100 1717
112 81 45 183 124 3142
47 41 39 94 109 3114
170 168 132 56 111 1537
66 84 69 165 136 1167
181 187 75 36 114 807
92 166 123 57 149 1363
128 168 49 186 123 2842
176 79 194 67 61 1942
196 178 137 130 119 2264
133 81 164 136 61 3220
61 186 183 113 78 1762
76 129 35 99 98 2857
133 62 155 169 62 750
116 24 71 142 107 1386
122 150 179 71 140 2816
103 49 124 28 86 1379
81 101 145 57 141 352
172 31 69 88 97 737
164 67 136 143 118 3460
67 107 120 97 80 1688
105 71 32 107 59 1677
21 129 25 172 102 2751
193 118 63 25 61 425
127 90 163 97 106 2632
67 56 109 194 70 3342
128 125 66 98 68 2237
104 83 103 145 149 1770
61 47 99 50 133 1663
140 186 182 66 54 844
190 55 198 69 125 438
23 135 53 129 111 644
119 154 155 30 56 3341
118 88 48 22 118 1699
153 42 176 186 127 3298
73 168 91 155 111 1675
30 114 160 181 52 2460
185 108 113 86 51 2208
188 116 191 55 83 682
25 165 190 166 81 1751
152 50 85 53 106 1523
144 122 117 154 63 525
124 116 74 81 70 1911
66 174 48 171 121 679
172 25 176 159 78 793
86 122 22 88 129 1400
89 62 173 168 102 2344
62 162 134 36 106 650
92 156 148 127 117 184
113 79 30 47 111 1939
113 195 50 157 61 3138
43 90 77 76 131 2070
135 164 84 139 62 556
160 92 196 96 51 732
95 168 194 63 53 929
29 189 182 143 50 1172
132 173 140 64 100 518
55 157 176 186 55 684
136 187 173 67 75 1808
32 107 196 51 111 738
141 35 177 54 108 3243
152 138 170 58 53 2058
146 148 26 153 56 1083
32 200 89 75 87 1924
60 42 96 87 70 1796
56 40 136 187 88 1283
58 47 138 78 116 1730
41 85 62 28 57 2662
165 48 69 50 124 492
66 139 101 95 92 2500
75 79 39 56 116 1657
42 115 109 117 89 2516
66 123 181 41 63 2994
188 131 162 180 92 1124
192 56 200 139 97 959
101 38 87 146 108 1168
149 77 81 113 95 1622
93 70 42 101 58 1009
49 132 60 154 137 453
107 82 129 50 74 2282
115 114 108 170 50 300
53 52 64 132 119 1132
83 86 45 121 128 2521
82 94 86 139 118 628
139 80 159 92 53 992
102 145 171 32 52 2255
161 89 183 96 73 1491
129 55 193 145 90 2720
79 187 85 69 121 973
44 92 88 79 51 3225
199 31 66 122 92 2204
137 52 44 37 57 3409
150 133 107 94 139 367
35 107 121 148 122 2261
26 176 188 44 124 645
125 150 32 195 145 2844
