50
100 59 63 85 7 214
47 41 49 45 6 854
65 59 68 45 4 479
50 40 47 36 9 343
71 70 98 75 4 743
51 54 59 35 3 526
94 90 100 92 7 433
69 64 61 65 1 715
65 79 82 59 8 412
29 28 21 29 8 869
43 66 52 48 5 179
21 20 17 17 10 455
68 44 63 71 8 73
46 48 41 48 8 623
10 10 10 10 3 504
85 95 68 58 8 860
18 29 21 21 5 868
51 68 77 79 9 458
78 66 100 77 6 128
99 80 61 97 10 373
91 58 93 85 4 507
27 21 28 25 10 533
13 19 21 16 1 263
14 17 19 15 6 610
91 84 80 70 10 92
100 100 100 90 9 364
51 51 58 36 7 835
52 38 54 54 9 604
18 16 24 24 4 104
100 100 86 100 3 814
64 60 47 75 3 910
71 100 100 100 9 472
32 27 19 22 2 744
72 100 72 86 5 719
100 100 100 79 2 228
45 47 70 63 5 629
69 46 38 58 2 879
61 81 87 74 9 271
63 67 61 56 2 134
71 44 54 50 3 436
79 57 65 68 4 85
24 34 35 24 8 344
57 65 75 94 6 814
17 27 21 24 4 724
100 78 100 100 8 161
100 85 82 100 7 493
52 30 40 43 1 45
48 37 39 43 10 681
26 42 43 26 10 858
56 42 58 47 3 844
