100
82 28 61 68 2 1717 
58 45 61 53 3 2624 
67 27 47 74 10 699 
52 43 50 74 5 4888 
97 36 54 47 9 731 
61 94 85 81 1 4831 
91 89 38 93 5 1460 
60 22 29 47 2 454 
81 72 96 66 9 2963 
32 50 58 24 10 4066 
96 69 31 86 2 264 
95 66 93 49 7 757 
92 73 29 31 2 1122 
93 21 81 80 6 2160 
44 41 69 59 7 1084 
57 58 86 46 10 3863 
31 26 89 97 2 4702 
59 31 98 27 6 3084 
84 54 56 31 5 3585 
72 87 95 58 10 4233 
43 56 82 71 2 694 
74 99 35 46 1 1569 
74 30 43 88 5 993 
70 29 54 25 2 1621 
31 96 85 43 10 1813 
59 86 99 59 4 1794 
72 74 40 80 3 2380 
89 57 28 63 2 4852 
97 98 85 79 6 1130 
41 95 53 44 9 4775 
75 67 82 94 5 2685 
89 62 43 40 5 3593 
89 50 48 31 4 1998 
22 45 71 83 5 3556 
53 21 20 96 3 1847 
87 47 35 83 10 4364 
74 28 86 45 1 3774 
86 92 90 87 9 465 
92 40 28 45 2 4233 
67 91 21 42 7 1313 
55 57 51 53 4 1887 
92 48 89 65 6 1938 
54 73 24 93 9 1322 
37 94 96 70 7 4311 
90 85 83 26 3 3048 
73 26 29 85 1 1777 
86 80 92 63 5 2231 
54 87 54 34 5 4272 
73 60 83 39 9 4613 
85 26 85 91 7 4299 
78 60 83 71 6 1337 
60 81 86 71 2 1859 
55 97 49 88 4 3529 
69 43 28 80 5 3415 
59 23 99 87 1 1234 
97 99 80 27 5 2441 
72 91 65 82 8 3990 
63 87 90 30 9 1074 
69 75 63 33 8 3571 
43 62 33 65 8 4494 
43 32 87 67 10 643 
27 89 42 68 4 3435 
87 26 92 95 9 1348 
26 96 77 70 4 4193 
78 42 55 65 5 2921 
61 80 37 79 3 3673 
86 71 20 88 10 1956 
32 47 24 81 3 3269 
23 88 89 34 6 1996 
33 33 92 70 7 1023 
50 44 25 78 5 1489 
80 29 29 82 2 3282 
75 36 78 52 9 2233 
45 26 57 34 8 3160 
72 64 61 92 10 1783 
87 56 96 48 10 1567 
27 84 36 31 9 984 
73 77 33 40 2 3039 
73 66 68 40 5 1983 
83 63 39 52 3 4735 
26 34 57 55 6 1283 
100 68 94 38 9 3758 
23 43 35 98 1 3778 
64 23 47 42 10 1493 
59 40 87 100 8 1555 
80 83 35 90 9 4491 
29 76 82 91 10 3827 
73 93 78 20 7 3253 
34 69 54 30 7 3681 
69 60 28 27 5 849 
57 78 80 85 10 1882 
95 27 98 62 2 4113 
24 23 32 54 3 185 
95 51 54 92 1 3595 
34 61 89 88 1 3371 
39 23 37 93 5 4505 
38 42 45 20 2 845 
62 68 69 80 3 4285 
57 22 26 65 3 3099 
90 33 54 83 2 3189 
