300
52 16 87 17 183 159
4 42 87 42 205 172
22 98 62 68 79 190
37 75 14 99 104 165
64 71 91 24 106 163
74 91 42 70 58 108
48 47 34 42 218 107
1 39 2 80 153 113
80 72 87 54 211 113
91 41 55 6 85 151
40 76 89 58 205 182
96 7 76 72 243 118
28 36 26 69 96 150
11 74 95 91 56 140
68 2 33 81 186 122
90 40 36 47 137 137
34 22 87 84 98 127
41 3 14 88 105 135
77 7 55 75 138 171
96 75 5 49 242 145
1 88 8 31 140 107
16 29 50 16 132 115
16 7 16 6 170 176
23 99 33 90 174 191
22 92 68 11 114 142
79 20 48 57 164 143
23 77 6 74 110 167
38 92 17 62 57 188
30 58 56 2 111 122
31 49 57 8 223 144
43 26 5 20 194 178
51 81 96 93 187 103
92 87 21 50 118 129
29 18 8 19 199 153
50 55 13 49 58 196
48 13 81 53 176 114
26 17 67 2 182 136
80 39 81 12 51 194
99 27 34 53 222 122
37 21 96 60 246 163
25 54 64 38 100 123
25 27 91 95 113 102
43 8 70 60 144 110
20 85 57 63 152 184
79 98 15 19 122 109
93 38 43 71 64 104
22 67 92 93 208 150
89 28 73 28 125 183
88 12 14 48 230 100
33 85 95 61 200 131
67 5 2 69 100 123
14 56 32 47 182 187
98 35 11 38 152 158
85 54 47 44 67 131
88 22 28 57 206 161
83 36 19 12 230 181
89 29 21 71 150 133
11 27 67 65 204 194
87 70 48 50 100 100
41 46 7 10 79 176
83 74 1 90 175 121
45 91 20 40 146 136
86 43 96 7 115 185
14 48 98 90 166 196
48 84 75 78 213 156
44 22 31 33 55 184
53 99 29 34 223 181
97 68 6 29 164 118
81 83 30 98 60 126
65 77 35 39 239 175
71 97 37 80 160 164
27 39 74 26 244 155
68 100 96 84 112 166
65 45 22 43 238 127
22 24 34 26 170 115
5 48 71 55 206 117
98 91 30 26 128 145
30 29 42 84 54 182
17 24 44 12 83 198
40 62 54 96 247 136
45 53 14 90 118 164
75 53 62 29 121 100
43 82 12 1 210 192
16 13 29 36 157 119
29 42 40 57 71 186
88 45 90 50 55 111
88 89 68 62 248 189
99 36 79 14 100 129
91 22 84 25 105 114
81 98 79 89 206 182
39 43 57 11 227 115
11 59 99 89 195 146
22 73 98 94 145 125
63 80 33 91 59 194
15 56 55 68 141 114
48 98 99 68 189 109
83 60 12 79 61 127
18 3 96 76 128 185
52 23 45 41 123 198
84 1 37 97 117 156
89 98 40 45 176 187
96 5 84 89 165 120
77 84 77 40 168 128
34 64 21 39 93 116
55 26 56 19 175 186
34 44 21 4 90 183
5 66 41 44 121 195
50 16 93 82 224 197
54 98 33 64 242 105
84 98 51 15 116 148
64 50 48 43 230 114
76 77 95 38 113 149
72 60 24 19 152 182
91 71 75 59 216 135
2 91 60 53 164 189
83 37 77 66 75 160
70 27 81 5 163 121
53 97 53 32 99 135
51 42 37 4 116 107
49 22 17 37 114 180
42 63 18 57 142 145
48 61 82 78 238 101
34 54 97 57 217 158
58 19 26 15 192 140
35 19 70 24 134 176
82 99 95 28 137 154
27 94 29 79 155 153
80 78 7 63 219 129
57 52 35 7 130 133
42 84 56 26 195 137
2 49 39 54 177 188
88 46 94 42 241 157
52 15 19 85 242 146
63 19 73 76 99 101
26 19 13 23 240 137
87 80 15 82 141 153
41 61 1 37 219 102
61 28 25 70 231 127
1 26 14 22 71 109
4 89 94 87 93 125
91 34 12 20 76 173
6 89 38 47 71 101
39 88 22 86 221 149
55 16 62 19 248 140
82 86 17 44 95 165
20 89 37 6 77 159
79 46 46 12 239 132
7 16 63 21 192 113
76 91 8 96 127 138
86 38 65 97 72 191
86 73 94 13 214 167
77 24 96 53 133 106
60 85 57 31 124 157
6 8 34 59 159 108
83 28 54 36 58 186
82 21 41 98 51 135
14 16 4 38 66 111
1 11 30 65 211 190
86 41 92 11 110 142
5 87 32 31 87 155
13 27 13 94 126 178
12 98 52 19 110 167
64 80 37 55 156 179
27 36 46 94 179 180
21 82 94 20 219 169
28 35 42 32 81 110
66 83 49 63 237 152
74 56 24 94 78 161
22 78 58 49 245 175
56 43 42 95 86 100
5 77 40 88 111 140
74 31 54 95 139 167
18 97 13 44 192 128
3 73 22 84 182 100
57 91 53 32 128 171
97 45 97 68 98 135
67 95 46 14 101 118
73 61 60 1 193 129
56 38 33 77 88 162
22 57 48 15 52 176
65 77 54 82 179 146
69 27 48 65 210 152
98 18 70 23 218 175
24 30 4 13 223 150
54 36 89 5 163 147
55 13 96 48 57 153
77 25 23 7 74 195
91 5 24 43 191 130
9 5 25 67 90 131
97 7 21 80 95 131
96 96 90 44 191 102
54 89 35 22 93 160
97 79 83 69 204 112
40 47 67 36 146 101
24 44 20 44 219 150
37 85 4 67 173 128
3 22 92 93 166 165
48 83 95 76 194 158
37 39 71 58 212 191
60 17 75 19 247 168
11 44 89 41 159 132
64 22 83 17 163 119
41 85 2 80 168 197
56 92 12 94 116 137
73 62 6 43 170 124
20 22 41 49 83 109
79 85 65 36 212 109
77 69 99 40 202 107
58 46 88 34 201 125
57 93 76 28 189 104
24 58 54 2 249 117
9 85 97 51 66 121
29 3 94 3 245 133
91 13 89 69 245 188
91 57 23 63 241 152
65 8 51 9 80 162
42 27 56 61 209 151
16 71 79 35 85 185
17 48 79 69 65 172
67 71 70 95 57 176
80 57 3 41 179 152
30 19 28 62 124 101
33 38 13 74 95 132
84 71 4 74 250 178
79 42 96 64 175 132
80 44 67 24 144 103
47 95 78 38 170 113
50 87 85 23 148 162
64 32 7 90 119 124
79 97 28 63 204 145
1 49 38 6 134 101
44 64 58 71 231 130
23 11 17 79 228 144
48 100 39 99 61 133
24 78 49 39 237 149
17 7 17 22 211 126
46 76 64 81 137 176
54 24 100 94 146 142
86 35 60 36 146 191
91 46 6 20 119 197
8 72 85 93 79 143
79 63 77 69 120 168
64 97 28 54 213 168
44 75 1 29 220 153
92 52 28 9 211 155
77 32 50 19 235 154
67 4 90 98 159 100
80 42 32 98 236 121
24 74 13 28 130 178
81 77 36 8 148 154
65 44 54 70 148 168
87 40 13 65 175 193
34 99 51 99 75 106
77 15 55 84 191 116
78 56 45 62 77 121
30 84 75 45 143 142
73 24 44 65 231 153
67 58 82 2 204 133
42 99 52 60 52 114
21 62 62 46 197 163
62 72 14 66 150 122
97 71 86 60 152 173
93 22 39 53 77 184
61 72 42 86 216 111
92 45 14 67 181 190
67 92 24 12 198 108
2 6 95 16 102 123
85 38 93 34 171 100
7 77 9 49 77 193
1 99 93 7 223 192
2 87 100 93 102 145
14 1 79 5 117 179
4 66 39 74 51 188
1 84 52 78 214 107
11 66 27 62 171 160
28 59 49 3 159 162
24 66 70 79 129 162
50 24 42 25 123 148
18 9 47 38 75 172
7 81 72 3 125 180
35 88 82 44 102 158
50 26 99 2 178 143
25 75 11 98 54 195
81 97 20 12 84 168
21 76 49 34 210 158
28 9 48 84 80 133
98 15 42 24 127 173
70 72 61 42 172 179
83 9 5 95 227 100
42 37 51 6 68 113
93 49 63 6 193 194
25 29 55 63 135 185
73 51 15 79 119 118
61 35 21 38 87 183
14 37 16 87 146 110
82 60 22 80 231 106
14 88 46 30 75 176
40 10 81 59 148 105
65 20 23 64 70 151
89 8 47 97 86 169
