250
82 52 82 54 1 3764
100 100 100 98 3 3140
50 49 66 77 8 4384
24 35 28 36 10 3226
61 54 72 46 2 3158
80 59 68 70 8 2436
68 62 52 56 5 3869
80 100 100 92 10 3760
34 29 34 30 8 644
58 41 58 52 5 924
67 67 75 74 10 269
82 62 81 83 7 3477
58 85 62 59 2 2464
49 30 36 37 10 1319
69 52 56 86 1 502
84 66 100 100 9 1506
36 48 42 48 4 1281
71 65 50 52 2 1658
55 41 43 62 5 592
77 75 64 49 1 1826
45 45 34 46 4 3184
20 24 30 33 1 2693
12 12 10 13 2 1556
39 26 30 38 1 3347
31 34 38 46 3 3148
62 40 71 51 7 4254
100 100 100 100 8 687
64 62 63 53 7 1654
48 38 57 43 9 3019
100 77 76 100 9 3006
76 54 72 69 1 302
24 39 28 26 7 322
72 100 85 79 4 4222
67 82 100 97 8 670
86 100 100 100 2 4074
33 27 38 35 6 2557
94 90 100 99 5 410
32 33 41 42 2 425
57 65 83 72 5 1041
80 82 87 83 4 4108
41 37 53 56 8 1287
18 29 29 30 8 1483
15 15 14 16 8 1381
100 95 99 100 1 1049
48 62 60 51 10 1043
23 24 27 32 4 3028
82 74 56 84 2 1370
20 21 21 19 3 1085
19 14 22 20 8 2040
41 52 34 48 1 439
48 50 28 49 10 1756
61 62 57 86 2 3547
22 28 28 25 1 121
49 58 50 73 3 4416
56 64 62 55 10 3270
14 10 14 17 5 2739
53 78 57 74 8 4460
100 69 80 69 7 2143
100 88 71 64 1 4534
81 72 68 65 10 862
35 36 48 50 5 4559
100 86 100 89 10 2702
62 81 73 85 2 4534
56 44 64 66 2 3782
78 66 46 59 6 2465
34 30 46 47 10 949
36 25 38 27 8 4142
52 64 57 45 9 628
10 13 10 11 5 1833
91 83 84 78 2 502
26 34 22 24 5 577
20 19 15 20 3 2271
83 79 69 94 1 2318
51 42 55 71 8 3084
14 11 10 10 9 3212
100 63 99 89 4 2198
74 72 93 75 10 3006
39 31 39 39 5 185
53 36 37 58 6 1112
24 28 27 28 2 2046
46 60 58 67 1 3485
60 78 68 62 3 432
11 15 13 13 2 3007
46 37 40 30 5 3094
84 78 100 99 4 3415
27 20 21 19 4 185
10 16 12 15 10 1801
53 63 68 49 10 2957
36 36 40 35 7 1393
40 33 39 31 5 3458
74 56 58 74 6 4426
15 20 17 12 2 250
70 57 72 48 3 1165
88 85 52 51 2 3731
76 100 100 70 9 2492
19 23 20 19 7 1943
57 41 53 44 5 2066
54 65 75 70 10 2213
14 23 20 24 1 4005
71 90 71 82 6 2506
34 35 55 51 4 812
60 60 59 71 3 3338
28 18 27 22 6 1451
59 41 62 54 1 1056
68 66 46 45 9 4331
45 57 41 40 7 4031
34 57 52 34 2 4459
25 41 28 35 7 932
28 45 45 41 5 3066
75 94 92 96 10 3126
89 87 99 80 6 1085
66 81 77 79 4 996
29 31 26 23 4 2772
34 32 26 36 4 4560
22 34 23 23 2 2636
52 66 60 64 7 1024
88 100 88 100 3 3487
53 47 61 60 2 1688
44 42 27 27 2 2244
73 100 100 97 2 2160
17 18 19 14 8 1906
65 70 63 60 7 94
40 44 64 53 4 1315
25 30 37 35 1 3784
60 37 45 53 10 2529
46 48 72 60 6 4477
54 47 36 37 9 3645
50 55 74 63 7 4360
46 47 50 33 10 1861
69 100 100 96 10 4004
70 56 75 59 9 122
66 66 69 53 8 2976
34 31 26 22 3 4191
26 36 36 24 7 3600
21 21 20 18 2 3574
84 100 100 100 1 4541
50 62 61 58 9 2617
54 33 55 47 7 4460
49 61 50 69 7 932
95 100 100 100 3 205
51 78 67 58 2 2488
24 20 25 26 8 1354
47 60 54 66 5 3557
17 17 12 14 1 1379
86 81 61 63 5 2814
12 13 16 14 2 3510
76 76 97 83 4 743
38 46 53 44 9 1430
74 42 74 54 10 795
81 72 51 68 10 2095
100 100 100 100 4 1513
83 90 77 100 6 1308
95 73 100 84 1 4176
100 73 97 64 2 2676
76 50 65 48 10 4268
100 81 100 100 10 2239
84 74 69 80 8 3810
50 66 80 79 9 3099
14 10 15 15 10 4407
44 51 48 44 9 4065
78 58 78 59 10 1825
10 12 12 10 10 1853
28 34 38 41 10 876
35 40 23 28 6 2501
50 65 69 48 10 2290
36 42 26 46 8 2375
12 10 10 10 6 2812
69 56 76 82 1 1255
100 94 100 100 9 2563
100 82 100 70 4 2883
31 30 33 32 4 264
70 63 76 81 8 2674
27 36 48 47 8 1467
24 23 37 24 6 958
99 57 67 76 4 3893
38 42 23 31 10 569
62 75 65 59 2 1158
19 13 15 17 9 1886
62 62 67 100 1 3072
63 77 98 63 4 2350
84 97 64 98 9 1477
14 12 14 16 9 415
10 14 17 16 7 24
80 56 89 68 3 1627
64 88 70 55 4 4015
14 15 10 11 2 1976
90 81 100 100 5 1435
84 100 100 69 2 3912
73 86 83 75 8 2905
57 44 75 51 2 3034
65 87 96 62 9 475
82 73 72 55 9 3012
78 72 73 73 1 1641
10 14 13 14 1 2400
22 23 29 25 7 3312
52 77 47 78 3 332
50 33 46 46 3 4208
54 46 33 40 6 1150
62 56 45 59 5 1374
56 63 70 43 8 2961
92 90 82 79 6 2101
68 53 72 42 5 3189
47 33 51 32 10 3016
34 41 46 49 9 2387
20 19 27 19 6 2083
53 61 68 73 4 4312
69 86 77 61 4 2327
15 13 16 19 9 2439
31 26 30 34 10 523
27 23 21 34 10 4299
82 65 72 80 6 2562
41 44 37 27 8 1417
29 23 25 20 8 4165
81 71 49 52 2 4059
52 59 85 66 1 3645
73 90 65 94 8 3166
56 34 59 48 8 2081
75 54 59 63 5 2985
14 22 14 19 6 86
94 84 87 98 3 1472
62 62 71 75 7 3052
32 41 40 30 7 4535
20 12 12 21 2 1764
89 75 67 69 8 2771
71 77 89 100 3 1481
89 87 63 86 3 2754
100 100 99 71 1 2627
83 65 100 92 5 589
79 76 100 62 6 1482
50 69 49 78 6 977
78 64 62 67 9 3867
55 56 64 87 1 482
59 47 45 66 6 286
76 69 66 48 8 2965
58 74 73 89 7 1322
40 50 43 46 8 715
100 75 85 100 6 1038
77 73 90 73 7 1122
57 52 55 51 5 1396
35 37 44 31 6 3317
47 55 67 56 4 1188
68 54 68 49 6 1803
93 79 100 81 9 4238
100 75 90 89 4 3467
100 90 93 92 6 332
43 43 37 54 5 507
76 95 63 57 10 4192
16 18 12 13 7 2437
65 76 54 49 2 2751
23 16 17 25 1 2452
