350
22 100 26 7 68 862
41 75 25 59 22 1047
35 4 11 58 94 4233
85 35 81 37 45 143
39 94 58 10 74 4043
60 42 78 32 66 4130
19 97 11 38 64 3568
47 14 10 55 52 1991
85 61 65 13 38 2671
90 59 80 59 99 2367
48 37 58 76 19 4148
68 92 73 67 3 3455
21 51 82 36 15 3291
2 53 58 6 23 2772
51 98 3 78 51 445
32 66 18 37 99 3166
98 26 63 86 24 3706
81 25 100 56 20 3905
5 80 37 74 50 2514
78 3 9 17 7 2384
51 29 60 29 19 1995
46 80 96 54 81 680
4 93 50 33 48 227
21 14 29 44 62 107
100 78 75 47 90 4312
92 1 100 87 92 638
58 45 95 76 20 2177
49 95 95 36 31 3042
71 63 36 64 50 3823
41 68 46 38 22 3315
63 51 77 56 62 3790
4 11 17 21 41 3022
80 58 32 44 68 2530
12 9 96 12 91 4305
3 70 43 54 75 769
92 99 75 4 66 3386
13 33 73 90 6 2215
98 78 58 38 71 3289
32 41 4 53 90 3980
65 80 66 56 99 1069
40 48 8 80 43 3270
68 46 44 35 18 1798
32 92 11 88 31 909
59 94 81 81 46 766
12 48 46 5 6 621
67 7 47 50 6 3682
13 9 28 18 99 2732
34 24 7 64 41 4346
96 48 30 53 30 3979
100 89 35 90 80 3678
23 81 90 73 51 968
84 88 70 75 77 4346
7 53 10 6 51 1163
93 60 94 61 82 2955
85 17 68 12 66 1654
97 35 33 64 72 1682
90 3 11 6 58 1056
32 89 24 12 63 1936
40 25 57 45 87 1119
35 40 92 37 58 533
85 3 55 1 98 1554
50 20 89 62 71 1951
21 25 81 65 90 218
74 56 5 94 94 3872
60 17 70 24 83 3950
70 90 78 18 58 804
69 5 64 53 97 1757
79 9 13 69 58 1039
77 29 7 53 71 1216
83 68 31 77 69 2494
55 65 58 35 58 4034
89 22 67 94 41 908
49 36 90 28 60 1330
36 7 40 88 30 2404
74 43 35 53 46 2393
59 12 70 31 55 2436
81 75 85 29 80 1760
74 79 32 58 39 3224
43 9 50 70 33 741
53 13 73 71 97 498
63 47 41 72 99 283
42 91 3 38 100 4213
85 32 60 64 25 742
5 42 57 20 28 147
14 61 93 52 85 1731
58 95 38 4 88 1587
79 65 51 96 68 3734
3 95 46 77 43 2891
51 51 39 1 55 3383
98 57 74 33 58 3638
53 48 63 5 68 4142
13 98 18 89 32 917
34 2 52 2 72 1540
14 65 9 95 52 4101
80 21 43 72 91 2564
1 69 63 87 36 1330
85 42 63 81 84 1322
86 8 15 20 6 4270
80 58 1 56 40 3381
13 42 17 51 46 334
28 98 96 18 100 2229
69 18 86 71 23 1481
54 35 49 46 7 2323
91 25 22 82 31 295
61 51 57 89 69 1109
3 45 60 78 16 1415
47 92 68 17 10 3313
11 63 19 54 89 4087
13 28 73 25 51 1786
24 84 1 77 79 1480
74 20 52 69 27 1659
72 56 40 95 15 1613
59 25 42 43 37 444
57 65 48 21 12 4337
38 54 74 96 87 4368
59 25 50 32 27 119
90 90 19 91 31 2895
89 43 62 99 52 800
17 2 25 84 10 165
93 22 29 3 76 3592
2 16 75 36 94 3843
66 17 96 73 7 1377
22 3 92 87 95 2282
70 67 33 13 12 114
46 86 72 95 95 1435
62 100 79 45 94 568
19 14 23 62 43 2722
93 88 14 29 58 1564
29 44 41 63 53 528
24 92 57 17 41 2503
51 55 77 88 32 3972
69 93 79 24 17 3273
98 10 43 62 76 4144
53 53 93 46 20 375
52 69 73 100 57 2728
94 72 83 80 81 1056
10 10 40 57 84 1467
39 78 43 35 55 2773
95 39 59 9 82 520
9 84 38 80 58 1853
76 71 89 52 7 2737
74 37 65 73 29 4235
46 45 66 70 39 4152
44 62 69 69 19 3561
86 39 57 59 87 1922
70 52 69 18 52 1829
95 94 76 18 30 2359
35 98 14 4 56 3500
31 68 98 60 56 3317
35 78 48 84 20 2077
3 26 24 100 54 3914
73 14 53 45 24 3108
49 10 88 73 17 662
25 27 35 61 32 530
77 52 75 95 41 3795
59 13 27 31 60 1937
21 9 42 49 1 1032
15 22 4 72 93 133
49 46 59 13 79 3377
16 43 98 92 69 4262
39 61 33 80 40 4198
93 99 32 87 14 637
69 17 80 62 93 2036
33 22 71 8 49 3512
65 90 7 73 76 2763
27 63 79 92 4 4028
93 35 90 49 13 1507
36 40 24 8 85 2267
38 74 83 18 47 1696
8 63 72 27 97 1285
66 59 68 83 28 1407
93 78 20 24 82 2027
33 7 85 70 51 2650
47 16 33 52 98 824
88 26 79 44 8 3924
21 17 74 73 46 3695
76 5 85 51 65 1530
71 25 49 33 65 1657
36 58 42 32 28 3290
36 70 93 58 7 3324
89 15 24 44 8 2526
44 49 63 70 30 155
98 46 47 57 35 1684
18 64 99 65 42 608
82 69 86 39 58 365
41 64 22 53 4 960
85 72 50 78 68 1493
72 73 68 63 43 403
20 64 32 40 23 2629
91 87 95 64 41 3192
24 13 91 66 60 908
18 54 91 67 79 1113
16 54 100 9 34 570
57 85 59 57 57 1423
8 40 48 3 1 1323
57 53 56 40 44 2355
62 83 46 88 99 2831
76 31 64 79 49 2342
61 78 42 91 9 2411
76 1 20 86 2 4329
14 51 4 35 78 1648
51 93 59 71 49 3569
82 3 92 17 34 3608
24 66 57 90 72 308
62 44 2 34 36 2292
76 9 34 46 35 3612
83 46 19 10 5 226
32 47 73 81 69 1596
67 31 4 17 18 2341
70 12 75 8 84 102
69 11 85 39 8 221
69 99 33 61 48 3471
41 81 5 78 87 2859
5 37 13 11 92 2675
16 69 83 5 73 558
75 73 25 43 62 1739
4 3 24 83 68 2455
15 66 31 7 22 610
37 4 63 46 75 2178
23 93 66 85 71 3604
45 87 49 73 68 3800
61 67 34 96 6 2777
30 25 44 23 90 1018
23 33 81 24 37 4103
71 72 9 49 17 1601
7 63 40 14 85 3824
87 19 54 83 41 409
60 86 2 46 57 1394
83 63 97 64 32 2398
95 3 47 45 36 3916
31 75 91 77 71 3681
56 36 19 92 66 809
69 32 79 59 26 4169
8 98 9 100 27 1272
55 37 82 34 81 482
45 40 99 100 48 2287
79 65 39 73 50 1679
78 79 54 65 5 3053
33 93 45 93 14 3357
23 36 3 63 23 3556
66 52 71 7 51 3982
86 46 67 29 87 421
34 27 12 32 62 3658
53 31 84 13 91 1977
94 24 89 21 39 2695
94 35 42 20 66 4028
34 90 16 13 13 3827
32 61 17 8 40 1234
70 58 28 38 31 2098
69 63 75 25 62 3790
45 46 64 74 80 3636
76 43 28 27 61 2856
93 99 94 48 59 4020
42 18 38 39 100 2618
92 81 86 83 25 1176
75 14 26 74 69 2917
1 3 91 58 7 4311
78 65 26 47 25 868
27 46 17 49 53 3980
71 39 93 46 20 941
41 54 83 98 4 2318
47 40 52 68 49 3365
83 75 48 76 40 1838
48 29 63 53 54 1821
14 78 6 50 71 1573
74 28 35 18 95 1702
38 42 36 3 100 3209
88 41 17 21 59 3091
61 54 8 7 2 258
89 68 53 12 44 422
16 26 4 69 23 1325
33 9 24 2 47 1118
94 3 82 33 99 273
76 37 86 78 58 2968
94 97 14 81 4 4318
70 16 54 1 73 715
98 66 71 57 17 1364
18 79 35 55 72 912
51 90 17 96 38 1682
88 3 56 75 65 1625
67 50 82 45 59 3485
80 33 21 31 92 372
83 97 77 65 95 3947
70 47 76 21 56 4168
23 80 88 27 46 292
39 3 71 96 12 318
62 86 27 23 35 1713
26 22 24 82 38 4156
71 40 12 4 3 3949
29 20 22 10 57 2980
45 27 41 65 67 220
36 17 87 23 33 157
18 87 76 70 42 814
77 26 46 48 39 1568
60 77 38 28 12 105
74 97 79 96 39 3462
81 41 87 47 48 4067
12 86 50 72 76 2374
41 76 65 1 18 1327
20 45 18 53 22 1986
73 83 60 82 59 2189
76 60 91 63 30 2139
26 11 91 47 4 4109
31 21 28 81 31 2168
61 60 17 50 32 4147
75 21 26 2 9 2752
91 95 61 31 90 586
24 60 19 30 72 902
65 81 7 56 35 2642
40 60 65 66 83 3214
66 92 74 65 42 3097
92 70 95 77 51 827
71 57 17 40 1 258
16 98 5 75 53 1503
84 45 54 3 6 575
78 54 33 78 8 1366
14 61 96 85 56 4047
17 84 2 50 72 2487
75 56 43 7 35 3864
70 41 33 67 77 1303
50 47 6 22 24 604
15 58 84 89 7 1835
59 43 23 78 55 2054
59 30 40 17 25 2565
87 55 63 13 51 4222
86 29 53 62 55 1239
48 9 33 29 16 3991
80 22 90 30 93 2859
90 12 19 90 34 1458
72 48 25 73 70 4048
98 12 49 86 15 244
2 92 68 67 62 3363
3 61 8 84 2 3590
94 7 95 69 79 930
43 97 11 32 25 302
61 87 89 75 79 2518
79 98 54 9 72 4076
43 8 57 62 82 104
93 66 86 34 12 3310
46 100 93 53 11 486
22 16 16 12 48 2311
92 25 64 10 9 3608
52 30 69 19 45 998
91 72 50 70 14 753
60 36 1 38 42 1842
89 69 59 54 53 3777
26 2 69 44 86 2218
78 85 45 20 36 1300
33 60 10 7 49 1856
13 32 44 47 56 3123
