450
42 23 15 30 9 248
30 28 24 30 11 296
45 48 25 26 17 391
40 46 15 20 1 451
43 18 42 42 18 118
8 31 29 27 15 287
47 15 44 23 3 341
26 25 35 33 19 122
48 43 10 27 18 410
34 49 27 42 13 196
25 5 17 34 7 262
44 45 8 49 17 285
28 32 29 6 18 150
37 40 45 40 11 278
29 31 44 43 10 166
33 49 49 16 16 400
29 17 42 25 3 183
34 36 39 33 16 149
44 10 22 16 12 118
12 16 6 44 11 108
38 26 32 24 9 243
32 43 37 29 4 229
17 36 30 24 7 289
19 24 16 41 19 127
42 48 29 18 15 154
48 9 37 6 15 336
20 16 37 35 6 278
13 16 14 32 14 194
47 49 14 26 4 230
39 35 47 34 9 355
28 47 35 44 3 128
28 46 5 21 11 115
26 17 18 20 18 439
40 34 38 44 13 119
49 24 21 35 5 484
21 50 49 47 14 486
35 50 20 36 1 277
32 16 32 48 2 436
18 12 37 20 15 175
39 14 39 16 20 450
14 28 30 34 4 283
47 14 41 15 17 145
36 11 23 19 20 468
31 14 40 10 13 243
41 16 40 25 18 229
13 5 26 47 20 408
17 49 24 11 15 195
46 17 37 45 7 265
7 6 39 10 7 370
38 36 47 38 1 359
34 22 21 28 15 208
48 13 44 32 4 417
34 13 14 28 11 383
40 8 36 28 14 436
7 39 35 7 19 343
42 5 31 46 9 106
23 29 22 17 1 380
21 8 37 27 1 302
46 12 6 42 13 198
17 13 39 14 19 313
6 9 17 46 18 476
32 5 28 30 19 141
45 16 32 27 13 500
25 21 30 35 11 402
13 8 48 26 2 472
16 22 13 40 11 205
10 30 31 31 6 469
36 37 33 37 7 129
39 42 13 5 3 215
50 46 44 31 3 257
23 28 23 47 18 426
35 10 24 49 4 407
7 46 42 49 8 432
50 29 44 20 5 146
11 28 5 25 2 103
47 9 7 43 8 190
16 21 47 39 8 150
26 24 8 49 2 208
17 5 38 38 1 317
48 14 25 44 1 416
9 38 20 43 4 495
11 18 36 31 18 151
14 19 35 49 5 392
24 39 6 29 19 485
32 23 12 45 4 486
38 18 40 18 10 444
17 16 40 19 1 294
33 14 14 36 17 274
31 48 30 36 14 477
26 39 21 14 3 309
15 12 24 31 19 165
10 15 44 6 5 119
6 40 26 36 15 259
40 16 26 45 17 385
47 44 10 29 14 437
22 29 5 20 16 186
41 32 34 23 10 122
8 43 14 29 9 376
37 12 44 43 10 421
49 50 44 14 8 118
50 27 42 13 5 246
5 24 19 13 10 497
19 43 40 22 19 161
31 32 14 21 19 183
41 37 25 37 3 382
45 49 25 37 4 123
49 12 9 27 9 179
44 26 10 50 18 336
25 19 30 34 6 341
13 18 15 27 4 233
25 46 11 6 7 471
49 42 20 10 2 475
46 11 29 22 13 214
7 46 21 36 16 376
38 16 40 10 6 226
43 31 7 34 2 455
44 33 24 13 9 242
22 46 26 40 9 182
42 9 13 43 11 468
20 27 24 34 15 453
37 11 23 26 3 389
23 34 42 10 10 373
22 32 34 37 19 381
6 50 17 47 17 399
15 29 39 23 12 468
21 19 43 16 6 417
24 32 8 40 1 235
33 15 25 43 19 254
10 44 44 19 13 201
27 11 23 34 16 339
31 25 6 48 7 370
33 23 34 29 3 287
29 44 38 23 15 446
12 39 17 15 15 236
21 46 27 40 6 286
31 6 48 47 15 279
34 28 29 14 12 138
25 36 18 16 20 477
48 23 43 47 15 318
31 8 43 16 4 127
23 50 28 16 13 253
49 32 49 30 15 327
26 44 6 22 18 239
8 49 29 38 16 335
50 18 41 39 10 464
38 35 26 47 3 466
25 19 22 25 7 249
5 5 20 28 7 222
49 20 44 14 4 128
45 50 19 45 17 312
16 13 7 50 8 267
15 41 49 30 19 242
13 24 13 35 16 257
15 18 28 9 17 124
17 45 42 20 1 237
26 39 33 27 9 342
31 36 36 20 18 120
31 38 39 23 7 464
23 40 18 12 5 258
16 36 45 31 8 248
13 10 16 13 6 245
25 38 11 11 6 200
32 37 14 33 4 226
12 19 20 43 19 447
19 12 15 24 1 180
5 46 29 37 7 142
31 41 36 14 5 169
24 19 34 31 17 201
27 50 17 45 9 270
25 36 35 46 10 179
37 14 49 50 17 311
15 32 26 33 20 321
25 22 41 39 20 203
12 6 33 48 13 447
37 10 33 17 14 440
17 42 49 14 9 237
40 9 16 39 16 328
8 49 26 8 2 147
9 32 48 13 12 452
28 38 19 37 9 418
19 45 38 7 2 255
12 24 40 27 20 206
29 43 39 14 3 208
33 14 14 44 14 116
20 41 7 25 11 199
14 34 21 40 12 203
18 32 40 13 19 129
12 44 5 18 14 442
13 6 15 10 4 352
28 14 25 10 16 313
29 34 7 34 14 284
31 19 24 13 6 112
26 32 46 43 2 298
32 31 6 14 7 294
34 16 6 27 8 482
27 21 50 5 16 406
30 33 44 25 1 141
10 14 10 30 7 491
40 25 27 40 2 274
33 15 16 41 15 160
23 9 16 22 14 289
44 5 41 26 18 422
34 41 40 34 9 408
41 26 12 25 12 100
40 14 30 44 5 294
7 49 24 6 10 376
8 17 38 28 8 237
14 22 11 20 13 448
38 41 28 14 6 181
14 29 46 12 16 221
13 31 19 43 11 375
28 14 8 7 10 489
23 36 41 43 9 108
49 32 47 35 20 374
27 35 15 7 6 500
7 44 33 31 17 302
32 34 30 38 14 355
44 30 20 13 14 369
16 21 24 37 13 138
26 36 17 13 18 445
15 10 46 43 3 395
49 21 15 8 1 204
25 35 23 47 19 367
17 20 49 19 5 455
47 28 15 14 7 317
38 36 43 18 1 215
18 40 8 13 10 419
19 21 30 8 20 446
19 25 6 31 16 196
43 37 29 14 9 349
26 30 20 25 8 357
33 33 21 20 2 190
20 19 29 44 11 161
21 48 35 39 18 229
31 41 11 6 7 481
21 34 50 16 15 179
36 47 20 33 12 222
50 25 9 25 6 449
48 14 32 6 12 394
44 7 22 19 8 274
16 27 37 44 5 443
9 13 29 14 11 100
43 15 8 45 1 438
15 14 38 7 11 483
16 35 21 39 20 469
26 44 30 14 19 262
29 50 8 31 18 427
17 18 31 34 16 264
45 18 9 12 3 137
25 9 27 9 19 281
14 17 16 46 18 115
26 10 15 30 10 463
11 9 37 41 19 207
34 12 35 42 11 340
34 47 47 49 7 319
20 20 25 44 19 250
7 23 5 37 6 238
37 37 15 13 4 423
35 6 31 48 2 335
44 11 14 8 15 452
23 41 38 45 20 160
38 30 7 16 9 190
27 11 46 39 2 148
29 45 44 36 6 428
29 25 29 35 4 476
24 24 27 5 6 300
14 15 36 11 14 453
9 45 42 34 1 112
45 16 16 14 18 136
24 49 9 10 9 245
28 45 35 30 19 427
46 50 39 19 7 380
10 28 27 28 15 187
14 23 33 19 13 171
32 10 6 41 13 240
22 31 33 15 8 287
14 19 17 29 9 168
31 10 43 31 18 285
20 46 13 32 2 435
47 31 49 44 5 135
45 10 38 10 11 405
5 12 38 48 11 299
42 29 6 31 4 384
6 8 45 47 20 469
34 12 44 34 18 327
15 30 36 28 18 473
12 19 29 42 19 193
14 23 19 21 2 238
14 23 45 14 14 313
11 15 10 13 9 383
27 35 29 12 9 499
11 30 36 9 10 233
36 46 27 5 4 372
49 33 5 24 17 115
12 15 38 13 19 170
7 11 44 30 15 234
21 31 50 27 14 243
14 6 34 40 4 207
50 42 28 22 16 236
47 5 43 41 15 261
19 7 10 43 13 176
20 15 22 40 15 257
12 34 31 35 17 448
17 15 23 15 5 450
8 6 46 45 5 297
5 35 46 42 14 152
48 46 49 17 8 138
12 7 34 44 4 194
13 26 20 20 2 404
34 49 19 15 15 273
31 35 12 37 6 283
9 12 47 28 14 410
31 33 24 33 1 113
37 13 22 40 15 162
17 44 44 37 16 312
10 34 41 37 14 244
38 20 47 7 2 369
15 12 47 21 13 320
19 37 19 6 13 148
27 23 29 46 2 253
22 10 33 38 3 298
39 39 33 49 15 363
36 46 21 26 12 253
19 11 13 35 11 339
19 17 11 39 3 395
50 49 9 13 18 154
5 36 18 13 16 422
14 30 29 20 18 188
23 8 26 34 11 114
21 6 43 40 8 166
38 25 37 8 3 420
24 35 44 19 6 218
14 38 5 33 1 123
12 12 23 25 3 235
50 13 40 22 5 445
32 16 21 31 19 386
27 5 26 36 14 199
28 30 43 45 9 428
32 46 16 48 8 248
35 6 30 37 4 214
40 18 26 46 3 399
47 23 14 40 11 357
23 15 26 27 12 152
32 29 31 16 6 391
47 27 38 43 19 198
33 20 44 17 3 446
40 32 37 46 18 386
22 43 7 9 18 143
27 16 30 16 4 370
21 38 27 43 13 487
22 40 47 28 15 484
42 5 27 41 2 476
32 25 39 5 10 268
17 10 49 39 8 391
16 33 43 45 7 133
29 7 11 14 14 281
6 25 28 20 15 131
16 20 37 34 7 485
47 14 27 45 15 289
44 28 47 32 14 156
16 22 15 10 5 391
34 20 39 38 3 432
45 20 10 20 13 203
34 36 24 25 17 163
23 25 35 9 20 271
14 8 20 44 8 232
32 13 23 11 6 242
15 14 8 38 10 351
9 34 28 21 6 447
15 11 50 38 6 202
9 10 23 48 7 280
17 29 5 23 2 454
44 28 21 5 12 408
50 37 43 35 7 417
32 47 49 40 18 220
11 33 5 33 10 395
44 17 5 5 18 258
33 19 42 6 16 370
25 22 42 39 18 451
50 11 50 5 10 326
36 39 44 19 15 183
25 42 45 20 7 374
16 46 30 6 6 499
25 46 44 25 9 204
25 43 36 48 5 214
10 19 40 40 19 153
41 10 31 48 19 259
16 39 37 8 9 389
17 39 8 30 20 400
46 45 37 40 13 380
50 40 11 44 6 246
47 42 28 44 3 494
45 46 23 44 14 298
7 18 31 47 3 178
5 31 46 49 3 489
23 30 43 30 17 463
50 21 38 6 16 342
15 21 37 30 19 350
29 43 24 23 18 370
33 22 40 37 11 241
31 16 9 7 20 202
48 44 38 41 4 195
21 29 30 11 6 423
22 25 39 5 11 103
38 24 44 23 5 187
30 30 41 40 15 347
15 9 34 23 17 181
27 40 28 16 12 478
45 22 42 47 12 432
44 25 15 34 18 399
29 35 45 38 15 209
29 23 48 17 13 365
28 41 42 6 15 159
40 41 50 11 17 312
45 6 35 47 12 288
38 19 9 50 9 239
16 41 32 39 14 380
41 44 18 30 15 450
47 20 25 32 9 332
27 34 25 19 7 410
6 12 7 8 17 490
42 13 8 23 11 306
16 33 12 8 15 496
21 21 24 7 13 313
29 6 9 26 15 427
5 15 21 33 4 348
47 31 33 5 9 171
43 23 40 25 16 322
5 35 5 24 20 382
32 21 39 29 9 241
15 50 38 20 18 183
9 9 12 35 10 220
39 21 12 42 6 213
25 47 40 10 1 219
23 10 21 17 1 452
34 28 35 33 5 177
29 46 20 13 17 116
15 20 12 29 3 430
47 23 17 10 12 302
43 15 35 19 4 329
8 22 36 33 8 112
45 13 11 26 1 171
41 41 38 50 19 164
5 6 31 36 5 458
30 9 22 12 16 443
6 42 14 48 7 333
7 27 35 44 1 190
43 38 6 30 13 467
40 25 49 9 2 408
40 42 13 22 11 356
