400
21 12 20 14 8 3897
22 13 12 24 3 627
14 24 23 20 4 87
12 8 24 10 3 1701
19 3 17 21 1 952
20 23 8 17 2 1000
3 14 12 20 5 3247
10 23 4 22 5 2849
23 10 18 12 5 960
17 18 16 22 6 3733
15 22 22 5 7 3373
25 9 6 16 8 303
24 17 16 18 7 2747
14 9 15 19 5 3514
19 19 17 2 9 1745
12 18 22 12 9 2335
5 21 21 16 8 2805
23 2 18 12 6 1601
24 21 12 23 10 118
10 9 5 11 10 1833
14 13 21 25 7 419
11 21 16 16 1 1682
20 9 3 15 5 3895
3 14 20 17 2 3055
18 21 19 15 6 519
8 9 4 3 10 2086
9 7 19 5 1 2571
15 10 11 4 8 1355
17 10 15 4 1 191
10 8 10 22 2 2902
15 3 25 19 6 3084
18 13 12 17 7 390
5 12 12 8 9 3285
11 20 11 8 5 3105
14 3 19 18 8 2650
24 23 18 9 4 1704
10 2 24 23 7 980
13 8 9 10 5 1936
21 22 4 12 9 3892
11 18 5 22 7 470
15 24 12 22 1 2640
11 25 7 21 5 2641
19 17 4 7 4 2500
8 18 7 16 4 2424
14 19 15 10 1 110
3 18 8 24 6 3258
10 16 2 20 3 2185
9 24 21 2 1 2399
13 19 24 25 8 539
18 5 10 7 8 2207
23 17 13 9 1 2241
9 17 23 23 10 1345
20 13 10 18 9 968
13 11 21 6 7 2635
16 25 6 7 10 2648
4 24 15 13 6 2361
4 15 24 13 4 3073
6 9 18 5 10 2756
4 23 17 9 8 2422
2 13 15 11 10 82
23 3 7 20 9 2391
12 22 3 23 4 891
24 24 12 5 3 2586
19 14 19 22 9 589
11 2 18 2 8 2716
10 23 11 5 1 2741
11 25 18 8 3 1802
25 24 15 16 6 1883
23 24 2 25 9 235
9 24 7 19 2 979
21 11 24 23 6 2617
10 10 13 6 9 1950
14 3 10 22 4 2587
21 19 8 18 6 50
23 11 21 12 8 1045
19 7 6 25 8 1423
11 2 9 21 7 1614
23 24 14 23 8 3487
20 20 10 4 9 2172
23 5 13 15 5 628
14 6 23 5 4 1759
25 22 24 16 1 521
9 19 23 23 5 1913
18 6 24 18 7 3125
7 23 17 13 9 753
24 13 25 13 3 1504
23 12 2 18 5 2472
10 9 21 13 7 1011
3 21 10 5 1 3712
20 24 5 21 10 508
24 14 13 11 8 3860
15 10 22 8 1 1791
9 10 15 20 6 250
16 3 10 4 1 3770
23 11 3 8 5 839
23 8 12 12 6 342
13 16 24 14 1 709
2 10 25 16 3 343
9 4 20 11 5 369
18 4 20 10 6 55
25 16 14 19 4 2937
22 3 8 2 7 1824
24 3 7 19 1 1407
12 22 18 20 7 901
24 17 21 11 1 1076
8 7 17 17 10 807
13 16 8 12 5 1728
24 9 6 2 2 1301
17 18 6 21 2 3171
13 6 7 25 7 465
20 25 15 11 4 1224
3 18 8 2 6 1931
8 25 13 21 10 3035
9 13 20 12 4 271
19 24 14 9 10 1793
5 9 6 3 10 3088
5 10 2 22 4 2775
5 5 6 6 3 1502
21 12 4 15 4 213
5 13 14 14 5 76
13 22 16 18 7 1167
8 22 23 16 1 3354
20 25 14 7 9 2689
16 14 2 10 10 1337
19 3 4 24 9 68
18 25 22 10 3 1490
4 20 7 7 4 1018
12 15 7 9 4 763
2 7 15 7 5 1412
8 24 19 5 8 3086
11 12 18 11 7 2168
6 9 24 11 8 2603
2 13 8 5 8 3572
6 15 12 5 1 2049
5 11 14 8 8 438
15 11 9 11 6 1671
15 7 18 18 9 2799
24 12 15 12 10 2771
18 23 11 6 7 2839
13 19 7 2 3 3200
21 19 2 18 8 3931
20 3 18 24 1 3832
23 12 21 12 1 2375
11 15 19 23 10 2804
18 15 20 10 10 2579
2 3 16 24 5 1030
17 9 10 20 1 3510
2 25 12 5 6 3390
9 13 2 19 10 1635
8 12 3 14 4 3083
4 17 10 21 2 852
21 18 16 3 5 217
15 20 24 7 6 2313
24 10 7 8 8 2334
18 18 13 17 1 1957
20 25 24 20 5 1612
23 12 6 17 6 3984
9 4 4 12 1 3149
2 19 15 22 4 1051
19 4 13 9 9 1433
13 16 25 22 8 2887
22 3 17 16 1 3502
7 12 14 5 6 255
8 25 18 19 2 1121
17 25 16 20 5 1068
25 16 16 17 9 88
22 17 4 12 8 1910
6 8 25 7 9 1516
9 17 20 16 2 2569
22 19 17 17 4 2789
3 16 25 16 7 3490
22 13 6 15 9 2592
5 2 17 20 10 2812
15 3 11 9 8 1972
2 9 8 2 4 1509
5 8 11 6 6 1295
19 2 21 5 4 2573
11 9 2 8 3 2225
7 20 11 18 5 1275
13 6 23 17 2 1471
7 10 2 2 8 1235
18 20 10 12 4 1205
3 17 19 13 8 316
13 2 15 6 8 2350
25 18 8 21 7 3212
20 4 22 19 8 3496
2 13 14 16 8 1933
12 24 11 13 1 1503
4 5 11 4 2 3402
12 20 8 13 10 2178
8 15 17 7 10 3632
16 21 16 9 6 2914
19 23 2 10 3 819
15 17 17 7 10 1042
22 5 13 5 1 1939
14 6 6 4 3 2285
23 9 4 19 10 2085
7 2 7 7 3 832
13 15 18 16 6 1206
23 25 23 25 2 1653
18 25 2 11 5 1922
18 21 23 23 3 531
14 14 14 18 3 1289
15 13 18 7 2 504
8 25 4 15 10 3920
7 19 14 21 1 158
20 25 24 23 2 2992
16 23 8 8 1 1862
15 5 23 7 5 3898
8 22 9 11 5 2136
18 2 15 18 6 1270
20 4 24 12 7 11
25 14 20 3 10 3928
2 4 22 5 9 887
24 19 20 25 6 85
4 21 13 4 4 3343
15 20 22 12 2 3746
15 7 9 19 5 2862
8 18 12 11 10 3492
20 24 8 7 9 933
7 19 17 14 6 1249
11 4 21 15 9 3218
11 7 25 18 9 788
23 20 16 15 9 916
14 21 10 15 10 2793
22 25 8 13 5 3819
19 8 7 4 1 3290
3 14 6 22 1 1300
21 17 9 23 10 335
22 12 22 23 4 108
8 23 19 16 4 2051
7 5 9 17 3 3534
25 14 7 24 5 3331
23 20 18 3 6 437
6 16 11 12 3 716
5 14 8 9 8 3607
25 6 19 21 10 3697
16 9 8 20 3 769
24 21 6 16 4 2355
17 8 4 22 6 2473
19 21 15 18 4 1104
24 7 5 18 1 2896
5 19 16 3 7 215
14 10 11 8 3 1705
23 10 16 13 4 1907
22 7 11 16 5 758
7 11 7 2 1 3013
20 19 6 10 6 304
6 21 2 19 9 1887
4 16 13 8 4 856
17 12 25 6 10 924
22 9 25 15 5 2698
18 11 15 20 1 1904
15 11 12 12 9 2621
24 14 19 13 10 3866
9 13 21 23 7 798
2 16 23 18 4 1256
20 22 3 13 7 1581
11 5 4 15 9 2705
17 13 21 25 1 2567
5 7 14 2 6 884
10 9 21 22 9 747
17 9 14 8 2 636
25 5 15 19 3 928
9 17 5 13 2 2077
22 23 7 11 7 2798
18 25 25 5 9 2744
9 5 10 21 10 2760
6 5 12 2 1 2066
13 5 17 17 6 1575
4 25 23 4 2 2219
8 10 16 15 9 362
16 20 22 20 10 2488
21 20 4 12 3 2696
2 9 3 23 8 1451
22 18 19 15 6 881
2 25 3 18 10 2968
22 21 2 20 9 1727
14 13 21 11 4 46
2 16 18 19 8 3539
11 4 7 22 8 1185
13 21 2 17 2 1448
15 21 9 20 6 123
11 15 14 7 4 856
20 20 23 19 6 202
17 4 7 2 5 992
17 15 21 23 3 3807
11 2 13 24 7 3751
23 9 9 22 5 3050
22 7 19 25 9 203
21 25 7 15 2 2043
7 10 5 7 1 3098
5 6 14 17 9 1128
16 6 14 10 2 1647
25 5 2 5 9 1123
12 9 11 2 5 3373
20 18 16 5 6 396
16 9 2 13 2 2273
4 2 15 11 9 1414
12 12 8 3 10 3265
19 3 21 24 7 1545
6 9 7 19 6 1814
3 21 6 14 8 603
12 19 20 18 5 2079
13 2 24 5 1 3535
3 13 13 17 5 185
13 11 11 16 7 3743
14 7 6 14 4 917
17 8 9 10 10 1111
11 14 14 22 7 444
7 12 24 4 8 2533
2 3 9 6 8 1024
22 12 24 5 2 315
5 18 14 14 10 1176
5 21 4 3 4 1158
19 25 19 12 5 131
9 10 23 13 2 582
12 25 8 23 9 1826
7 17 23 15 5 2673
19 11 14 22 3 3492
25 19 5 18 6 2089
10 25 7 21 2 2695
11 4 14 22 7 1716
9 21 3 21 3 25
11 5 11 19 3 2615
6 17 20 24 6 803
15 8 14 5 7 2410
8 23 5 8 9 3074
23 25 11 4 5 2673
23 19 10 23 7 746
10 2 3 23 10 2890
15 13 6 14 9 257
9 9 18 18 3 2343
6 13 15 17 3 3868
21 4 18 12 9 2651
25 19 21 22 3 3016
2 11 9 11 2 1312
10 21 3 4 10 1178
20 9 22 4 3 1126
10 7 14 3 6 1990
8 13 18 13 9 1688
5 20 20 2 9 2878
7 14 11 20 10 751
5 23 5 10 8 3264
20 14 13 11 1 315
24 3 16 25 6 277
23 17 19 10 10 3347
13 11 23 13 4 42
12 24 18 6 6 2811
17 4 7 3 2 2136
18 19 6 24 2 659
14 10 11 22 10 2454
6 4 11 21 7 2163
16 15 23 24 6 3296
8 11 3 15 4 1678
10 17 17 24 7 499
4 2 22 17 6 2583
8 23 9 8 10 3134
4 12 13 13 9 84
18 4 25 18 2 2680
3 7 21 16 6 3772
23 25 20 17 7 1561
16 15 22 2 5 3380
13 20 2 4 8 1129
24 19 25 19 10 1251
4 3 25 21 2 1956
22 5 2 5 2 1033
13 6 13 7 8 2358
12 17 18 5 4 3723
4 20 20 16 3 3007
14 2 10 11 3 3550
2 18 12 19 4 3475
10 17 9 20 1 3993
4 13 14 9 1 2232
20 22 23 13 10 1651
7 4 24 23 9 1101
6 11 10 10 5 419
6 24 19 18 7 738
20 13 25 9 4 2578
9 11 17 9 2 2757
15 9 18 2 1 2235
9 3 7 14 1 1773
4 20 24 18 7 3196
8 20 10 6 1 3590
20 16 23 17 7 2801
23 13 10 25 9 2486
16 5 6 10 5 1196
2 5 2 13 9 1131
17 15 11 7 4 145
11 14 16 15 7 360
8 8 15 16 7 3092
6 14 2 9 8 1277
8 3 19 3 2 3274
4 24 6 25 8 2004
17 9 20 12 6 311
17 12 23 8 10 530
6 15 6 8 5 937
14 13 4 19 4 130
17 6 25 15 6 1213
17 5 19 11 1 1987
