500
51 54 26 25 6 60
9 95 86 57 4 85
43 35 40 82 4 156
42 81 88 97 4 106
84 94 91 70 5 84
80 90 87 97 5 89
47 15 73 60 10 126
10 34 88 61 6 128
79 11 25 93 2 66
80 40 53 83 4 109
40 98 11 47 8 155
1 80 89 78 8 57
65 83 19 58 6 117
94 54 25 60 8 55
2 3 62 74 10 38
25 95 59 19 5 84
62 4 42 32 8 30
59 80 49 52 9 115
25 93 24 79 6 46
89 89 76 15 9 38
22 12 12 48 8 90
78 21 42 42 9 30
48 38 86 43 8 102
38 3 26 6 6 32
76 38 87 28 9 83
100 77 48 20 4 166
72 49 4 37 1 138
94 37 18 61 3 82
67 97 98 5 4 176
8 71 93 92 4 52
42 13 58 74 6 143
26 77 16 40 4 110
45 7 43 68 3 26
12 46 10 8 9 60
13 55 46 93 7 186
16 78 42 70 4 141
46 36 57 37 7 97
75 91 6 58 3 8
21 21 33 48 1 94
66 72 92 10 6 74
13 17 21 10 8 26
84 32 33 96 1 177
73 52 65 47 4 88
29 86 58 74 6 139
77 10 13 73 1 67
53 47 53 99 3 157
14 24 4 39 7 35
68 90 78 77 5 86
25 19 82 5 4 63
64 51 47 1 1 48
88 7 93 38 10 47
80 34 50 29 5 124
30 89 35 10 9 175
70 56 88 65 4 79
12 56 9 10 7 75
9 87 34 64 7 44
51 82 36 79 7 52
68 66 15 29 9 79
60 51 68 7 3 46
82 84 100 41 7 133
15 57 27 57 4 97
26 6 78 99 6 97
7 32 32 49 3 29
12 11 64 30 8 101
60 16 39 77 4 82
9 93 49 79 9 53
20 99 22 47 1 155
2 42 52 74 6 48
77 37 96 98 10 90
38 78 1 3 2 75
6 82 33 68 1 30
92 33 73 98 6 127
37 57 32 94 7 58
45 53 41 6 4 89
33 91 73 41 10 78
61 18 86 76 3 103
57 69 54 82 5 124
42 23 14 100 3 129
71 49 9 90 4 25
68 34 66 38 4 129
9 49 44 93 6 170
95 46 81 52 2 187
2 12 21 70 5 131
47 31 76 45 5 58
10 53 77 13 9 49
45 18 31 53 6 43
34 51 38 82 2 126
89 88 69 49 5 81
32 38 86 48 5 90
36 37 77 23 4 23
38 88 36 71 1 142
23 64 7 59 3 26
19 54 84 79 3 98
34 29 8 11 4 23
78 44 70 73 7 156
18 50 63 29 3 80
1 16 78 16 2 137
76 84 32 82 5 157
28 79 16 56 7 103
70 57 99 100 2 64
97 34 76 33 8 175
13 77 59 7 7 90
89 53 69 1 4 17
83 22 68 36 5 63
29 29 18 57 7 101
92 81 58 75 5 63
78 98 48 25 3 157
34 41 98 76 3 65
33 79 56 44 7 92
54 30 38 13 8 34
72 45 42 73 9 77
99 93 26 51 1 104
67 60 77 68 6 126
3 45 62 15 3 41
32 12 27 21 10 18
81 17 53 38 4 116
47 50 90 93 3 62
69 65 6 23 3 53
29 79 89 94 4 163
3 70 39 46 9 53
36 82 7 28 3 13
35 76 28 49 1 112
87 63 40 83 4 170
52 79 24 25 8 125
69 38 79 6 8 46
72 83 12 82 4 17
20 1 42 12 5 46
47 28 46 16 10 86
48 62 31 31 7 32
8 11 76 66 3 144
90 11 84 23 7 77
32 39 11 10 8 40
31 16 20 27 1 52
28 7 2 47 6 38
97 68 1 8 6 46
27 76 25 12 2 123
88 20 86 97 2 102
87 32 80 85 1 157
19 79 86 13 6 156
37 93 64 71 4 129
24 21 59 46 6 83
4 74 41 56 5 113
84 10 49 17 9 70
38 96 37 71 4 153
44 96 42 22 9 74
86 89 56 28 9 52
9 94 2 17 8 184
3 36 47 56 6 95
32 36 1 83 6 154
49 25 89 74 1 124
98 64 31 59 6 47
62 1 52 85 10 139
26 60 62 19 3 84
13 69 56 49 3 34
33 10 41 55 7 88
27 15 59 74 1 19
94 39 14 65 7 46
42 11 17 63 9 65
48 31 94 18 2 32
99 10 61 57 1 39
61 30 37 44 9 110
68 31 66 84 7 152
3 17 31 72 3 113
91 99 80 99 4 189
1 31 43 6 1 59
39 57 58 86 9 126
40 45 94 45 4 177
71 81 5 94 3 53
15 71 68 41 2 140
12 2 54 30 3 15
58 81 32 94 2 134
47 45 77 42 7 88
56 26 70 82 4 94
31 45 51 44 7 70
9 73 87 13 1 15
76 48 100 38 9 164
29 85 76 90 1 141
66 40 87 88 6 121
36 50 97 73 9 167
7 34 7 44 2 82
24 60 81 30 2 140
1 60 21 92 3 8
4 33 28 46 9 29
74 63 83 31 4 133
6 75 42 57 10 150
88 69 69 75 6 88
46 80 94 55 3 55
56 91 77 97 3 138
12 81 82 44 9 160
33 33 44 43 7 36
2 33 76 53 10 61
93 61 68 73 2 95
14 95 20 35 5 115
62 46 80 56 10 92
25 16 17 2 7 14
59 4 46 72 9 17
57 67 10 89 8 96
44 6 61 48 8 43
72 75 24 87 4 80
51 93 20 79 10 84
92 2 60 80 10 143
38 44 39 3 9 74
25 22 21 4 6 37
72 15 29 95 4 170
88 54 74 81 9 63
80 5 75 70 5 151
47 84 4 89 9 166
85 80 23 79 10 130
7 95 25 38 8 61
14 17 31 94 6 117
69 28 19 48 6 72
81 69 11 45 1 41
49 30 49 61 6 87
10 62 9 21 2 108
21 71 4 58 8 83
100 55 25 58 6 173
34 95 56 19 6 70
67 51 51 76 2 101
71 36 9 57 7 78
48 37 23 53 8 70
31 91 8 54 7 53
29 72 92 8 9 125
40 37 52 64 8 95
22 34 39 100 9 167
1 78 60 67 3 82
79 13 94 49 5 60
100 60 78 85 7 170
2 23 89 14 9 150
3 18 30 100 7 176
62 2 89 43 5 125
89 91 75 10 9 101
81 59 27 49 1 98
72 57 60 56 9 101
56 64 17 77 9 66
66 11 36 96 8 19
96 41 100 61 9 156
78 30 85 28 3 51
60 75 50 9 4 13
57 46 15 40 8 77
61 7 93 50 9 150
42 32 4 31 3 34
84 16 80 71 5 166
56 57 34 93 1 75
6 29 8 27 10 41
48 74 93 17 10 177
30 21 72 61 9 46
40 41 27 27 9 43
79 25 48 99 7 136
16 46 69 44 3 73
61 93 65 41 3 96
81 62 74 22 10 105
3 78 63 50 6 10
53 36 20 50 1 59
54 14 45 25 1 26
65 48 6 5 4 23
11 70 68 66 4 120
30 83 30 23 2 39
21 37 83 57 5 97
86 94 21 18 7 83
33 49 27 54 10 105
63 26 74 3 2 29
78 52 40 38 1 65
65 77 92 4 2 13
70 22 16 58 4 23
35 55 73 3 8 53
47 22 32 72 5 44
78 16 28 86 5 132
70 12 66 22 8 119
36 45 48 59 2 106
66 13 21 17 6 74
46 52 77 78 5 147
86 86 89 35 5 171
41 19 40 43 2 57
54 74 59 53 4 117
54 51 77 27 8 67
76 65 99 1 2 70
10 44 52 13 7 32
59 55 76 4 4 14
51 16 40 20 6 43
71 55 19 85 2 54
59 95 66 33 10 107
25 31 26 43 9 36
14 59 44 72 9 51
56 52 78 74 1 119
29 16 82 4 3 162
38 11 41 82 3 147
3 64 20 80 5 40
32 61 70 18 4 24
34 62 12 10 4 70
34 41 90 26 9 55
15 23 89 36 8 21
48 83 45 40 10 102
57 30 87 50 5 34
63 29 54 38 9 93
91 32 87 72 8 133
30 37 5 40 8 20
94 28 29 7 3 136
61 58 33 31 10 109
95 66 45 70 7 52
23 45 19 52 7 43
67 100 98 90 2 136
21 65 34 82 3 107
65 14 12 23 8 20
4 44 73 2 4 92
46 79 93 15 5 94
88 19 19 72 2 170
18 25 93 15 2 143
87 88 18 9 8 109
20 83 70 33 8 162
78 76 86 86 3 140
59 70 35 86 1 159
43 41 15 11 2 53
58 38 97 43 7 53
28 30 48 81 4 45
3 74 23 97 10 50
91 6 47 84 6 113
51 76 84 41 4 107
81 83 93 22 5 54
24 34 40 98 3 99
13 32 81 42 5 105
72 93 34 46 1 116
34 87 69 5 6 26
54 39 13 52 6 47
84 47 42 98 1 185
35 16 77 100 9 91
97 58 77 43 9 77
61 51 9 46 8 55
62 69 52 99 3 132
81 49 56 29 7 135
94 91 45 10 6 133
47 47 18 49 4 44
65 30 12 39 5 97
100 24 54 39 3 120
32 78 44 1 9 108
82 75 76 50 9 100
82 21 53 50 10 150
77 75 17 37 10 72
18 97 34 98 5 21
78 69 59 39 9 120
6 97 43 85 7 155
57 15 84 69 9 37
39 63 73 1 9 68
2 76 71 50 7 51
8 99 15 63 1 139
34 52 15 68 9 92
20 21 92 89 3 91
24 81 2 17 5 48
78 12 85 45 9 96
81 52 37 72 3 145
67 78 11 82 3 77
8 80 83 80 8 112
29 52 92 93 6 98
72 16 26 42 10 81
59 88 91 67 4 182
5 1 79 56 9 146
2 97 97 30 9 16
64 54 53 20 2 49
5 78 83 20 2 29
63 46 96 24 3 128
29 99 77 49 8 60
67 78 46 60 10 120
6 45 83 45 6 71
10 86 7 89 8 117
47 51 77 45 9 106
16 73 22 45 2 18
36 42 50 64 4 75
73 44 58 23 3 26
6 24 52 48 1 10
51 99 3 47 3 15
77 85 48 30 1 142
37 76 29 89 8 93
96 19 34 30 8 158
68 80 18 30 3 47
76 68 88 88 4 77
44 54 75 54 2 147
7 39 15 48 4 34
65 19 45 48 6 19
36 7 100 54 8 144
69 4 32 29 2 100
39 19 24 10 2 68
61 12 33 48 1 49
39 46 94 22 1 146
92 85 53 39 4 100
89 7 84 24 4 118
90 38 30 67 9 40
5 98 50 52 3 184
82 12 5 30 2 129
47 81 33 86 4 104
53 41 85 2 3 71
76 58 11 37 6 33
27 8 99 21 3 149
20 45 56 18 10 61
5 68 20 68 1 63
22 86 20 40 5 59
96 31 31 48 6 185
45 52 79 21 9 35
24 25 89 21 5 33
85 26 87 12 10 96
83 34 19 26 3 29
100 49 91 31 3 199
54 24 15 83 9 81
60 53 22 97 8 125
9 34 78 10 5 13
65 15 20 21 7 35
18 57 65 8 1 84
46 4 41 61 5 53
65 17 17 87 5 87
35 95 89 2 5 5
16 95 65 58 10 163
95 5 94 85 9 143
56 99 54 58 2 122
58 79 42 49 7 73
95 75 22 34 9 34
29 14 55 33 1 50
53 55 43 46 10 109
31 84 45 90 4 49
1 94 70 54 7 56
91 95 60 2 2 142
32 67 65 41 1 127
82 71 30 60 8 115
82 65 59 52 5 78
92 17 86 71 6 93
42 32 46 92 3 125
90 92 36 7 4 91
42 70 78 16 6 39
62 87 60 19 2 163
47 59 2 8 3 118
53 70 17 37 10 17
47 9 9 31 2 62
2 76 42 3 3 118
95 10 18 68 6 47
25 46 58 56 7 60
80 58 73 94 6 126
16 36 21 76 9 27
45 64 58 48 7 75
71 97 5 52 10 86
12 36 72 47 9 83
27 4 69 84 1 120
24 41 15 74 4 101
73 62 29 31 1 29
21 65 36 9 2 93
16 18 3 49 9 90
3 87 80 67 3 29
13 80 55 26 10 28
16 99 55 42 9 87
26 27 27 26 9 54
37 31 6 50 9 73
34 35 50 44 8 99
18 31 99 5 10 43
21 20 31 78 1 84
33 42 51 11 5 73
59 74 75 90 9 149
4 57 70 57 10 58
5 4 91 35 10 176
34 35 91 58 5 176
44 36 47 63 3 39
3 75 95 41 10 17
12 11 88 45 2 69
21 13 43 87 8 126
38 55 36 92 1 61
57 45 19 72 4 77
64 24 46 34 2 76
84 85 18 31 4 169
80 76 40 61 9 67
59 70 10 12 8 116
96 31 33 47 1 78
69 77 47 100 1 73
93 92 99 31 4 159
12 17 41 100 1 125
74 71 56 85 10 170
61 29 59 20 1 69
29 90 38 52 10 128
2 26 78 46 3 43
98 12 42 37 2 65
20 22 91 17 5 133
29 22 85 55 8 31
23 14 98 93 4 82
88 45 99 96 8 117
33 65 49 10 5 64
59 57 80 45 4 158
63 55 46 40 2 93
39 64 17 71 2 25
11 28 8 76 5 34
66 65 58 79 3 116
36 99 22 90 10 83
46 81 59 61 4 65
10 69 27 70 9 82
25 13 49 58 5 115
43 45 75 76 8 148
78 41 60 40 2 114
91 12 40 85 3 147
61 82 74 28 10 100
25 42 75 81 7 68
30 31 72 68 9 37
15 76 6 51 4 110
98 58 17 29 1 125
53 72 7 25 6 25
95 8 41 67 1 128
74 65 87 79 5 97
15 48 63 49 7 63
