100
18 44 43 34 9 358
35 35 36 34 6 100
25 24 7 32 16 104
43 29 42 5 10 270
33 25 40 24 20 177
50 35 13 49 16 150
47 30 28 17 20 418
31 21 43 7 1 390
39 44 41 22 18 356
11 25 31 20 15 368
29 48 25 10 19 214
36 34 18 32 7 195
41 25 32 35 19 306
29 43 41 29 16 443
17 16 41 27 10 337
49 9 36 25 18 162
11 37 42 10 13 372
8 29 36 39 12 318
41 45 26 28 18 262
27 32 23 34 1 400
8 16 12 48 1 470
26 21 31 50 5 368
9 16 27 45 1 378
9 29 28 33 15 198
22 30 42 15 1 399
13 41 26 23 16 395
47 40 17 25 9 348
28 35 13 23 3 287
25 29 11 37 13 445
23 30 46 46 16 343
48 50 41 46 15 288
30 10 15 37 8 305
5 7 11 26 11 234
37 49 31 22 6 310
34 42 27 39 17 114
36 21 48 6 5 234
44 7 19 33 10 443
28 25 32 31 7 164
43 43 39 6 3 329
10 24 37 45 2 181
43 25 29 26 2 149
20 38 38 39 9 103
39 32 38 6 19 270
50 26 16 41 5 131
13 18 18 33 1 456
13 26 32 39 15 146
41 6 11 35 18 394
24 10 40 21 8 130
19 35 19 30 10 146
30 33 38 17 10 406
42 28 18 33 7 170
15 30 43 13 13 476
49 46 39 19 4 461
9 49 25 7 5 399
17 38 15 30 9 292
42 13 13 6 18 347
45 14 45 14 7 329
45 36 45 38 7 310
44 39 16 40 15 260
29 21 40 16 7 197
43 22 18 22 2 334
12 32 24 16 9 373
19 12 43 35 16 289
19 23 15 18 8 209
37 17 11 20 17 407
8 17 41 33 20 260
23 13 9 33 7 140
43 16 8 24 16 409
8 45 21 7 7 185
31 41 8 34 10 399
34 45 40 21 17 205
50 35 38 16 12 210
7 9 43 50 1 317
10 9 41 21 1 135
33 6 47 30 17 430
33 13 21 15 11 249
36 22 39 28 15 289
48 15 37 46 13 112
43 34 19 28 16 403
34 18 36 38 20 206
39 5 37 12 19 417
5 37 39 25 14 426
37 10 37 39 17 113
12 34 14 45 2 154
30 36 29 43 7 462
17 18 19 38 16 447
25 44 26 13 3 301
14 8 12 9 19 374
46 29 30 18 12 464
33 24 46 37 3 495
17 42 37 45 12 117
42 40 34 43 9 443
21 37 35 20 20 147
39 33 36 7 15 123
14 45 40 36 17 356
26 41 9 25 17 205
10 7 30 12 5 310
29 26 42 44 2 425
11 9 18 38 5 107
26 14 34 48 8 272
