250
74 67 26 61 4 29
32 59 52 13 10 15
91 11 96 74 2 12
86 52 73 24 9 26
20 53 71 99 6 38
100 49 99 15 8 28
41 43 10 23 3 21
87 65 22 44 10 45
40 49 16 16 1 51
51 14 29 54 10 48
40 82 20 35 3 58
14 79 99 58 1 48
17 21 58 64 10 79
74 55 81 52 7 216
39 36 72 86 1 136
49 81 46 95 6 171
88 48 98 55 1 226
22 25 55 36 3 108
41 97 14 36 9 67
96 14 91 19 10 79
37 80 59 30 2 202
27 17 38 15 4 90
72 37 18 81 6 119
63 11 99 17 9 69
51 86 85 30 10 229
30 53 11 21 8 78
11 77 75 70 4 80
25 91 30 25 7 202
87 79 11 74 5 81
49 77 30 71 9 252
74 40 88 39 10 312
79 82 99 19 4 165
42 60 19 38 8 203
15 96 13 91 1 106
52 69 72 69 1 466
69 70 36 87 9 371
26 10 66 95 3 111
65 95 31 70 7 327
29 15 22 35 4 147
69 80 55 66 9 524
29 62 29 40 5 294
82 66 72 14 6 140
78 27 94 77 3 322
58 95 68 84 1 652
60 49 36 92 1 410
77 84 47 70 3 542
33 67 83 61 2 474
31 53 63 24 3 344
69 54 47 30 9 401
90 100 61 30 10 444
12 21 30 75 10 156
76 92 54 50 5 710
95 96 28 44 1 364
37 38 98 92 7 472
48 16 100 70 9 251
18 57 29 66 5 255
82 12 79 66 9 177
74 74 34 88 6 532
19 26 81 64 2 329
84 37 50 78 2 534
13 29 24 42 8 232
58 11 45 80 6 184
95 82 89 75 6 1402
85 57 31 94 5 519
65 69 29 60 1 464
89 76 81 24 2 421
94 47 48 68 2 807
46 40 49 40 5 784
36 85 98 79 9 618
95 68 28 22 9 406
27 18 61 99 1 322
47 100 77 20 10 403
65 95 51 69 2 893
83 33 24 53 1 498
51 94 55 41 3 762
73 83 18 52 10 377
78 36 99 66 10 827
90 12 32 43 2 248
27 72 55 17 9 381
44 72 40 48 5 740
35 98 96 96 10 687
43 89 80 78 2 1074
48 13 17 72 7 283
90 10 39 96 3 230
17 13 65 88 4 319
22 64 61 12 9 264
49 13 15 73 2 268
39 24 18 20 7 418
39 33 34 11 2 277
32 19 93 18 10 449
73 98 70 63 2 1666
97 71 54 53 4 1420
100 37 95 54 3 1042
29 77 43 25 1 599
79 30 64 26 6 579
34 27 55 82 3 655
89 60 49 99 10 1391
27 27 64 28 8 712
93 48 41 50 1 1092
89 17 50 29 3 508
58 33 31 48 2 935
12 30 22 33 2 335
58 15 86 59 8 377
63 45 46 97 5 1293
96 20 61 66 1 594
33 29 50 98 4 855
94 10 88 99 2 280
19 18 62 91 5 516
67 95 95 88 2 2154
26 27 57 22 4 650
46 85 32 77 5 934
15 55 52 58 5 455
13 74 61 12 9 413
29 13 92 21 9 386
28 53 61 89 1 849
22 14 61 15 6 412
87 43 10 76 4 285
80 83 40 15 5 427
84 66 64 42 2 1341
53 17 35 39 1 582
69 21 98 85 5 613
43 14 91 100 6 403
56 96 40 53 5 1470
42 74 64 85 2 1185
58 37 75 23 7 845
62 76 64 67 9 2131
42 18 76 91 1 565
46 17 42 57 4 610
60 11 56 33 9 423
67 73 40 28 10 868
32 53 49 19 9 567
85 58 54 89 10 1629
76 50 55 25 4 918
98 77 70 79 10 2285
34 46 48 44 4 1371
54 21 41 18 2 575
74 10 44 94 6 367
50 10 63 93 2 371
98 26 19 48 4 599
63 47 26 75 6 927
17 63 51 79 2 657
71 100 82 95 3 2472
100 70 64 85 6 2620
63 95 55 61 1 1967
47 44 84 29 4 1030
98 88 99 49 8 1788
18 67 79 36 8 760
42 66 46 34 8 1452
16 19 64 27 2 640
32 85 87 94 5 1453
84 47 42 100 7 1535
15 44 51 44 6 610
98 62 81 74 10 2600
61 99 26 93 9 1115
18 25 81 21 1 681
72 19 99 28 6 739
77 43 66 62 7 1626
77 87 61 83 4 2429
99 81 77 26 8 1014
68 25 58 22 9 941
99 79 28 82 6 1357
75 58 100 33 6 1488
46 64 82 39 7 1638
24 36 65 86 1 975
91 77 34 97 10 1574
77 93 100 42 5 2094
70 76 89 81 2 3499
34 31 11 59 2 510
34 28 69 23 6 1084
15 91 56 47 4 646
25 74 24 53 3 976
99 29 22 30 9 898
22 46 87 48 4 876
48 38 52 41 6 1949
25 70 20 80 3 995
31 28 34 56 5 1254
87 68 63 15 8 722
19 87 87 17 5 735
72 41 83 82 2 1835
35 31 91 95 4 1503
65 52 77 44 8 1988
68 49 49 25 4 1285
49 79 77 85 5 2577
27 19 45 23 1 963
90 37 50 38 6 1755
53 26 75 14 6 707
39 69 26 45 4 1171
91 34 83 18 7 995
39 87 100 82 9 1719
66 95 59 67 1 2642
77 89 24 63 9 1165
28 69 72 67 3 1344
76 67 39 40 6 2257
17 25 47 76 4 999
15 88 48 97 9 857
66 98 24 70 4 1251
86 39 74 90 2 2278
50 77 72 78 9 2287
93 38 83 33 8 1593
41 83 36 23 4 1181
17 58 23 83 10 980
71 29 15 77 10 816
32 42 19 27 6 1070
22 29 67 22 1 1096
66 80 39 100 4 2170
59 25 94 24 1 1244
14 34 42 89 10 871
47 47 35 43 5 1959
80 49 82 29 4 1526
25 29 62 34 3 1311
75 69 58 20 2 1086
73 60 49 70 6 2846
53 83 82 32 4 1827
91 65 62 67 5 3858
99 38 38 46 7 2200
35 42 72 72 6 1961
76 89 81 37 4 2040
62 10 37 68 3 593
70 42 58 23 2 1464
71 10 36 15 4 575
45 91 31 93 3 1683
42 86 18 61 3 914
81 84 58 40 8 2330
40 65 58 97 8 2025
28 24 77 53 6 1379
14 98 64 92 5 841
17 26 38 97 7 897
20 19 27 72 3 994
69 52 16 33 8 991
21 96 22 78 1 1159
20 88 75 100 8 1103
98 13 74 19 4 896
65 70 83 70 10 4548
73 45 33 19 4 1072
87 37 15 27 2 1025
80 14 76 78 1 888
43 88 36 53 6 2046
92 27 71 12 4 832
92 95 84 60 3 3828
38 69 34 12 6 674
57 32 16 31 4 926
73 50 91 20 7 1172
88 53 23 31 7 1683
56 27 15 89 1 979
65 34 96 12 1 850
25 22 73 13 8 790
69 49 69 10 6 595
65 44 93 94 5 3092
91 34 65 18 2 1321
56 86 96 89 6 4202
