300
16 7 12 6 9 741
11 6 20 2 7 2948
19 25 7 18 6 2531
2 2 17 12 10 2361
22 15 21 23 7 211
10 7 8 7 10 215
9 5 18 23 10 227
5 25 5 25 9 1915
10 23 21 6 9 1331
19 17 3 6 8 133
16 16 5 19 2 1313
23 23 22 14 8 2951
20 13 4 22 1 2357
16 18 13 16 4 1046
7 25 4 10 9 1452
23 8 3 8 1 2335
21 21 23 15 7 2872
23 18 5 23 10 673
2 21 12 20 6 10
9 25 24 23 2 1559
12 23 15 2 6 223
23 5 6 11 6 1248
22 15 23 14 10 801
4 13 20 12 2 464
24 25 16 14 2 588
9 4 18 12 9 1122
21 4 25 25 5 2057
13 21 18 6 10 1601
16 9 25 11 9 745
6 17 19 5 5 909
15 19 10 3 8 1304
20 13 6 24 8 938
9 10 14 13 8 2436
22 24 16 2 6 842
5 2 15 17 6 1136
17 6 24 18 9 2756
18 9 6 21 2 203
19 12 11 16 1 604
22 7 14 25 8 1239
13 24 15 19 10 1563
10 6 24 9 6 2339
13 10 12 12 6 854
2 13 4 3 10 1029
2 16 15 11 2 2381
3 6 5 2 7 1288
4 24 25 14 9 1384
10 22 10 9 6 2822
17 10 3 11 6 2870
17 7 23 2 3 145
5 10 11 12 3 2852
13 22 20 5 10 587
7 7 10 10 3 271
6 20 21 2 1 2232
8 7 16 7 3 1490
9 14 3 18 9 965
13 8 24 12 2 1099
21 24 16 15 5 1893
11 4 8 3 2 545
3 18 25 8 10 1607
5 19 17 18 6 2644
6 2 3 21 10 2703
7 8 12 13 2 518
13 17 23 24 3 2486
6 13 7 10 3 1208
9 9 2 15 2 1587
12 4 16 4 3 1010
13 19 10 16 5 1486
4 7 3 16 5 197
12 20 16 23 6 775
15 3 5 15 7 238
15 25 8 23 5 1936
4 6 3 20 10 580
21 9 17 24 1 2942
16 19 19 11 6 1565
20 17 11 16 10 1909
7 20 25 23 1 898
12 24 22 6 9 1034
4 13 4 5 5 2180
18 8 19 5 3 2060
21 19 8 13 3 750
8 20 21 18 4 1573
15 15 6 17 10 2476
14 17 6 3 9 1441
16 6 2 18 8 249
12 14 19 12 4 524
20 7 16 7 10 2310
11 25 25 7 9 2187
9 24 15 9 9 2475
6 24 4 22 8 2668
24 8 25 10 6 662
22 7 3 20 10 2369
21 25 19 21 7 1322
22 11 8 17 9 1838
11 16 21 6 8 1447
14 14 3 2 8 2399
5 25 21 21 6 1553
8 12 15 21 3 577
20 5 13 5 9 908
5 15 8 24 3 1266
16 18 14 7 4 2656
20 5 3 5 2 2330
13 14 17 23 7 281
11 9 10 5 10 2748
9 6 21 10 7 511
18 10 16 21 4 294
22 11 15 11 6 1949
10 13 20 22 3 2558
3 7 16 15 8 1890
6 11 12 10 10 611
18 17 17 17 6 1245
2 13 11 22 10 2363
21 16 23 3 10 191
5 19 23 23 6 62
5 11 20 7 10 1274
15 22 13 13 10 556
9 20 3 8 6 2187
8 24 2 14 6 294
12 19 22 2 1 1088
19 3 13 19 2 2826
19 8 18 19 8 1100
13 13 2 7 9 23
24 9 23 5 8 75
22 22 3 18 9 905
4 21 15 2 9 1229
20 9 16 20 7 2042
24 15 9 3 9 2623
13 10 22 18 5 2784
16 10 6 13 10 2081
2 20 12 5 5 1731
3 9 20 8 5 20
15 6 2 23 8 1276
14 17 19 3 7 749
12 22 2 11 4 2336
13 13 19 15 8 1759
8 5 12 10 1 1491
3 10 7 19 1 779
4 24 7 3 2 1374
21 9 25 10 2 232
19 4 15 15 2 165
7 12 16 5 9 1327
3 9 20 18 4 615
2 24 4 12 8 932
2 2 24 15 1 416
9 20 10 22 5 176
17 9 17 5 6 1877
17 14 13 11 6 1316
23 21 4 24 10 2714
17 2 14 12 2 1204
7 15 19 24 3 2521
17 16 20 23 10 1973
18 25 10 2 9 2808
18 21 3 15 6 60
24 9 8 7 2 2705
21 25 7 13 4 604
2 7 13 2 1 1390
22 12 14 25 3 838
23 19 2 12 2 928
8 5 5 23 9 2191
14 12 14 10 9 2724
25 10 15 21 2 1886
9 6 5 14 5 1768
19 22 2 6 1 1696
5 14 9 2 7 2776
14 6 24 2 5 297
15 3 17 11 2 2357
24 17 10 8 9 2776
21 22 21 22 5 1420
4 10 22 10 8 99
8 25 3 18 5 1281
15 16 17 25 3 413
12 15 12 9 1 2506
14 9 10 6 10 2943
12 17 5 8 6 2966
12 19 4 10 5 545
10 16 17 3 9 151
20 17 10 15 3 2265
7 14 25 25 7 1180
10 3 11 22 5 815
11 17 10 9 5 2450
3 14 7 15 8 1245
20 3 2 19 8 1786
5 7 14 22 2 1298
17 13 12 14 6 2229
23 6 25 7 4 1368
17 24 16 4 9 2992
6 23 4 25 8 2383
21 5 7 5 1 2668
2 7 11 22 7 1886
19 11 4 8 2 2619
8 3 17 22 1 1341
17 10 2 4 8 1190
7 8 25 13 4 1572
21 6 7 17 7 2312
4 11 19 19 9 2069
14 11 20 2 3 899
11 24 13 2 8 2266
6 16 13 12 6 230
12 7 12 5 5 583
13 18 17 21 9 87
17 14 11 11 7 1022
2 8 17 14 5 2540
21 2 19 24 10 2676
11 11 7 25 6 1950
12 3 20 2 5 2035
20 11 22 8 9 2090
21 15 7 8 5 967
21 11 18 19 5 2290
24 19 18 23 5 1129
22 19 17 15 7 2365
6 18 4 24 5 682
20 10 16 20 7 923
10 23 18 13 3 1847
4 24 11 5 9 2169
17 24 3 20 2 199
4 3 20 8 5 1354
15 11 6 5 5 2927
14 3 15 21 5 2097
5 18 23 24 8 844
22 18 13 23 5 2973
18 24 7 21 5 2964
8 11 12 24 6 1515
15 25 12 15 8 1985
11 18 4 25 10 666
22 24 16 21 5 1716
15 18 14 12 9 315
19 21 9 17 8 634
15 6 2 2 6 516
21 4 15 11 2 2674
3 20 13 3 8 1967
2 14 23 10 6 573
24 11 5 18 1 1211
3 2 14 7 9 1350
24 10 16 5 7 1168
7 2 17 8 1 2043
8 16 9 16 9 2920
8 13 22 15 3 1671
3 20 25 5 6 421
15 18 5 6 10 380
13 25 4 21 7 1931
16 21 12 6 3 370
25 24 4 4 10 25
18 9 10 14 2 2723
24 3 3 6 5 2755
8 17 7 16 9 2052
13 19 10 19 10 2714
4 4 9 21 9 730
21 13 6 11 8 1144
3 9 5 25 2 1061
10 10 19 14 7 1659
7 4 8 10 5 2674
15 14 11 18 5 265
3 20 10 9 9 1437
16 2 4 13 2 1817
18 8 25 8 10 2245
20 20 2 3 10 166
24 3 10 18 8 1984
17 17 6 22 10 229
6 21 8 20 8 2268
9 15 19 18 9 2309
21 8 9 24 5 1905
16 13 15 18 7 289
7 10 2 6 6 718
25 8 6 10 1 1987
23 23 15 10 4 2694
7 6 7 21 8 1528
4 25 22 10 8 2721
12 17 16 14 1 2120
3 24 19 3 4 726
10 15 5 20 6 92
23 4 25 24 5 2158
4 20 16 18 1 1335
23 12 6 18 8 2721
23 19 4 9 6 2880
22 10 8 23 3 951
10 10 14 10 9 888
2 5 9 24 3 387
25 15 8 13 7 1084
17 24 7 7 3 1097
17 6 11 18 4 361
8 8 25 24 3 60
5 12 24 23 3 1667
20 20 6 25 4 235
17 9 16 11 8 2671
22 4 19 20 10 2782
25 24 2 19 2 2257
6 22 23 8 1 2986
11 24 22 16 10 1450
10 4 20 21 1 275
20 3 17 4 10 2274
15 13 5 8 1 63
5 13 8 19 3 1792
24 8 22 9 7 856
19 8 23 25 7 1907
11 20 18 22 9 198
16 19 9 18 3 2396
11 22 13 8 9 2812
22 13 4 9 5 2017
23 4 2 5 6 1382
14 8 21 11 3 1772
2 6 19 21 7 664
