350
47 93 95 56 237 122
24 78 65 97 181 173
70 98 15 96 103 176
35 3 81 26 58 146
86 52 49 25 101 179
26 78 33 85 171 152
23 74 89 17 142 215
18 71 69 21 86 116
12 80 14 100 166 119
40 19 99 95 129 109
32 3 35 13 94 210
62 73 44 87 53 143
69 5 68 52 185 148
94 64 81 32 102 151
25 80 8 54 154 217
37 84 9 53 216 174
77 84 42 58 149 133
27 43 16 3 50 137
68 67 99 35 128 136
20 42 20 97 119 157
39 84 49 27 174 190
66 20 23 99 157 164
93 74 73 21 215 180
43 72 2 42 215 116
52 83 54 66 246 213
33 41 81 3 87 104
37 74 97 60 209 174
30 52 57 21 166 198
54 5 38 78 132 123
71 80 23 73 163 171
45 7 99 32 106 176
49 84 5 59 111 181
59 66 92 28 93 143
66 51 90 51 181 181
54 71 41 48 143 127
1 45 80 45 136 200
62 28 95 98 117 188
17 56 4 93 50 103
50 66 99 98 222 177
49 14 2 13 138 199
54 9 40 58 148 137
35 77 39 11 227 207
92 64 54 4 224 218
60 84 80 37 161 131
30 97 44 11 59 114
62 2 73 3 118 128
81 38 48 65 108 187
34 85 92 75 85 190
72 41 94 59 213 216
62 48 14 22 106 120
48 6 38 2 191 174
72 11 34 54 71 142
52 88 31 50 72 208
71 60 71 38 194 188
33 69 21 29 109 213
85 24 95 55 105 114
87 68 35 70 61 200
90 86 52 3 138 165
19 7 88 90 159 128
69 72 42 17 111 204
87 66 61 81 63 181
36 29 74 42 204 137
13 48 63 48 86 174
99 7 67 15 200 149
84 13 15 63 165 210
63 54 98 89 71 116
36 45 40 59 217 197
61 88 88 93 68 214
65 3 7 65 105 121
71 23 91 37 73 165
19 1 32 57 52 112
82 35 74 41 57 159
52 98 83 32 197 175
73 29 83 64 182 207
18 81 31 91 230 135
93 93 9 100 227 143
8 59 84 79 87 176
20 92 25 7 182 180
51 33 97 29 233 202
97 65 87 15 132 146
85 26 38 79 77 165
50 24 67 60 164 217
9 8 85 50 178 136
93 26 84 99 97 116
85 12 85 41 78 142
65 44 17 53 139 190
60 76 92 75 184 218
72 89 92 70 207 212
35 21 95 6 126 151
6 88 55 31 124 123
67 44 77 99 90 120
83 13 60 40 134 166
98 35 23 22 71 125
32 65 85 43 81 195
70 30 91 30 93 153
100 51 34 19 60 150
92 72 53 26 191 205
35 86 46 86 240 205
92 18 61 69 209 182
63 73 43 2 128 143
86 34 30 35 156 208
63 71 23 92 213 151
77 70 90 66 190 184
17 59 25 53 79 159
9 72 86 58 64 127
32 49 59 78 112 175
27 82 24 58 137 157
78 58 71 50 148 203
5 40 36 48 67 130
65 53 54 60 91 218
41 44 10 17 149 133
93 57 13 57 131 166
56 77 82 61 230 207
9 21 96 89 87 198
77 34 26 36 128 140
57 24 4 74 72 141
53 50 48 69 180 109
62 95 44 83 191 106
50 68 94 54 122 143
95 29 81 85 128 152
31 39 94 26 53 163
4 87 4 37 176 183
92 53 67 88 214 180
92 33 6 56 245 151
66 40 2 53 244 130
15 26 99 68 238 151
40 27 10 92 157 124
47 33 44 31 77 188
15 50 84 33 208 184
6 15 65 97 130 101
90 5 18 94 161 197
74 22 94 40 166 219
29 52 79 100 151 186
55 9 82 77 84 106
79 76 4 44 82 218
31 8 80 6 136 193
6 66 51 71 155 170
48 28 91 94 83 140
29 30 62 44 87 194
57 74 98 52 60 113
49 11 50 32 247 166
8 13 41 10 235 163
70 14 41 5 148 189
16 54 47 10 221 132
12 76 79 98 99 195
87 57 33 70 137 119
85 72 52 76 98 140
45 6 47 55 233 163
28 57 87 89 250 213
29 48 9 18 70 200
94 46 91 94 224 190
42 67 77 19 197 149
52 50 100 57 213 100
55 4 4 71 150 110
47 61 36 63 204 122
25 50 60 10 149 184
80 42 52 55 116 157
2 48 38 96 112 105
55 56 64 63 57 151
49 66 71 53 224 157
23 75 56 34 248 100
94 87 40 25 186 113
49 75 94 73 76 163
80 29 66 44 245 154
13 87 75 45 162 163
35 22 98 87 245 132
99 6 39 59 226 172
36 67 60 87 119 104
53 76 47 22 246 132
71 69 61 53 77 172
100 57 86 65 169 135
87 69 100 75 96 117
84 68 5 59 105 163
20 97 15 81 249 142
59 18 3 28 246 132
61 46 98 80 79 120
70 89 95 27 50 188
93 6 52 18 56 208
79 86 21 19 134 161
99 55 96 74 162 152
10 86 87 35 248 123
53 17 85 22 61 125
30 64 6 14 190 190
19 34 47 42 189 112
64 69 44 33 134 100
95 88 24 80 91 106
35 85 87 34 247 175
4 15 64 93 150 131
78 8 1 1 243 200
89 25 33 88 66 203
27 73 24 24 78 170
58 51 88 59 162 154
27 92 77 44 247 202
42 72 74 84 184 202
52 47 33 93 215 160
76 20 54 48 50 206
50 25 38 25 223 166
47 83 98 35 222 126
53 51 28 56 129 187
73 96 14 75 192 102
99 32 61 76 102 105
10 4 18 63 221 203
96 6 96 59 238 113
26 14 61 96 187 145
1 32 16 45 65 217
35 66 47 82 130 205
48 16 1 26 172 183
86 72 58 21 164 182
31 20 37 47 178 211
27 69 67 48 178 182
72 84 33 4 163 198
66 61 13 74 171 203
30 38 96 2 61 171
14 78 42 6 64 214
92 86 4 70 137 110
12 31 69 45 197 145
90 78 71 52 209 129
46 34 96 42 81 193
18 36 8 82 145 177
75 7 86 8 138 108
51 39 11 74 219 104
56 6 81 59 126 172
68 93 75 58 106 114
94 11 31 74 216 147
34 77 16 43 165 128
71 60 14 88 169 194
29 54 2 34 90 168
34 94 30 65 239 164
60 54 34 72 198 105
64 91 100 7 116 157
16 4 96 10 195 156
84 92 71 19 212 155
46 95 4 23 75 113
29 52 53 22 98 137
100 8 33 25 132 215
2 23 39 69 196 209
55 28 28 8 126 135
15 86 17 13 106 139
6 18 3 11 224 167
77 67 25 85 162 215
28 78 74 99 221 134
46 68 64 99 88 193
20 58 85 14 214 117
16 62 76 76 119 185
76 76 83 63 177 197
8 53 78 40 60 118
80 89 46 91 77 199
4 20 66 73 64 187
94 68 83 74 112 175
25 76 57 64 72 213
68 79 86 46 228 181
39 14 12 47 133 191
27 21 37 18 107 115
6 12 96 55 75 161
56 56 72 75 82 203
30 69 37 68 126 189
77 47 22 86 93 138
44 4 34 34 146 117
59 50 93 23 185 146
86 36 21 96 70 191
53 22 96 45 54 187
28 64 10 36 184 135
30 20 44 50 245 136
63 32 59 63 203 137
55 61 40 14 200 203
34 89 87 36 222 137
3 8 77 54 109 134
67 19 4 59 75 196
73 6 85 72 185 214
61 11 29 17 190 169
80 82 90 76 50 109
10 59 67 21 168 135
23 2 75 92 238 163
54 1 28 15 205 157
24 61 62 99 212 168
16 82 98 80 202 124
48 78 12 2 102 195
54 43 97 44 67 157
81 76 40 27 238 111
39 69 45 7 201 205
48 25 17 43 95 113
100 54 81 79 72 142
96 56 79 36 185 142
39 4 74 99 143 120
72 65 85 81 120 100
10 58 26 64 78 133
51 24 80 89 152 205
81 25 30 87 154 126
74 44 19 83 154 174
15 81 42 39 157 116
41 96 8 93 147 219
58 90 10 42 174 182
26 52 65 62 176 164
87 79 12 21 220 202
49 74 9 73 236 147
42 6 77 89 247 165
61 36 51 61 153 105
85 81 83 100 197 208
37 80 23 60 245 150
38 6 1 68 165 142
45 43 97 29 122 105
44 6 73 22 97 145
28 7 82 99 125 191
76 38 9 93 123 147
5 71 33 74 139 117
61 42 68 61 187 189
61 93 32 65 61 171
81 2 80 48 179 106
65 5 2 44 127 195
17 54 50 17 151 216
9 5 83 75 227 122
84 60 11 11 53 179
17 10 3 45 144 108
5 52 33 14 99 101
52 88 91 33 201 129
95 45 75 80 71 102
45 99 54 27 61 173
80 28 17 14 226 126
48 30 84 68 102 133
90 82 83 53 214 119
64 68 70 53 148 105
84 16 20 94 87 127
49 4 22 62 248 150
43 99 89 80 53 177
36 22 35 83 236 169
77 4 27 85 127 105
88 27 35 33 241 147
72 89 82 78 174 128
40 63 23 94 95 202
56 5 65 4 111 209
26 92 92 71 237 136
47 80 34 68 214 145
26 36 95 31 108 179
69 34 20 96 118 197
64 14 93 77 88 148
28 98 89 14 92 108
48 2 64 90 61 148
88 51 71 29 161 163
2 75 95 5 229 194
42 42 44 65 229 214
89 17 95 10 65 145
20 52 7 74 174 193
68 75 7 10 247 182
72 30 35 90 55 122
41 41 21 26 222 101
85 47 40 31 167 101
9 85 4 24 82 132
37 8 13 66 134 114
93 13 87 69 200 126
3 4 11 96 240 153
