500
39 40 72 36 21 2926
99 10 51 76 17 3701
87 10 72 76 39 3993
76 52 79 34 30 514
59 89 49 80 25 763
36 93 23 65 37 2565
33 7 1 80 6 1418
9 40 31 22 7 3632
90 99 11 100 43 7866
16 66 19 94 20 3889
79 89 17 90 12 7325
14 21 73 100 50 635
9 53 39 48 24 5660
83 89 51 7 24 6454
2 81 79 94 22 2452
95 23 80 89 6 2491
26 49 88 27 3 940
51 29 23 23 50 7662
78 27 37 65 45 5858
56 62 36 55 34 6144
28 93 5 91 27 1186
58 31 11 68 47 5506
94 84 43 90 35 7805
76 54 12 16 6 2305
16 4 85 1 7 625
80 9 48 60 17 6967
28 91 93 30 9 1887
61 74 83 77 44 2481
99 83 82 20 45 1515
58 15 63 27 5 4052
40 54 96 40 21 6511
87 22 39 94 33 4020
26 87 66 51 33 3821
25 82 72 78 35 7200
93 99 96 28 42 6113
36 90 55 56 3 1036
51 50 32 27 14 7087
31 78 9 19 14 1585
74 53 2 79 13 920
68 23 32 8 4 4757
59 26 46 31 0 5849
3 29 27 38 24 5610
45 20 23 37 23 5536
53 56 30 90 13 6163
56 84 40 28 46 1699
37 96 30 83 4 382
9 92 89 65 45 7471
76 100 13 88 10 7038
80 43 82 65 37 7403
68 41 31 22 8 7848
95 99 78 13 44 6089
31 48 97 15 46 4204
64 17 76 74 29 5642
81 17 77 49 38 6286
73 100 49 14 44 4176
7 58 62 7 35 1949
82 23 71 91 11 4597
14 70 38 59 18 4929
86 57 95 48 49 475
96 50 20 2 23 2754
23 18 83 47 10 6656
34 25 3 12 21 4685
7 88 48 44 49 3237
32 84 78 80 27 520
15 95 11 9 20 3549
14 96 33 80 25 2807
62 53 75 9 49 5879
40 21 53 35 29 7107
5 3 79 42 14 6783
66 88 31 70 38 4689
94 71 30 90 18 7617
39 60 23 67 43 3317
58 52 59 22 34 6323
63 7 91 85 44 5931
44 80 12 28 6 5736
92 81 49 58 37 6718
2 100 21 37 45 1455
71 41 15 99 32 5265
39 82 50 44 33 3456
97 67 38 24 46 2003
69 36 42 86 23 1234
48 59 16 7 1 7802
87 74 56 70 17 3877
30 2 98 87 43 2946
64 29 22 63 34 6284
6 1 31 92 17 5137
18 17 23 66 6 6590
15 72 85 16 21 2877
61 29 72 60 41 1418
38 46 92 97 26 5186
8 21 59 52 18 5552
12 2 58 51 39 4129
44 22 24 54 37 5686
79 17 93 96 2 286
20 3 26 97 1 7381
24 58 13 22 35 228
8 19 16 52 27 2497
47 60 32 17 44 4101
9 24 3 40 13 1446
72 39 87 67 24 3982
34 31 4 66 0 2482
70 96 62 26 47 2673
46 11 91 80 41 4190
10 27 14 73 39 3804
73 5 59 41 10 1260
43 35 14 3 0 7444
44 44 90 19 11 3423
4 10 61 16 25 3793
8 12 48 42 25 2373
21 75 35 60 4 3702
70 66 39 83 37 7699
73 2 7 26 27 1895
98 22 83 74 26 5193
2 55 14 94 29 2176
47 79 99 9 42 6858
98 40 55 31 25 6989
13 9 18 19 0 914
63 7 55 88 11 5768
61 61 51 1 33 1999
13 74 74 61 11 3305
41 84 1 28 27 5564
13 90 41 74 18 130
89 82 96 12 21 7698
26 11 89 57 40 4960
81 57 56 67 13 5736
75 95 61 97 11 6657
27 21 89 19 45 2263
6 40 5 14 11 7629
43 18 10 95 40 3347
77 49 17 57 1 5599
87 21 3 70 17 4946
64 49 22 23 35 1809
80 10 11 32 43 5773
91 9 30 24 21 2287
31 74 21 33 31 6639
24 22 3 69 2 7768
85 32 76 91 19 820
40 77 10 94 11 4422
94 9 69 14 0 7008
39 77 30 53 35 4880
94 87 1 21 38 6876
2 18 3 22 19 2654
63 61 15 72 42 2218
6 36 89 2 49 6605
45 100 56 81 12 6959
74 5 42 22 6 5395
10 23 39 70 2 4480
68 2 22 96 19 6379
89 12 74 85 18 4117
5 29 79 69 11 5036
92 81 96 6 15 1589
19 100 3 57 14 3436
40 87 94 28 0 4384
100 14 56 19 23 5944
72 87 93 33 50 7624
21 31 68 47 46 2879
36 31 73 72 49 6961
98 23 68 91 8 6236
20 39 13 49 38 825
84 18 12 9 6 6439
13 42 24 71 25 1960
10 100 39 58 40 7411
50 34 79 48 23 4780
80 37 39 25 26 5082
85 75 55 18 30 6195
32 100 100 39 28 7114
59 45 42 35 46 2164
54 54 33 85 25 5520
13 97 96 55 35 6015
48 46 98 43 14 3168
9 68 80 83 26 5835
68 97 67 32 47 3669
28 87 47 88 7 3410
50 88 80 5 27 3638
73 3 6 61 31 4228
46 66 31 28 21 4416
35 61 61 99 33 2906
54 65 32 53 10 7917
51 52 13 65 41 3426
40 100 26 28 31 1305
79 76 48 68 16 7783
58 58 26 73 46 3043
27 5 40 95 33 2251
58 1 14 40 41 1176
20 100 51 30 8 1151
47 51 43 44 30 2076
89 32 5 64 31 6865
76 78 76 77 27 3116
15 49 16 53 19 1695
31 80 98 83 12 1462
94 10 29 86 34 5164
97 87 43 81 3 4577
10 25 31 21 21 3498
76 84 66 86 31 3408
73 11 81 42 5 1279
49 92 64 53 17 6607
77 45 99 21 34 127
76 67 37 11 28 484
81 31 8 82 47 7930
44 21 84 31 0 7760
90 14 45 96 6 1572
29 71 79 52 11 2748
60 74 14 70 17 6864
44 5 17 39 17 1849
35 68 33 88 43 3731
88 85 13 33 47 3943
25 42 30 51 30 7567
24 61 58 96 6 1516
66 88 86 31 42 7446
75 3 24 3 42 805
43 77 15 27 10 5076
24 26 19 15 24 2163
48 19 3 58 10 5146
11 60 51 93 11 2844
19 88 12 5 21 2832
2 24 44 25 6 4226
35 27 92 57 14 1341
20 46 73 37 0 5992
77 57 24 94 3 3510
40 25 53 84 44 4043
46 73 47 64 41 1850
15 13 91 12 13 725
96 42 45 98 22 7372
26 21 28 68 35 5403
17 46 87 94 9 5444
18 73 31 61 41 2184
39 1 39 11 29 7586
69 64 9 68 31 4192
37 36 12 93 23 1901
58 16 81 29 37 2169
18 75 17 89 18 3273
57 18 57 45 50 7673
1 46 48 28 28 5418
52 74 52 100 5 4354
93 71 9 6 38 2758
10 98 49 64 44 1234
82 14 45 60 33 3221
70 8 17 85 44 6810
81 65 61 63 6 5344
61 97 15 66 4 1274
84 88 90 23 6 703
8 80 78 76 49 3954
52 13 84 13 23 5250
72 81 9 57 24 2340
30 39 69 58 27 281
28 64 93 19 25 2055
98 25 34 23 11 5829
49 9 98 23 18 7569
2 8 82 74 9 6412
27 38 38 17 50 2025
31 71 68 88 50 2541
71 30 56 22 26 665
51 1 12 82 21 3161
12 74 83 18 24 5376
28 25 57 52 26 1602
58 65 76 4 44 4926
36 1 3 90 7 318
39 10 74 64 45 7888
61 72 23 25 21 325
31 92 27 87 35 3462
70 35 29 27 38 7194
9 34 7 58 2 4153
75 61 34 76 40 4913
65 53 95 76 43 4792
75 6 91 62 27 7227
13 73 7 87 43 7731
19 25 94 51 48 7650
85 96 30 31 42 6770
10 82 92 86 47 704
65 12 39 85 24 5376
85 43 39 37 2 1335
38 61 5 86 1 4045
36 18 4 54 16 7556
56 94 87 83 6 4589
89 61 88 38 12 5982
58 50 6 4 27 7064
91 16 46 9 4 4038
58 14 6 52 8 7861
19 83 84 88 33 756
58 58 7 100 2 1126
48 65 38 14 44 7020
90 16 66 67 29 7911
74 71 20 69 44 1569
35 60 59 81 14 3241
68 91 85 79 30 2762
93 29 8 64 27 2263
78 71 95 97 36 5092
92 96 22 20 33 6669
52 26 96 17 26 5796
91 8 25 79 35 6535
95 23 89 29 50 1898
59 86 68 68 46 1868
69 75 100 16 10 1600
34 96 67 22 3 2841
34 22 89 10 32 3422
51 66 99 55 39 1555
61 58 34 64 22 4616
75 49 94 98 43 7087
71 68 58 49 0 3902
64 59 1 69 18 3777
27 76 83 68 11 5789
37 9 93 32 42 6247
67 53 29 100 19 5019
91 91 57 6 23 824
17 97 7 24 4 3590
9 3 99 33 14 3911
20 16 35 4 0 1770
55 18 66 88 16 7711
2 60 78 25 50 4866
92 42 79 60 13 881
92 65 94 54 4 7075
84 65 17 52 9 2046
94 37 98 91 11 6867
99 62 49 60 22 3065
21 12 100 19 6 6594
40 56 41 55 31 3549
3 70 37 61 26 5851
43 8 84 68 32 3740
30 71 72 26 22 3889
76 70 97 80 33 7959
58 82 43 52 22 800
93 37 97 83 1 5630
62 98 37 90 4 3182
29 29 96 80 27 7763
54 23 96 12 13 4430
86 100 8 97 7 6762
20 14 52 18 3 5501
45 45 76 83 2 699
85 59 57 24 36 6882
41 30 24 28 41 5557
86 69 83 29 3 7181
94 4 1 76 44 720
74 8 57 7 13 6009
50 78 8 88 5 7176
50 28 97 41 30 964
83 97 77 22 25 5857
7 6 61 65 30 7666
62 84 73 72 42 2119
53 42 28 74 7 7837
20 90 5 74 2 7966
13 46 12 54 0 6935
59 73 42 3 29 4527
58 40 70 66 7 1599
48 63 37 65 29 2994
26 48 35 39 27 2956
99 18 13 14 9 4989
54 32 84 10 7 3521
58 96 66 36 42 7920
3 67 20 18 24 5787
37 77 64 33 8 4872
11 100 20 50 38 7825
62 15 43 41 30 5239
26 86 18 52 39 4353
99 46 90 35 18 4223
13 27 57 19 31 5976
36 53 67 44 39 7612
7 83 86 68 33 4913
16 72 84 14 23 7631
64 58 18 9 13 4736
61 74 88 31 25 3073
24 2 92 39 26 2303
64 62 86 11 7 339
73 47 59 10 1 1684
66 44 35 44 33 466
97 71 38 57 43 2901
91 12 69 17 18 4372
17 25 13 69 23 847
97 54 9 93 27 731
71 20 69 61 14 3256
92 59 83 3 23 4380
19 28 13 39 23 3406
14 61 48 61 3 382
32 36 87 89 47 7757
40 18 77 95 19 5738
18 7 62 95 32 4552
48 34 93 38 29 6197
43 31 11 55 36 6855
64 72 55 61 14 6084
40 83 17 38 49 2283
80 46 41 76 20 5623
49 63 15 16 13 4882
27 40 40 32 1 1118
91 34 77 81 12 3777
71 69 69 25 41 1035
22 10 33 66 20 7183
83 56 1 18 35 7810
4 58 70 33 22 4773
44 33 3 54 35 6190
97 46 38 23 37 493
93 85 34 28 40 2820
38 7 95 90 48 3048
34 37 35 79 10 808
55 24 3 25 10 1141
97 59 96 55 41 1590
48 82 41 27 1 6488
28 71 54 23 4 2454
89 86 78 37 45 7980
15 78 12 10 7 1565
80 97 74 72 17 2945
30 82 35 64 17 5824
9 25 35 6 27 1684
17 12 66 49 33 3792
68 53 90 42 35 6961
26 75 6 88 49 602
28 70 42 63 7 4453
12 73 94 22 12 1153
40 32 100 22 7 4472
25 92 45 24 1 3284
91 61 62 39 32 7834
30 65 23 6 7 5243
94 23 76 38 8 6453
79 92 59 45 26 7884
92 62 86 74 11 4104
7 5 94 71 2 977
86 31 70 11 28 4255
48 8 23 60 38 1064
91 48 55 2 27 4315
20 71 9 39 5 4220
61 84 74 40 9 2290
49 94 5 13 24 5090
22 55 75 26 34 1009
52 66 65 54 26 609
6 62 78 29 12 268
50 96 46 64 2 4591
41 3 77 58 49 2320
31 47 50 51 18 4589
38 2 59 15 7 5944
82 13 32 34 41 7992
87 37 25 24 33 5706
29 54 7 64 8 4249
60 71 68 14 33 3210
47 89 100 15 7 7995
2 80 21 27 10 803
55 97 61 46 26 790
71 99 8 87 22 4504
58 83 57 94 29 4950
78 66 53 29 11 5616
8 67 63 11 44 5660
32 33 70 74 40 2233
9 92 55 17 35 4991
74 2 91 18 16 3935
6 88 30 70 32 4418
58 18 72 95 4 1072
96 33 31 63 49 1719
67 17 24 2 23 1670
84 20 98 62 34 4027
69 82 9 44 5 7419
76 40 74 1 49 836
48 9 42 40 37 2446
10 43 93 30 46 2025
48 65 6 26 29 4587
27 80 37 29 20 3232
89 27 84 60 30 7349
18 61 38 46 14 3313
97 50 81 40 22 472
94 64 70 32 5 111
3 30 87 78 29 3368
79 81 48 100 50 480
59 23 51 36 18 6361
45 62 14 2 35 5323
13 5 41 26 36 7455
58 1 76 26 15 5575
54 97 53 42 13 1814
70 58 40 93 5 2382
48 86 65 27 8 5197
4 38 64 8 29 2891
5 61 84 100 46 4820
49 80 47 6 5 3499
50 96 84 57 32 3165
44 74 93 51 19 760
87 20 34 4 12 6205
80 2 21 34 41 4661
66 53 85 100 19 7680
98 98 55 49 10 6089
36 93 73 80 47 2974
62 84 57 44 17 3705
72 79 3 51 31 2293
88 8 80 94 2 4278
47 55 25 42 11 8000
4 94 3 29 47 5970
72 59 49 20 41 346
22 9 61 32 42 1305
16 79 58 1 50 4813
100 96 77 35 25 6864
98 5 10 86 9 1869
34 87 98 13 27 2040
39 20 28 17 17 6556
93 33 55 8 31 2655
44 64 88 52 50 5697
30 99 73 29 26 1246
82 49 17 100 44 978
5 100 85 64 33 7949
49 90 65 81 40 3561
55 24 93 89 29 7199
75 91 57 53 34 4624
64 65 41 20 42 4039
4 46 22 82 25 4905
43 93 76 64 13 3522
99 26 97 48 40 470
97 94 54 100 6 7431
