450
83 27 27 47 54 190
8 88 20 69 123 110
54 72 2 62 249 159
28 69 39 97 145 181
58 95 46 56 149 113
83 51 23 63 186 142
77 46 36 38 68 151
56 49 29 13 237 145
76 72 39 29 196 189
31 2 25 16 86 115
46 87 27 88 66 108
5 39 68 90 116 133
76 28 20 65 227 196
21 47 14 28 206 144
33 84 19 5 123 121
52 56 80 29 118 121
62 33 2 75 135 138
76 25 34 89 160 155
22 58 7 20 248 144
97 37 72 67 152 106
61 44 77 5 168 156
21 91 46 9 50 187
26 15 61 72 195 133
41 67 59 14 78 142
74 18 12 4 235 172
11 33 32 91 97 172
78 78 25 42 164 188
15 40 43 21 75 186
27 66 58 74 143 135
96 76 98 62 84 162
13 85 57 80 56 163
43 20 48 17 102 126
52 80 91 64 161 108
14 54 95 39 122 141
92 16 3 78 100 130
100 11 20 92 150 151
27 73 28 12 117 147
17 81 42 79 230 165
32 78 40 100 66 161
16 14 66 95 75 191
61 16 69 70 53 167
63 20 26 36 223 146
12 97 58 30 197 109
50 20 57 29 123 199
51 61 31 46 174 177
99 15 89 67 242 124
76 97 23 100 189 157
89 17 22 33 130 131
39 33 25 10 108 115
79 48 98 3 85 159
28 46 41 6 161 166
42 7 99 4 79 170
50 52 87 17 76 117
27 43 2 72 144 113
67 6 36 29 118 156
33 77 88 92 104 107
94 25 40 41 223 117
33 70 22 86 219 137
9 19 41 86 235 149
78 44 76 14 125 137
12 2 88 2 108 125
39 97 36 79 204 176
54 68 49 60 164 138
91 25 38 80 192 174
5 83 53 16 136 183
84 38 71 83 123 172
91 98 30 37 235 166
38 91 29 15 57 119
52 99 74 61 83 193
56 92 78 90 147 156
90 37 8 27 61 123
95 19 72 21 102 173
5 88 19 39 226 172
13 82 20 10 117 160
19 43 96 40 226 109
96 63 53 47 95 146
92 91 6 65 118 182
74 19 47 68 94 128
61 26 77 95 236 155
61 79 13 61 209 168
34 81 39 53 66 150
17 82 80 20 193 168
99 21 13 59 86 101
97 83 74 8 240 195
41 9 35 51 213 185
3 75 87 74 66 117
91 31 50 71 131 134
78 71 98 87 57 153
70 70 97 28 91 176
67 3 41 61 165 104
99 36 38 19 247 157
32 27 63 77 211 157
98 89 36 14 148 188
73 38 95 98 68 104
29 60 88 30 138 127
67 12 74 74 119 122
5 64 39 14 126 122
85 98 12 97 96 141
10 92 2 28 106 117
57 51 54 99 198 136
33 5 8 67 79 180
81 11 70 30 147 118
16 65 16 25 105 139
68 21 37 74 66 115
19 15 55 7 212 171
8 83 97 17 53 144
97 79 76 95 236 144
66 78 13 69 171 186
29 4 61 53 125 163
71 11 82 62 173 118
76 39 81 6 131 168
43 22 2 51 61 107
83 70 41 62 129 173
70 56 60 47 232 197
100 45 63 42 147 124
79 82 82 81 121 187
42 62 78 86 52 168
76 94 91 18 67 192
49 40 34 38 166 101
28 59 28 60 92 150
23 44 55 38 91 163
4 88 23 91 99 151
92 23 93 60 80 140
87 35 44 89 219 100
50 18 67 11 136 138
10 23 80 15 118 132
88 27 15 64 62 159
99 83 47 86 212 102
22 24 78 94 113 153
76 89 92 50 151 141
44 52 87 58 154 139
15 20 47 30 52 181
86 80 76 53 200 111
60 2 31 22 228 105
9 63 97 90 99 144
37 37 6 99 183 133
38 34 25 27 186 117
69 4 76 60 62 113
60 40 58 14 102 103
22 54 16 44 245 120
18 13 91 18 230 117
97 40 23 72 161 148
58 59 85 11 225 161
90 1 34 76 114 152
94 78 11 19 70 189
27 98 99 55 82 189
93 23 2 47 192 174
77 45 88 39 237 183
48 9 44 91 173 159
78 48 89 93 204 130
15 13 39 86 59 174
39 66 13 84 189 162
83 36 93 74 117 183
69 73 11 7 202 174
68 51 25 32 135 187
5 7 38 46 117 181
87 83 7 43 218 154
14 51 75 9 104 144
78 39 86 96 77 131
35 3 42 54 134 113
73 18 76 22 76 156
39 59 93 63 100 177
82 33 93 7 152 111
2 26 90 68 145 190
73 24 97 50 146 190
40 63 53 4 186 145
5 79 29 88 89 130
93 21 25 44 98 182
30 82 1 40 78 127
74 58 58 70 180 156
17 5 18 22 224 121
71 67 88 86 97 198
47 42 40 86 248 153
4 39 97 25 173 110
82 52 12 94 133 132
30 38 55 39 110 113
40 48 57 37 67 167
43 44 89 67 87 124
98 33 24 36 124 133
46 14 48 64 230 132
19 93 22 90 106 106
21 34 44 27 95 155
69 67 6 66 105 131
5 23 52 27 205 130
31 11 52 8 63 132
88 20 31 56 168 128
13 26 54 6 214 184
21 29 39 9 187 189
32 41 90 55 230 138
38 50 76 89 150 108
34 60 74 10 141 112
88 11 11 16 100 179
31 42 90 33 115 172
12 41 11 84 74 194
23 8 10 10 180 133
15 67 12 91 210 177
97 81 52 72 150 112
59 16 88 63 171 179
5 50 87 61 72 103
3 88 5 39 230 180
42 57 89 78 243 110
47 42 88 2 103 119
21 43 10 3 88 156
20 85 31 67 207 123
93 69 49 93 129 112
69 42 20 28 111 179
69 59 37 36 88 195
55 34 45 57 80 124
96 69 15 55 80 140
95 57 13 96 178 106
79 19 41 66 59 111
32 70 4 7 74 180
82 100 5 9 59 101
66 1 64 4 67 124
10 49 14 57 153 126
51 95 93 81 102 187
87 48 19 35 212 105
37 28 51 84 190 112
71 86 52 11 120 199
69 27 33 34 148 128
99 58 33 57 179 175
1 21 81 13 137 129
76 84 51 43 77 184
59 12 55 54 147 179
43 46 80 40 149 141
85 53 84 100 102 167
36 93 21 88 213 188
50 46 5 86 235 185
26 33 25 70 137 111
15 94 21 92 160 160
66 84 67 21 61 105
46 10 45 39 175 131
96 18 46 35 77 131
6 81 94 27 244 145
43 7 92 10 155 131
26 44 72 49 223 186
6 51 97 10 93 114
78 15 98 95 221 169
67 21 71 33 175 122
94 72 40 95 81 127
54 47 28 21 54 102
67 23 77 14 69 147
34 27 23 72 181 180
12 58 99 71 227 164
12 86 77 40 227 114
12 47 76 7 170 147
50 4 25 81 179 141
58 94 28 18 57 128
99 41 49 18 127 159
54 33 44 42 108 135
80 82 69 62 110 117
53 71 41 56 235 121
36 97 16 52 141 106
24 50 26 9 148 112
27 12 12 12 193 180
24 68 31 47 206 170
33 34 32 88 206 105
4 40 100 17 117 155
100 78 51 8 95 113
25 60 46 71 201 180
69 49 28 64 241 177
31 31 86 24 59 117
61 12 65 75 183 132
49 96 22 75 241 114
100 45 1 59 141 198
43 58 10 48 110 179
25 15 99 64 182 190
51 16 39 26 141 113
7 65 20 37 174 185
75 36 18 59 52 178
91 58 1 48 182 190
99 46 50 39 249 139
45 28 100 100 112 144
30 64 15 72 84 117
38 91 11 4 228 113
67 60 77 60 91 188
52 50 64 21 165 157
39 43 54 97 153 165
61 85 66 71 142 178
76 49 44 85 70 142
46 64 32 91 64 184
19 79 45 96 109 126
4 30 30 63 143 122
82 21 83 24 233 150
63 44 47 40 192 158
73 45 14 82 99 199
18 77 36 43 71 188
52 34 77 87 239 151
99 84 14 62 235 118
95 52 31 96 131 141
74 43 45 22 94 123
94 66 26 3 63 172
61 47 56 77 224 196
99 55 55 2 66 152
27 5 64 22 51 174
26 5 16 37 79 106
24 9 26 10 137 187
97 4 3 84 194 109
82 94 46 63 85 101
61 95 91 45 222 103
51 57 43 24 129 173
94 18 81 55 227 142
18 90 79 47 169 193
14 32 75 63 95 192
17 57 82 54 187 189
83 15 85 58 210 151
25 55 93 3 85 142
47 4 10 49 200 106
68 81 8 6 65 176
15 55 95 2 154 113
15 20 28 45 63 181
46 98 32 39 69 171
81 45 70 1 134 149
41 46 81 51 98 178
13 46 19 34 131 135
56 74 35 51 128 188
81 23 10 8 226 154
39 55 91 36 110 111
15 43 95 12 240 143
30 40 69 8 245 195
8 63 84 72 89 170
79 16 62 66 135 102
75 4 6 15 241 110
42 32 88 44 146 179
13 87 99 52 211 111
4 25 97 52 89 109
22 64 45 32 98 133
60 42 61 23 50 104
20 24 74 97 51 100
10 8 54 94 63 152
51 26 48 56 121 164
63 86 21 22 233 108
6 70 68 53 96 145
36 89 19 37 247 118
10 27 71 19 156 177
94 92 84 12 171 101
60 98 87 88 164 174
68 40 61 62 205 119
84 99 79 69 166 187
6 15 11 41 220 102
88 77 74 76 51 153
49 86 32 50 168 196
16 65 36 80 65 129
38 6 81 43 53 119
82 42 97 47 171 183
20 19 62 75 116 172
61 85 50 80 164 132
95 72 64 95 227 109
87 5 74 16 181 169
49 30 16 82 189 129
39 37 65 91 233 126
30 63 56 26 237 153
64 16 58 13 157 155
39 37 64 96 146 171
25 52 28 22 172 170
51 79 16 98 227 126
16 76 50 79 201 167
59 29 53 49 243 140
47 52 5 97 88 148
68 90 48 31 120 114
60 24 28 51 240 180
91 33 99 4 194 102
5 39 62 47 127 134
41 44 30 31 149 127
48 9 98 19 140 112
87 20 51 45 177 181
9 28 34 44 206 121
64 61 2 12 227 171
53 99 43 16 243 181
64 54 57 6 114 106
59 36 67 13 174 117
33 27 95 22 220 180
94 61 34 9 228 130
91 12 99 21 110 138
38 42 17 78 54 134
100 43 68 13 205 116
6 59 78 23 201 135
88 39 28 71 161 191
55 42 20 40 244 199
88 76 85 68 189 102
55 99 18 72 247 163
60 94 66 46 169 110
99 20 12 22 209 156
92 66 98 17 163 177
54 52 33 84 83 123
90 84 37 26 136 155
73 87 5 49 109 134
48 85 84 74 163 163
6 47 39 22 117 109
91 18 73 92 147 197
75 96 43 83 157 158
59 18 27 9 173 120
31 47 98 3 140 131
41 8 61 33 249 118
79 52 42 34 221 185
51 20 18 72 188 131
22 3 89 45 182 134
45 67 3 6 55 194
35 76 74 17 71 174
14 6 51 17 204 134
10 91 83 41 238 140
99 9 93 80 171 166
53 79 16 10 206 134
18 42 100 2 75 139
89 54 51 6 152 198
20 97 43 46 70 167
98 33 79 7 118 123
13 20 86 99 234 186
32 25 79 76 115 180
53 72 24 53 162 165
37 26 49 72 151 111
76 44 4 71 73 115
5 27 14 74 243 199
42 6 37 100 192 129
77 2 62 27 247 162
61 79 78 80 80 121
23 89 34 9 198 190
18 62 58 76 158 172
86 72 36 77 113 174
73 9 13 64 96 133
75 26 23 58 180 102
92 6 37 91 51 193
15 62 40 49 149 199
30 41 99 28 123 199
8 12 23 74 129 176
92 36 14 86 92 135
73 12 43 30 161 105
11 68 12 6 212 103
94 42 48 20 102 122
62 16 47 5 247 121
40 86 26 40 113 125
75 58 75 12 112 110
73 25 94 39 105 194
39 91 4 1 56 161
9 20 81 59 150 113
97 65 44 53 187 187
29 12 35 59 212 161
74 12 85 2 221 165
75 17 58 91 238 165
89 38 75 89 133 129
38 32 99 14 161 176
45 41 51 99 62 164
67 69 96 34 235 170
24 64 29 39 156 181
97 6 95 90 221 172
29 56 49 16 65 114
61 52 26 96 203 131
49 88 9 47 236 123
40 85 88 63 142 195
19 68 56 60 143 122
