200
18 20 27 38 9 185
30 47 24 18 15 271
9 39 25 49 1 154
24 47 7 14 3 391
43 36 18 41 11 108
23 27 43 43 16 203
32 37 10 12 14 314
45 13 43 30 4 197
24 35 32 46 11 395
44 40 40 34 1 248
5 18 14 38 12 382
43 33 46 27 9 223
9 35 10 38 11 463
42 22 49 38 20 352
24 50 14 33 11 264
15 23 45 15 4 460
9 10 45 23 19 392
7 34 6 41 5 109
40 9 45 25 5 480
19 44 18 11 14 406
18 41 6 34 12 162
42 22 23 23 1 295
16 15 10 23 3 385
12 47 17 20 20 405
30 15 35 42 19 355
46 50 15 30 7 146
25 21 50 37 7 221
46 23 8 7 3 230
40 17 43 22 18 376
45 17 18 5 13 168
30 18 29 29 20 196
29 5 39 6 16 179
30 22 18 15 4 126
46 47 9 47 9 359
26 43 38 33 5 334
11 17 21 47 5 214
8 31 16 15 1 340
48 39 46 48 9 489
10 44 14 44 13 392
41 26 39 12 12 466
39 7 6 50 8 354
8 30 48 43 8 222
29 17 32 24 2 415
44 31 49 26 11 439
42 42 23 28 14 176
39 41 43 45 6 426
43 17 31 18 8 494
15 6 20 46 11 432
34 20 17 8 5 156
37 28 26 50 8 353
43 17 24 21 10 450
37 50 24 5 2 183
43 47 50 9 12 152
28 22 24 37 13 368
35 29 47 40 16 213
37 14 30 27 13 314
16 18 13 14 20 191
45 17 16 22 9 151
45 40 22 47 7 417
22 11 40 45 2 267
34 7 32 22 3 429
5 49 30 11 3 244
5 21 46 28 3 117
31 36 43 26 7 344
43 15 9 18 9 429
40 12 32 50 11 174
43 46 34 31 11 266
12 46 35 32 2 294
24 8 21 9 2 332
28 23 24 49 12 488
17 29 5 50 6 352
46 8 50 37 7 112
35 33 43 38 8 271
45 40 29 49 13 206
15 27 17 5 18 405
9 35 10 35 14 368
5 41 36 32 15 204
37 37 8 27 5 326
41 26 29 15 16 497
39 21 27 36 14 435
12 47 50 42 18 130
16 34 41 28 10 175
49 10 5 18 14 373
47 10 24 32 3 384
36 49 22 32 15 149
41 34 13 41 19 319
22 30 5 33 14 378
38 6 5 32 7 371
44 39 19 13 2 290
35 24 12 44 3 334
48 45 39 6 14 497
22 36 32 5 18 281
35 11 33 47 20 336
24 35 9 45 20 277
47 14 50 24 6 389
20 17 18 37 13 412
20 11 13 50 11 316
48 14 30 34 16 318
33 7 42 36 15 277
9 48 46 44 11 179
45 12 30 11 9 126
19 24 44 25 4 299
19 10 11 29 17 472
35 15 49 29 8 380
49 22 44 40 20 300
45 27 46 5 2 426
11 23 19 20 16 168
15 11 27 37 3 158
45 29 46 32 13 287
46 36 37 37 3 181
12 30 28 46 5 339
5 12 15 22 13 394
25 49 22 49 8 280
50 21 25 28 19 218
7 31 42 7 19 232
15 37 24 17 19 208
11 18 21 36 12 475
42 24 33 27 5 224
8 13 36 12 9 114
50 18 50 48 7 482
9 39 15 31 1 296
41 47 41 28 7 198
33 6 6 37 2 483
30 41 15 25 8 270
25 27 34 46 7 389
26 16 25 7 6 480
17 43 46 48 1 242
36 41 38 22 2 233
38 30 33 31 7 260
10 21 36 44 11 134
6 25 24 8 15 331
21 32 27 24 5 386
22 44 38 8 15 183
26 35 33 42 4 452
26 26 7 32 19 106
28 50 35 17 2 364
19 34 20 31 19 410
47 49 9 37 6 404
30 44 50 33 9 226
16 14 11 26 1 323
49 48 28 39 16 278
35 22 38 24 10 457
29 50 26 12 9 485
27 46 23 35 1 142
27 42 11 18 14 384
43 22 32 30 5 435
36 20 41 12 16 497
29 30 15 47 16 394
47 16 48 13 3 224
7 9 23 48 12 330
28 38 25 31 11 330
7 8 50 44 13 303
5 32 15 11 9 305
20 47 47 45 4 446
23 16 36 36 8 284
49 6 34 25 5 211
40 27 47 39 6 167
47 39 34 28 4 156
47 37 27 45 9 348
19 32 41 15 14 488
13 15 48 7 20 473
48 6 31 11 8 205
21 41 26 14 9 367
20 36 45 7 16 373
42 44 45 8 20 398
14 19 36 38 2 446
43 23 27 36 13 165
24 35 13 45 14 346
28 23 48 17 5 296
38 35 47 38 14 435
26 14 35 19 9 422
7 48 41 41 9 447
34 28 46 41 7 263
24 25 50 33 7 264
38 24 33 45 17 300
31 49 17 23 5 369
16 50 45 38 12 123
48 33 31 43 13 348
39 47 38 15 18 371
13 18 14 27 2 305
46 27 47 9 9 165
12 16 35 13 16 437
42 32 46 9 16 220
48 9 32 49 5 495
13 27 45 39 4 462
11 8 16 8 10 321
29 28 9 28 7 214
6 30 33 49 17 456
22 25 32 14 11 427
6 24 20 28 20 437
46 14 27 11 10 346
16 25 27 32 19 169
39 24 48 11 14 286
27 33 42 28 19 165
34 49 7 21 20 291
32 45 42 20 1 431
8 17 46 11 12 294
35 34 26 49 2 352
48 12 14 16 9 444
26 38 22 35 10 125
