100
18 47 38 11 60 45
9 41 6 33 80 925
12 39 29 37 80 406
19 27 19 27 70 261
12 45 22 33 60 274
35 8 49 26 60 999
30 32 20 5 50 927
12 33 13 6 90 54
21 8 32 34 60 77
18 36 37 36 60 676
29 49 9 32 80 928
26 46 48 10 80 117
9 44 38 8 100 967
29 31 37 36 90 71
42 6 11 48 50 251
9 43 49 50 100 135
22 7 34 48 70 858
5 12 24 39 60 732
23 42 37 8 70 34
32 6 23 42 80 364
18 10 21 28 50 716
42 21 23 43 90 566
8 16 35 24 80 28
28 9 10 49 70 142
43 28 31 18 80 364
39 5 10 34 70 524
39 19 26 35 90 677
11 37 36 5 50 837
38 44 8 30 50 926
35 46 8 26 90 920
18 43 28 29 60 87
20 22 20 9 80 128
24 31 23 36 50 433
5 47 40 6 100 677
18 46 42 39 60 331
10 25 24 5 90 703
25 15 22 19 90 727
18 30 49 21 90 322
38 19 18 18 90 213
42 42 24 50 50 975
42 46 22 13 50 785
29 48 44 12 70 13
34 40 22 27 60 971
12 30 49 10 80 629
33 39 34 7 90 777
41 40 12 8 70 762
42 22 12 19 90 72
12 44 42 17 100 843
8 13 44 27 50 424
40 20 45 25 60 141
46 28 40 26 60 420
28 6 38 24 80 810
15 9 33 20 50 390
36 42 43 26 60 228
14 28 40 36 90 741
48 29 50 12 50 733
16 28 38 29 80 81
7 14 12 39 50 520
41 31 48 34 70 764
36 44 47 19 100 237
40 40 13 40 90 367
33 16 34 9 60 910
21 32 46 44 90 776
18 21 10 38 50 971
31 29 19 8 50 443
40 28 37 30 100 726
24 45 14 25 50 249
23 33 31 16 80 242
21 14 47 37 100 575
22 28 19 9 80 406
44 15 38 9 90 77
28 18 47 7 100 37
48 8 31 22 90 870
11 44 5 31 60 941
16 26 7 35 100 599
44 28 24 22 80 687
28 13 32 25 90 806
36 9 22 9 70 697
35 42 19 50 50 146
22 45 46 22 100 774
49 44 34 13 80 408
27 34 31 23 90 762
22 43 39 48 60 508
11 48 30 47 90 896
46 20 7 27 100 593
38 11 27 27 70 262
9 14 16 29 100 278
33 13 5 32 100 533
8 41 6 15 60 475
20 29 39 6 50 444
36 14 42 39 70 734
20 15 37 16 60 196
9 16 32 22 60 978
34 20 36 9 60 317
17 34 7 29 60 477
19 8 41 38 100 677
8 26 37 14 80 720
22 42 29 47 60 109
34 9 9 12 90 828
38 42 24 36 60 568
