150
38 28 10 30 13 491
6 40 7 37 3 433
35 15 27 36 8 343
8 43 40 18 15 142
39 15 7 33 8 395
40 17 14 45 12 452
19 14 33 14 5 123
31 26 32 35 8 315
24 7 43 17 8 338
46 48 20 19 15 115
43 10 47 23 8 135
21 9 35 11 6 280
47 12 28 17 19 358
19 22 18 17 3 336
8 27 50 18 14 267
11 37 5 8 19 166
17 14 40 12 1 161
37 9 48 42 20 115
7 24 21 34 19 281
37 7 39 50 8 377
24 11 46 25 2 104
25 26 33 33 12 437
15 7 18 14 3 344
11 41 7 28 9 495
29 10 21 27 17 255
29 36 41 42 14 252
35 11 45 5 18 155
42 48 45 47 19 267
8 7 18 23 7 307
50 9 33 34 15 483
24 40 7 9 1 349
8 17 44 31 19 335
47 42 41 26 18 307
43 18 50 39 6 126
35 31 16 9 16 228
50 21 26 20 5 457
36 10 48 19 1 156
7 23 11 50 20 104
16 23 44 50 7 462
16 32 49 43 19 356
26 35 22 40 9 374
8 35 38 7 11 186
21 45 48 31 2 303
38 21 21 10 7 398
47 28 24 18 3 385
45 25 19 23 1 186
30 25 17 19 3 169
21 38 18 14 16 267
34 21 24 7 9 462
49 28 34 29 12 412
9 47 16 43 3 247
17 7 11 24 5 136
10 50 11 50 8 200
18 35 35 31 13 329
35 39 45 5 9 415
10 25 14 49 19 141
5 28 45 25 13 212
11 17 44 42 14 328
35 15 9 41 7 195
8 37 41 40 19 433
18 45 24 37 10 160
35 15 15 16 1 212
42 24 38 41 1 213
31 21 26 25 16 208
29 40 35 43 4 341
30 31 49 23 18 217
45 30 46 18 11 471
36 34 31 16 11 481
32 38 30 17 10 290
43 13 47 25 10 391
42 8 14 14 18 461
23 19 30 36 3 177
13 13 22 41 6 102
9 37 43 17 3 310
39 48 33 16 17 165
14 8 8 9 9 270
35 20 48 14 7 468
22 37 22 47 2 318
26 40 14 12 9 178
31 20 33 23 16 371
41 34 12 11 3 408
24 32 31 33 7 335
20 27 10 30 16 418
33 47 46 43 13 255
46 23 40 28 10 471
14 45 50 25 17 175
21 26 5 42 4 242
35 27 38 41 13 488
18 35 49 19 19 171
24 46 43 14 12 182
17 18 42 23 11 451
5 12 48 26 8 198
47 20 34 12 8 117
36 11 47 10 2 487
40 33 45 14 8 376
38 25 6 27 9 273
32 42 34 48 19 247
46 7 14 29 12 298
18 22 6 7 6 168
36 12 35 49 6 123
7 34 40 16 14 479
5 39 50 12 18 170
16 13 26 27 6 496
8 9 32 8 20 421
5 28 14 37 13 356
27 20 50 48 15 369
45 47 30 48 6 208
28 25 5 12 2 321
39 31 13 30 5 149
36 5 48 8 1 499
16 21 38 33 7 360
11 36 28 9 13 337
44 37 8 40 12 387
30 11 20 18 20 118
11 22 15 27 3 240
30 47 16 7 15 188
8 24 30 46 1 372
12 38 36 47 2 410
11 10 39 37 17 302
33 13 50 9 6 459
17 24 18 32 7 156
34 50 15 32 13 250
34 14 18 37 5 425
17 10 40 25 19 422
34 26 5 26 9 272
26 48 16 35 12 257
25 11 14 9 15 223
41 5 18 20 9 151
9 23 48 48 12 277
42 22 28 25 3 314
9 27 29 27 1 150
50 39 6 10 11 271
47 21 33 14 17 473
46 43 30 24 4 222
50 6 9 7 9 189
11 50 37 39 15 339
43 47 22 47 6 344
42 14 38 31 6 233
38 49 45 29 16 237
41 46 42 47 5 138
12 10 34 16 11 143
8 37 21 35 7 447
43 33 49 21 18 389
40 27 35 13 18 303
21 38 37 13 13 162
44 44 44 21 7 259
15 42 7 24 7 342
47 12 25 36 20 267
24 9 34 22 20 325
33 23 45 50 20 269
