250
56 52 65 94 2 1620
47 39 54 64 1 1920
49 48 54 83 6 660
36 30 39 57 1 1500
46 38 53 62 2 1740
84 78 110 135 4 420
228 265 194 358 4 4260
66 76 73 102 2 3960
48 45 63 72 1 2100
56 54 64 87 2 1080
53 48 62 76 1 1440
58 58 67 91 1 1500
62 49 68 106 7 1200
52 46 62 86 4 120
36 30 42 51 2 1080
43 40 54 62 2 2460
42 36 47 71 7 840
90 94 98 134 3 2760
229 258 225 333 5 3420
63 53 81 98 4 1020
31 28 37 47 2 120
203 213 184 339 5 3840
186 204 199 338 5 3180
49 52 62 77 2 2100
46 46 51 63 1 1320
51 43 53 88 4 1200
152 138 160 232 2 1980
63 67 62 91 3 3000
58 66 60 92 2 3480
41 41 53 60 1 2280
57 55 68 87 2 2340
73 74 86 117 3 2220
31 31 38 46 1 720
52 51 66 75 2 1020
132 129 153 201 3 4140
111 105 93 161 3 4560
139 132 149 190 2 3900
54 50 64 85 4 600
45 39 60 73 1 1500
66 53 77 93 1 1320
63 59 71 90 2 1200
72 64 83 119 7 840
41 37 45 53 2 540
34 29 40 57 1 2460
57 58 69 90 2 240
136 147 133 212 2 2700
114 103 122 158 3 4200
80 69 86 122 4 60
185 205 195 306 3 5100
57 53 63 85 5 900
107 106 110 155 2 3780
173 195 166 258 5 5160
160 172 169 274 2 2640
190 203 172 317 3 4620
57 69 73 92 3 4140
49 43 52 70 2 2160
47 44 56 80 1 2160
104 112 101 170 2 3120
143 166 153 249 3 2100
72 82 87 107 3 2580
172 210 164 292 5 3480
168 179 149 270 3 3180
59 54 74 110 6 1140
56 55 67 91 2 240
36 36 42 61 2 180
28 28 39 45 1 1560
59 56 67 102 2 2520
91 102 103 136 2 3360
82 70 88 126 7 720
79 87 85 132 2 4020
61 52 72 84 2 2520
62 50 68 93 2 1140
47 38 49 68 2 300
34 33 46 57 2 2760
44 37 49 67 1 1380
58 56 67 91 1 1500
60 49 64 76 2 660
189 181 165 248 2 2340
46 44 52 67 2 480
29 26 35 51 7 420
43 43 56 73 1 1860
209 228 219 356 5 2880
36 31 42 52 2 1980
147 142 167 207 3 1620
41 35 48 71 7 300
163 172 134 214 3 4800
159 171 184 284 3 2100
134 140 169 207 3 2460
31 27 36 52 1 1260
36 29 43 50 2 900
40 39 47 69 7 1320
80 97 90 142 2 2880
163 141 170 244 3 2220
26 26 32 45 5 540
193 186 154 256 5 4500
121 130 110 186 3 2880
50 42 59 72 1 2460
37 29 39 55 5 120
76 70 68 107 2 2160
196 187 207 255 2 1800
56 56 71 82 1 1200
52 43 63 72 1 2340
36 36 51 60 1 180
54 54 71 86 2 1500
61 53 64 100 7 720
112 122 108 163 3 3480
73 58 73 118 6 900
141 140 153 207 2 2940
208 195 169 274 4 4020
165 183 174 283 3 2820
140 141 125 185 2 2280
42 34 45 67 7 780
61 51 69 91 2 300
63 56 63 93 1 660
90 91 93 138 4 4440
47 52 59 72 1 2640
85 84 90 139 3 3180
29 26 38 47 5 60
76 71 87 113 2 3840
81 72 89 132 6 1080
69 68 75 114 2 2340
39 34 48 58 5 660
43 39 53 65 2 300
75 72 80 123 6 660
155 144 160 211 3 3660
88 100 89 154 3 1740
47 43 54 79 1 1620
45 38 49 62 2 1680
67 55 70 106 7 1320
90 86 118 151 6 840
38 32 46 58 1 1680
34 31 38 48 2 1080
149 130 159 221 2 2580
89 81 95 133 6 1080
53 44 65 75 1 2820
147 167 168 258 2 3960
58 47 71 75 1 1320
39 39 47 63 1 2700
118 125 111 173 5 2940
47 49 57 77 2 780
61 54 76 106 5 420
65 52 71 96 2 2460
41 43 51 69 1 1620
50 50 56 69 1 1260
150 150 145 228 2 4260
68 73 82 111 2 2400
124 116 122 173 2 2040
25 23 32 38 7 600
38 35 46 61 1 2820
32 31 41 45 2 1500
39 34 42 54 2 1440
25 21 32 40 5 1200
69 62 64 105 2 4140
145 152 170 240 3 1980
182 168 185 265 2 3060
31 33 38 47 1 240
45 36 48 69 2 1260
39 38 54 64 2 540
177 217 174 286 3 4680
39 36 51 66 7 360
165 167 147 229 3 4440
93 100 91 142 3 2280
163 176 155 292 3 3840
92 90 90 144 3 2400
40 39 50 66 1 420
98 108 115 142 3 3720
47 36 53 77 6 720
115 119 112 196 5 4320
43 40 56 78 2 2820
47 43 54 81 5 240
49 37 51 76 6 1200
22 20 28 31 5 1020
190 181 194 266 2 1500
46 43 62 86 5 660
87 64 88 131 5 540
158 153 161 250 2 2040
45 38 49 56 1 480
61 52 76 92 1 1740
45 42 58 65 1 780
38 34 46 62 1 2700
51 52 69 88 2 1680
179 166 207 256 2 2820
38 31 38 51 2 1320
34 33 36 50 2 2040
233 246 204 317 5 3120
35 31 38 59 5 720
42 43 61 67 1 2760
35 32 41 53 1 300
39 38 48 56 1 360
37 31 44 53 1 2520
133 128 134 202 2 1500
38 33 43 60 1 1320
47 49 56 74 1 840
74 75 93 140 4 1320
47 48 55 72 1 1740
137 137 157 207 2 2880
73 77 69 104 2 3600
174 164 163 245 3 2760
88 85 101 147 4 900
229 258 225 357 5 3120
88 95 95 130 2 2100
124 130 127 198 3 4020
55 48 64 75 2 1020
78 79 95 138 7 360
57 52 66 84 1 1620
36 32 42 53 2 2040
31 29 42 46 2 2460
59 53 59 88 2 900
141 133 136 214 2 3300
55 47 73 91 2 2580
88 79 82 124 3 2160
95 76 110 150 4 540
39 40 46 59 2 660
66 66 74 99 2 4140
176 167 184 295 3 1980
178 183 190 307 3 2580
38 41 51 65 6 1320
255 239 233 402 4 3300
133 141 123 191 3 4440
165 167 169 265 3 2280
58 59 77 86 2 600
52 49 66 96 6 420
43 41 57 59 2 2760
60 47 70 88 1 2340
58 54 74 95 5 120
45 40 53 62 1 2640
37 33 46 58 1 2280
146 145 139 214 2 2400
62 53 68 108 4 720
28 27 36 48 2 1680
53 55 63 81 2 1740
37 38 43 62 2 2340
58 54 80 94 2 2340
157 168 177 260 2 2340
105 108 101 165 4 5520
107 116 112 166 2 2700
67 52 71 95 4 1080
85 85 87 115 3 2040
97 80 114 135 7 960
59 50 71 81 2 1440
41 36 43 66 4 480
142 138 156 215 3 2940
39 37 51 62 2 2100
98 105 112 177 2 3840
43 41 50 65 2 900
108 103 103 168 3 2460
105 98 118 163 3 2820
48 47 63 87 4 1380
68 55 77 109 7 1140
111 97 121 174 2 2340
