50
22 1 39 11 9 130
22 49 42 9 9 84
4 39 44 24 1 67
42 8 1 18 5 138
16 13 17 42 3 79
21 32 1 5 7 73
1 25 19 9 7 146
16 9 18 40 9 108
26 45 12 26 7 98
46 33 25 29 4 96
35 1 12 7 2 157
28 16 12 8 5 79
36 21 33 34 4 96
41 25 49 11 3 157
42 2 27 1 2 150
2 26 9 35 4 187
21 32 21 38 6 147
27 23 47 1 9 187
7 17 35 43 4 136
31 39 2 29 2 175
25 23 5 36 8 182
38 48 34 31 6 94
34 45 35 28 9 133
38 23 11 34 7 81
31 18 28 20 6 154
39 14 12 22 8 67
30 34 26 17 1 90
2 8 21 48 9 113
17 24 25 43 2 137
17 41 36 1 5 165
23 45 40 11 8 72
17 23 24 4 3 170
46 12 15 17 7 167
20 35 5 23 3 196
11 12 1 48 9 89
28 23 39 38 3 76
6 50 46 5 3 87
14 7 20 19 10 54
7 18 32 24 1 112
28 22 41 16 6 194
41 34 32 45 8 168
43 7 12 2 9 112
24 25 14 27 7 55
45 22 21 38 5 119
19 24 45 24 4 156
47 48 6 23 9 98
16 43 9 46 6 96
44 25 35 8 8 87
11 37 19 3 10 176
43 48 38 34 3 52
