400
11 30 40 9 7 76
20 21 15 3 3 173
13 41 1 33 8 103
45 40 48 13 4 176
6 13 14 20 3 162
40 49 17 3 9 135
13 15 13 15 9 50
7 30 42 40 2 194
8 40 5 43 8 125
47 17 48 30 10 119
43 41 24 13 3 174
50 6 40 20 1 66
7 7 29 46 7 177
3 28 31 8 1 143
29 45 24 34 3 91
39 23 38 36 7 170
27 3 10 43 3 108
45 2 41 37 6 104
34 27 17 23 7 175
48 28 50 2 3 106
7 4 10 11 5 136
14 44 46 30 1 161
18 50 25 34 3 153
36 21 15 13 7 112
8 32 22 20 2 161
47 26 31 43 1 96
33 13 12 39 3 175
16 10 34 39 1 186
45 36 1 3 1 176
49 6 37 34 6 56
39 22 14 18 6 154
48 37 20 49 3 52
13 9 34 33 8 141
35 40 31 30 6 65
3 3 28 33 6 157
22 10 9 24 3 92
39 10 3 33 9 126
36 50 16 30 1 199
25 9 39 26 1 149
39 37 14 13 8 126
1 35 32 31 1 91
1 12 8 34 9 103
22 5 24 20 6 139
1 2 28 38 1 96
35 1 15 40 6 191
48 37 2 32 5 61
12 9 13 46 6 162
30 8 46 50 3 56
19 9 7 48 1 72
5 4 30 20 1 62
49 26 6 18 10 79
50 22 11 37 8 161
33 13 1 28 7 186
17 2 6 30 4 177
37 8 1 11 7 168
1 20 16 34 6 176
40 34 16 36 5 53
7 30 7 35 2 181
38 21 14 31 7 85
15 16 30 44 3 104
23 8 40 20 1 119
40 16 7 29 2 94
45 35 34 41 8 99
4 46 31 9 7 61
47 23 19 13 6 110
39 8 35 7 2 58
12 15 22 7 1 78
8 21 17 27 3 145
19 22 43 49 5 194
40 11 39 10 1 158
25 12 15 30 4 128
6 19 11 14 3 182
47 1 50 16 10 147
40 39 35 39 3 151
26 31 18 50 8 139
32 35 8 6 7 144
37 32 30 1 4 196
38 4 8 18 6 92
4 30 47 38 1 198
43 26 31 18 6 107
27 38 22 1 3 159
2 32 25 19 9 102
10 16 25 21 3 165
23 35 43 37 3 166
44 48 32 44 7 85
33 16 8 26 2 178
5 49 2 40 6 56
45 19 24 41 7 123
31 18 22 28 2 199
3 39 18 48 5 80
31 45 16 32 1 190
27 8 3 35 5 185
40 12 7 32 9 97
45 7 7 24 9 93
33 48 21 22 7 186
46 2 38 6 2 173
9 7 20 44 7 160
37 7 47 42 2 129
39 40 15 37 7 163
42 8 2 25 6 62
16 43 34 26 1 115
36 8 13 34 3 153
31 8 36 10 6 192
8 47 35 1 6 136
25 1 36 26 10 118
14 22 36 38 8 68
48 38 20 45 8 76
34 2 12 40 1 60
48 40 40 11 1 135
8 40 27 30 1 140
34 19 23 21 2 185
11 23 12 5 7 116
13 7 18 12 6 139
5 18 34 38 7 115
5 32 17 17 9 110
6 35 40 9 2 59
34 15 24 29 3 59
31 50 43 33 10 141
30 45 19 44 6 132
39 32 35 14 9 171
44 30 4 11 8 125
38 44 10 14 6 169
35 14 26 37 5 195
35 19 42 5 6 104
45 26 46 42 4 127
17 45 5 30 10 104
16 17 17 45 8 118
40 43 17 1 4 118
14 8 21 15 9 110
16 32 27 48 7 119
18 2 26 34 4 191
48 44 2 43 4 189
45 13 14 46 7 196
45 15 22 28 9 111
43 5 32 38 6 123
49 33 12 30 5 174
14 12 32 12 4 174
21 22 29 18 1 150
42 32 32 47 3 166
5 12 33 38 4 131
26 22 26 2 3 75
44 34 19 47 3 168
19 5 26 2 6 171
14 41 1 25 6 86
22 29 38 18 1 189
29 22 6 34 7 159
35 37 33 1 10 79
18 10 38 27 3 173
47 23 2 13 5 156
29 47 4 21 6 69
8 11 23 39 3 174
50 49 27 46 10 156
13 15 16 2 1 90
29 46 16 44 6 58
34 15 50 7 2 110
15 40 12 46 6 106
23 40 5 38 7 200
33 50 25 46 4 168
30 18 11 43 7 61
34 48 14 49 9 102
45 50 42 21 1 194
26 20 20 28 9 153
47 2 12 7 7 113
18 1 29 28 4 138
20 33 8 43 9 173
14 34 3 22 1 185
33 32 1 41 1 74
26 33 6 26 7 55
35 4 28 31 7 56
40 29 36 24 8 87
5 19 49 5 10 105
20 17 26 5 4 145
6 5 22 20 5 119
5 2 32 29 5 168
12 45 13 34 7 61
50 46 47 26 7 138
8 35 49 17 2 161
26 6 44 8 4 149
22 9 37 27 2 131
27 18 5 23 3 128
30 6 25 40 1 158
26 41 18 22 4 156
29 29 26 16 6 53
17 2 16 13 1 129
2 31 29 34 6 85
31 40 41 4 4 104
50 2 47 13 1 55
40 48 34 33 9 101
35 41 16 7 5 165
17 14 3 26 2 148
2 24 40 7 6 163
25 2 13 32 2 94
18 1 49 32 9 118
30 49 1 20 2 141
50 25 28 16 9 156
6 33 25 49 6 92
46 21 20 39 8 185
30 38 33 25 9 190
42 10 33 42 2 89
40 50 24 30 10 149
20 25 23 40 2 162
18 34 4 37 3 157
36 13 22 9 8 198
20 48 38 9 2 129
6 48 32 44 9 181
31 33 25 9 8 129
27 16 48 21 10 153
17 24 10 9 4 64
16 8 44 34 10 131
29 44 40 26 5 149
12 24 9 30 3 109
37 2 8 20 9 156
45 1 10 18 3 61
32 47 50 15 5 131
29 9 2 22 1 99
38 1 36 35 3 121
18 38 32 12 5 197
2 23 5 14 7 187
10 19 36 39 2 76
29 46 12 38 8 138
31 25 43 2 4 60
48 14 46 30 1 93
2 21 13 45 3 65
44 42 15 35 7 136
14 3 36 24 3 181
14 23 31 37 10 127
11 42 25 8 2 102
6 5 39 5 6 172
28 47 29 24 4 50
32 38 14 21 1 78
36 45 11 7 1 174
34 6 44 12 6 93
36 7 17 1 4 122
2 50 45 34 1 200
1 25 38 8 7 50
33 14 32 24 4 147
3 18 25 34 2 91
26 41 31 37 3 123
46 7 50 21 6 129
2 9 48 3 9 94
2 15 48 40 7 71
8 50 33 47 3 125
25 29 40 35 7 64
10 8 45 42 9 173
35 13 22 38 6 56
41 48 12 42 2 117
6 11 48 2 1 180
7 15 31 12 8 191
50 13 5 22 3 162
40 47 42 32 7 130
17 29 46 5 6 170
8 15 31 3 2 88
22 13 50 40 2 105
21 10 9 3 1 177
3 6 15 3 8 99
47 12 23 2 1 154
29 28 8 12 4 60
34 28 24 14 9 65
48 41 50 27 2 55
4 35 43 11 10 138
10 4 49 27 7 149
35 29 43 28 8 183
38 16 10 23 3 106
23 38 34 38 8 118
33 32 45 46 1 81
9 24 37 36 4 68
22 41 4 33 7 169
35 28 50 22 9 159
41 13 37 27 3 101
6 39 22 38 6 188
14 20 44 11 6 61
14 47 4 45 1 136
35 35 49 32 5 66
37 20 49 40 3 170
6 26 33 35 4 97
19 46 40 19 10 99
43 47 12 30 3 116
47 43 23 47 9 142
46 10 36 41 7 194
25 18 36 24 8 191
6 19 3 17 2 55
34 4 17 4 6 75
15 45 9 4 4 197
8 39 37 23 2 127
45 30 11 22 3 153
26 47 40 43 3 130
8 36 32 20 4 177
17 4 9 40 5 180
2 20 26 20 1 121
28 38 9 5 9 168
23 43 41 9 9 186
32 36 4 25 1 183
19 27 30 34 6 138
10 17 48 23 5 182
39 45 47 25 7 98
26 41 18 12 10 144
18 31 48 33 5 102
45 15 8 19 4 152
42 12 10 47 2 186
29 35 25 17 2 172
6 21 31 24 2 63
35 26 6 1 7 79
5 16 49 39 10 55
18 32 35 44 3 198
3 35 1 27 8 178
38 32 41 40 9 75
36 8 48 44 4 182
35 25 31 21 8 98
37 47 37 1 2 137
34 32 26 21 2 146
16 35 16 38 3 124
38 44 46 9 1 192
15 5 29 47 3 181
8 25 17 45 7 147
2 2 6 6 3 154
32 5 7 5 6 192
39 11 22 41 7 129
8 5 40 3 4 181
35 27 1 44 8 177
41 46 26 19 10 190
15 30 20 29 1 161
34 4 35 39 8 96
29 10 47 20 3 171
22 48 2 25 3 93
50 14 21 9 9 82
18 30 46 50 7 168
47 43 20 46 10 89
28 2 12 40 4 181
11 37 28 6 7 59
5 45 48 50 6 188
20 3 36 45 3 163
21 35 1 10 3 189
14 42 24 24 8 146
45 2 17 36 2 93
1 45 22 15 9 78
19 17 7 4 8 55
23 11 9 44 1 185
2 13 21 22 1 123
23 49 36 26 2 67
44 50 25 40 10 157
15 22 38 22 5 181
8 49 37 26 7 112
18 28 12 44 10 51
19 48 44 48 2 109
23 50 43 41 7 71
32 40 18 42 5 158
44 9 34 32 2 86
42 16 50 12 3 127
21 32 32 3 4 180
5 40 49 16 8 82
41 39 43 23 5 154
36 32 2 12 10 124
33 36 5 2 5 111
31 15 30 18 9 146
17 31 3 40 2 61
39 41 42 34 4 198
46 30 21 25 6 73
18 26 34 3 2 198
39 27 26 33 4 77
28 10 4 50 2 158
37 19 9 44 5 194
44 1 2 6 8 126
28 35 34 38 4 126
16 23 44 32 9 151
42 32 14 21 2 145
25 3 38 34 1 51
33 9 43 26 1 105
20 43 41 45 1 181
30 17 31 38 7 164
29 12 2 3 1 198
8 15 28 42 6 66
27 18 39 30 7 170
44 2 22 16 7 96
23 6 49 36 10 95
10 49 33 10 10 80
42 42 32 48 9 193
13 32 17 27 6 137
29 43 40 37 7 119
27 31 45 28 2 133
45 3 6 40 7 170
36 12 37 6 3 80
28 40 43 20 10 79
14 5 40 23 8 65
34 16 45 8 5 98
27 14 18 24 7 100
10 5 3 18 2 75
16 11 10 3 4 103
19 25 22 33 3 65
31 17 49 37 10 61
8 2 27 11 9 61
16 43 25 35 9 84
40 3 43 10 7 60
37 19 48 5 9 192
46 45 32 24 2 189
28 23 16 6 2 130
47 48 50 45 10 82
46 15 15 8 9 77
33 24 4 46 2 107
19 50 29 42 2 192
35 8 43 30 5 168
