100
62 87 62 87 5 1303
72 73 69 64 5 1739
16 20 14 17 3 405
42 53 54 56 6 1566
79 98 93 79 1 154
41 45 60 55 5 1210
22 25 30 27 9 1621
68 100 100 75 8 1224
39 46 42 51 9 1240
61 54 50 67 4 825
48 46 35 28 5 882
68 67 68 73 10 1583
77 82 93 57 9 903
67 49 78 72 10 495
100 82 73 72 8 1001
95 61 82 100 7 1276
59 89 91 81 9 1143
58 67 59 59 3 1339
80 90 78 57 10 444
95 62 66 98 6 1562
45 53 31 40 8 1416
40 40 31 45 6 354
74 64 65 77 7 491
78 86 100 100 6 737
22 24 25 22 4 497
87 100 77 100 5 253
60 51 40 55 5 728
25 35 37 41 1 735
100 74 90 89 10 756
55 74 66 58 3 1023
35 35 45 30 6 1811
39 38 40 43 6 1700
71 74 43 59 5 136
61 51 53 74 8 1633
24 26 29 22 6 786
25 25 25 31 4 471
87 76 63 78 3 945
47 67 49 64 3 1288
73 51 74 75 3 1357
44 44 33 49 9 719
18 20 12 20 5 708
75 59 84 90 7 1428
11 15 15 17 2 1495
10 10 15 13 2 642
22 23 16 26 2 781
24 17 19 21 9 1105
77 100 63 100 8 404
69 69 87 100 5 981
34 42 34 40 7 1846
61 95 79 86 10 323
97 100 73 100 9 130
92 80 91 68 2 740
51 58 66 65 9 1453
21 16 22 29 8 880
83 56 55 51 10 867
20 26 19 20 5 1602
65 67 75 72 5 1285
68 100 100 80 10 1491
57 54 47 67 4 131
89 100 100 83 9 1880
97 100 77 65 2 1353
12 14 11 15 6 956
45 28 48 31 4 825
29 27 28 42 4 1016
50 57 49 52 1 1793
37 33 25 36 5 1577
74 77 87 65 9 789
27 35 32 41 1 122
55 38 67 53 7 1285
59 60 67 59 1 1509
51 40 40 58 8 525
70 100 100 99 2 615
47 47 54 70 3 931
63 61 46 67 3 680
38 38 49 61 7 757
100 91 100 100 8 693
44 41 39 32 9 961
51 42 67 44 10 1900
70 81 78 53 10 1140
16 12 16 11 7 1051
98 78 98 100 1 1176
58 37 47 65 7 204
100 72 100 100 5 1016
52 55 35 43 1 762
86 90 85 100 1 1593
100 84 77 74 4 1253
94 97 100 95 1 1797
11 13 11 10 5 1692
10 10 16 13 6 289
45 47 36 41 1 1375
70 93 81 100 10 1361
92 72 61 79 2 1437
23 22 23 28 4 416
100 100 100 99 2 683
40 40 26 33 9 258
47 64 61 60 5 840
57 67 95 84 9 1690
58 79 49 53 5 657
100 79 100 81 2 787
72 70 53 89 2 493
