250
21 39 27 48 3 407
26 49 26 14 12 436
19 6 36 15 1 231
32 18 31 46 4 447
25 31 18 12 10 302
42 14 42 27 10 303
27 22 47 18 6 250
37 8 8 7 2 194
46 18 34 20 4 275
32 22 20 19 12 348
7 31 49 45 1 439
22 6 12 15 10 244
46 30 40 35 2 312
29 36 45 11 9 270
25 21 35 33 20 108
36 10 39 19 15 123
15 24 45 6 12 107
23 11 50 44 15 461
42 37 15 40 16 381
6 40 43 33 15 400
25 5 38 16 8 466
11 21 46 41 8 170
23 20 26 8 10 347
13 25 33 44 11 439
28 31 42 32 11 112
25 18 44 32 5 181
35 22 10 14 11 154
40 41 16 31 17 251
30 41 34 16 6 420
33 13 40 25 1 222
39 7 14 7 18 475
13 33 28 17 12 489
38 16 38 21 2 269
38 30 37 24 14 406
38 19 25 17 9 289
34 47 29 45 19 464
22 5 45 42 12 195
5 8 16 24 4 472
19 50 39 10 10 189
8 34 25 29 3 190
22 5 49 14 12 418
9 47 45 16 19 281
31 16 34 50 9 384
40 25 47 12 12 478
24 33 46 16 19 448
31 10 31 35 11 261
14 33 16 48 12 192
30 47 29 5 19 251
10 45 46 37 16 482
19 24 14 31 1 465
29 27 35 20 5 374
43 46 45 9 13 219
39 50 34 40 20 289
25 12 44 30 3 223
45 15 30 6 17 328
10 24 27 37 3 435
12 5 47 39 20 230
44 13 31 22 5 204
36 36 20 38 8 105
43 6 8 9 12 161
38 33 43 31 13 344
18 48 33 13 20 142
7 29 35 33 18 356
32 18 22 45 12 259
39 28 37 28 9 221
26 39 18 40 1 440
39 8 43 12 1 392
18 28 49 11 2 141
18 32 20 39 20 248
40 22 6 42 13 157
17 10 36 22 4 490
14 47 39 11 18 487
37 44 36 46 16 411
45 5 47 20 4 188
31 26 27 22 17 183
47 32 13 41 11 197
27 29 42 31 3 243
32 45 39 23 16 394
21 6 46 15 3 358
40 8 12 6 17 441
36 10 27 36 3 176
47 10 45 11 9 428
38 23 36 6 6 323
29 43 18 16 13 253
7 45 10 20 20 201
8 5 6 49 8 192
50 47 5 17 8 203
14 10 47 30 9 281
23 18 45 22 6 129
16 38 14 42 15 481
29 29 33 36 17 452
10 32 46 11 1 213
45 13 7 8 5 420
7 41 11 38 10 151
14 16 14 43 4 280
32 50 42 29 5 477
27 27 50 41 19 337
43 11 6 7 10 396
21 47 22 38 14 377
45 18 43 8 20 464
43 18 42 6 14 295
45 44 34 42 19 332
5 33 14 49 11 230
26 44 28 18 2 273
12 17 34 26 15 475
27 34 45 19 19 475
43 24 9 5 9 339
14 20 8 38 12 184
47 13 49 27 3 192
40 49 14 22 5 471
49 49 37 34 6 180
49 12 27 11 1 382
15 17 42 9 11 433
10 43 21 8 3 123
21 37 9 5 12 298
46 31 50 28 15 213
12 39 41 28 19 476
32 6 42 9 3 454
17 13 16 17 18 370
33 12 8 16 18 176
11 22 35 40 14 171
13 44 21 25 3 218
10 10 8 12 17 261
36 23 11 24 15 409
5 43 11 13 19 390
6 12 26 17 5 496
16 26 19 29 1 294
9 38 14 32 10 257
50 41 38 17 6 137
23 10 23 44 16 180
25 35 44 29 6 475
8 30 23 27 7 133
37 10 48 22 20 188
41 31 41 43 10 460
35 49 14 40 8 191
35 49 45 6 3 442
27 42 29 30 7 236
18 47 49 19 5 176
49 33 43 15 7 270
13 43 12 14 7 454
32 40 10 22 20 500
45 21 24 50 10 439
17 5 14 46 6 267
5 13 9 49 9 101
8 24 29 5 20 296
38 45 15 12 6 444
15 16 48 19 6 162
26 21 11 26 3 478
44 35 49 47 16 399
17 13 34 22 18 168
46 32 46 18 19 255
48 14 35 26 9 321
46 17 40 43 16 451
29 17 49 27 2 277
50 42 36 19 11 481
37 30 49 32 13 146
33 6 30 45 6 319
40 22 35 24 16 365
11 19 50 40 16 421
20 14 34 10 10 311
49 20 16 31 4 487
6 10 42 21 9 348
44 31 49 18 14 108
25 44 49 50 10 380
12 49 9 47 3 279
24 21 41 37 2 417
19 49 22 26 3 277
29 47 44 16 15 206
41 39 30 14 9 173
6 11 25 13 16 433
21 42 27 39 14 227
7 13 33 38 2 310
7 10 27 21 11 394
48 19 24 36 1 354
45 44 20 45 20 266
21 38 49 6 16 164
25 13 26 14 1 418
41 47 20 16 20 271
21 39 33 35 2 323
24 43 49 20 14 410
16 36 39 11 3 367
46 23 45 43 2 286
25 36 31 47 5 187
11 44 19 18 17 369
25 15 17 7 10 235
27 7 12 49 8 267
45 25 41 35 2 381
36 10 22 24 15 477
39 8 41 34 7 187
38 25 24 14 16 221
30 26 14 41 6 167
38 11 27 22 18 129
20 25 42 30 18 499
27 47 28 49 1 445
20 34 37 18 2 149
10 28 34 29 17 393
34 25 23 22 2 336
41 30 7 36 8 239
16 31 10 28 2 244
10 14 9 17 1 182
46 24 42 11 5 321
50 23 7 14 15 318
14 5 18 23 7 238
46 20 45 41 4 137
7 7 17 8 19 388
13 50 10 39 7 147
43 9 50 32 10 344
34 42 17 42 16 300
44 9 24 5 2 358
8 39 30 30 6 106
30 42 27 20 7 144
27 47 16 47 13 367
32 26 48 45 6 376
29 37 10 31 14 447
15 36 50 32 5 461
41 8 39 35 12 127
34 32 36 17 9 174
26 36 38 11 1 359
45 5 17 25 10 287
38 18 25 21 20 193
27 35 47 16 8 395
39 26 41 41 8 462
48 40 9 44 15 387
26 31 37 25 15 247
11 18 7 26 4 132
5 13 10 13 7 343
43 22 15 42 2 128
32 39 37 14 1 297
42 27 29 38 15 342
37 46 48 41 11 146
50 9 17 32 8 384
27 13 46 50 11 445
45 14 41 34 11 455
40 9 47 30 10 336
45 42 40 28 18 114
35 23 15 21 12 460
29 25 41 18 20 428
49 36 38 12 3 454
21 36 14 25 20 341
47 25 8 20 8 185
48 35 45 18 14 383
11 44 12 50 17 408
47 8 35 19 7 260
16 45 18 19 19 299
17 41 40 34 15 444
33 20 10 34 16 432
46 46 23 37 5 163
36 11 42 48 10 348
36 12 48 48 9 227
32 34 40 16 3 471
