150
55 21 63 47 2 19
12 51 14 38 7 13
59 39 17 90 4 17
30 77 36 73 4 30
59 55 15 95 7 31
21 24 67 77 2 43
82 62 26 22 9 46
60 28 93 81 1 62
59 69 92 20 3 55
40 34 85 47 2 98
32 62 48 55 5 95
43 53 25 63 2 87
40 64 92 67 2 154
88 44 98 25 3 93
76 80 27 14 1 54
19 69 13 56 9 58
57 88 86 84 2 315
29 33 61 64 1 144
23 52 99 65 6 114
53 59 99 84 5 307
48 63 57 82 6 308
74 69 37 37 8 231
54 87 80 82 5 292
26 12 42 39 10 85
13 79 98 97 1 82
36 56 53 30 8 214
20 16 29 96 8 119
65 87 90 20 8 165
39 55 55 73 2 332
72 73 61 56 7 466
54 57 12 15 6 96
74 67 54 12 8 97
45 17 27 60 10 141
93 12 69 49 4 115
74 33 57 84 2 310
18 94 89 83 4 154
19 46 82 80 7 194
24 59 34 87 2 264
34 96 65 48 3 336
51 97 79 52 5 473
83 86 88 20 1 226
92 78 99 74 5 771
25 54 66 81 7 272
90 92 19 18 1 211
91 24 19 75 9 205
55 59 90 65 7 711
34 52 97 37 1 472
20 64 14 86 4 188
41 81 81 12 10 156
13 44 23 45 10 163
16 38 46 12 7 159
21 72 97 98 10 270
44 83 10 25 3 132
32 73 69 96 6 416
25 79 37 19 7 267
29 41 81 62 2 476
94 100 27 32 10 398
61 65 79 87 8 1042
82 68 14 85 5 228
64 70 68 28 10 405
40 63 26 93 8 381
43 15 68 28 2 271
69 62 42 21 1 382
54 25 89 49 5 424
19 16 94 25 10 264
68 86 11 46 3 186
28 65 75 13 7 249
67 16 75 27 3 256
19 40 40 28 2 371
96 45 78 57 7 791
58 27 80 52 10 477
60 23 95 49 2 397
53 46 18 30 6 323
100 70 46 58 10 796
76 67 21 94 1 457
86 65 69 23 5 429
18 25 81 89 10 416
15 62 83 44 2 332
69 90 66 16 3 320
76 39 35 88 10 744
46 54 42 16 4 323
22 49 73 60 3 457
48 46 85 11 6 239
39 65 97 30 7 670
42 29 23 52 9 494
44 25 37 92 3 503
93 68 13 94 3 286
76 26 54 18 10 432
10 72 80 27 2 227
28 29 93 14 2 291
77 89 87 41 4 935
73 23 39 16 8 332
19 66 82 35 2 435
37 77 61 63 4 930
46 14 58 81 3 387
81 15 91 15 8 364
38 69 91 86 10 946
18 24 61 37 2 537
14 26 35 34 7 361
88 89 58 28 8 678
73 46 36 93 9 899
91 65 99 51 1 1507
21 58 50 55 3 650
43 74 56 73 2 1277
30 78 74 73 1 879
48 38 51 85 5 1006
13 94 45 65 7 386
54 17 41 22 3 497
32 86 78 27 3 792
19 33 54 25 3 585
43 53 96 51 6 1374
80 85 77 48 6 1436
38 67 78 32 9 923
57 57 57 27 3 847
13 76 78 48 6 443
44 83 66 79 2 1463
79 92 60 77 7 1741
31 76 100 90 10 890
36 84 80 41 1 1212
38 38 61 86 2 1091
23 61 87 50 2 791
30 60 40 82 1 1044
100 68 21 37 4 714
98 62 54 98 8 1583
88 84 14 74 1 524
83 35 33 26 7 784
39 40 37 39 2 1378
31 29 77 71 3 988
93 55 36 99 2 1282
37 25 60 27 1 947
36 98 51 36 6 1142
14 73 75 37 4 537
46 90 44 27 4 1036
50 81 77 23 2 793
79 49 74 80 8 1694
71 76 49 18 7 584
97 59 10 27 9 394
28 79 38 83 5 1112
22 26 85 64 8 731
98 92 74 36 2 1375
60 25 68 53 5 852
94 32 84 56 2 1120
20 62 97 89 10 839
85 16 52 53 3 636
15 77 30 20 4 534
13 94 96 43 8 532
20 14 63 98 10 585
54 89 59 98 4 2296
82 96 98 94 9 3650
61 26 74 53 5 1153
