200
102 112 105 178 4 4380
156 177 147 223 4 4320
47 38 49 72 1 2820
20 20 26 34 4 1260
73 76 105 125 4 300
49 44 56 74 1 2100
94 95 103 123 2 3660
100 102 102 168 2 1440
37 35 41 50 1 1620
59 44 58 89 7 1140
147 140 120 200 5 3240
114 114 111 169 2 1920
53 47 66 72 2 240
57 59 79 92 1 2520
32 33 43 47 2 1380
100 86 92 148 3 2040
39 37 45 64 4 1380
38 38 45 56 2 1200
54 51 73 84 2 1740
188 176 175 274 3 5400
133 118 145 191 2 2520
43 37 51 80 5 360
63 58 74 92 1 240
46 40 48 67 2 600
34 35 43 54 1 2820
45 39 55 70 2 1740
164 172 151 277 3 5280
39 35 55 72 6 900
153 160 173 236 2 1980
70 70 89 133 6 1260
80 63 86 121 4 960
57 45 59 81 6 300
27 27 31 48 5 1200
124 103 119 190 3 2340
92 84 94 127 2 1740
52 43 67 70 1 1260
41 33 43 53 2 480
189 163 173 272 3 1920
43 32 50 55 2 1440
73 62 83 112 5 1020
50 48 53 66 1 1740
147 133 157 207 3 2520
143 139 134 226 3 4260
50 48 56 83 2 2400
146 143 164 234 3 2700
37 33 44 50 1 1680
34 29 39 47 2 2520
46 44 58 63 2 1800
149 158 171 258 2 3600
221 250 210 326 4 4800
96 94 102 135 2 1440
33 27 37 49 1 2820
33 28 39 49 1 1860
49 42 66 69 1 1560
34 27 36 49 6 660
48 43 58 77 1 2520
108 110 128 161 2 3420
88 78 96 122 3 1560
71 65 94 121 7 480
51 43 67 73 1 360
130 130 147 189 3 3180
116 117 123 181 3 2400
44 47 57 71 1 540
51 49 69 74 1 2520
33 30 40 54 7 780
24 22 30 44 6 180
126 123 117 183 2 2520
56 56 76 88 2 2340
54 47 64 84 4 600
53 54 60 87 1 2640
35 36 41 56 2 540
85 81 108 132 4 600
37 33 50 62 1 2400
51 44 59 83 1 1020
41 41 52 71 1 1680
49 43 53 71 1 2580
32 26 35 44 2 300
54 48 63 84 6 180
48 43 54 67 1 1560
126 147 129 185 3 4740
144 135 145 232 2 2280
61 49 62 81 1 1800
48 41 53 75 5 900
35 36 49 59 2 2400
25 19 30 35 7 660
40 37 48 56 2 2400
73 84 82 124 2 2700
92 91 101 129 3 3540
40 32 43 54 2 1740
46 44 63 71 1 180
36 36 45 68 5 540
200 253 211 330 3 3000
116 103 115 162 3 2520
58 49 65 89 5 1380
80 80 89 118 3 2040
32 30 36 50 1 1740
37 36 52 64 1 360
102 97 98 149 3 2760
45 36 56 69 1 1320
61 48 69 83 2 1080
143 127 144 208 2 4260
66 56 70 105 5 1260
50 48 60 68 1 1500
29 28 43 51 1 1140
37 31 46 56 2 2400
158 163 192 253 3 2040
154 146 162 229 2 2880
62 59 82 100 7 720
37 36 46 54 2 480
42 35 53 57 1 1920
33 35 41 49 2 360
28 29 37 50 1 480
59 52 64 93 6 960
57 51 76 92 2 480
115 120 109 155 4 5280
35 34 41 55 2 780
57 52 74 83 1 840
185 176 190 265 2 3720
52 47 57 75 1 1440
44 38 48 58 2 1980
173 174 165 271 4 4860
35 30 41 51 1 2520
82 71 96 134 7 1080
157 136 171 224 2 4080
172 166 199 285 3 3420
20 19 25 34 6 960
135 146 150 237 2 2340
34 32 43 50 1 540
39 35 50 53 2 360
38 37 50 54 1 2340
122 126 130 176 3 2700
131 131 132 171 3 3120
48 47 62 79 2 2760
199 225 210 288 4 3660
178 167 194 262 2 2400
67 57 80 113 6 600
67 61 71 91 1 360
45 41 57 71 1 840
24 20 31 41 4 120
91 88 109 153 5 120
90 94 94 133 2 3000
32 34 41 52 1 1560
57 45 73 93 6 660
41 38 48 67 1 2520
99 89 108 131 2 4260
96 85 117 143 6 1200
133 159 127 194 4 4320
40 35 49 64 2 540
153 156 169 232 3 1620
53 52 67 99 4 1140
62 60 74 106 6 540
116 119 133 175 3 2940
56 50 75 81 1 1500
75 64 89 110 5 1020
47 49 63 80 2 600
63 55 64 83 2 2460
48 42 55 74 2 900
49 44 63 81 1 2340
34 30 35 41 1 1740
29 28 37 44 1 300
38 40 54 65 1 2700
49 43 67 77 5 180
171 195 183 297 4 5460
81 76 91 142 5 60
30 26 41 51 1 240
55 47 66 79 1 720
29 27 43 44 1 2760
29 31 36 43 1 1560
112 126 118 189 3 3660
107 100 104 158 2 3960
117 104 112 169 2 4080
59 48 62 88 2 2460
71 75 79 116 2 2040
127 115 138 164 3 2820
45 45 54 71 2 1500
76 69 92 131 7 660
50 49 63 71 1 960
30 29 37 48 4 960
76 68 88 123 6 720
42 44 60 68 2 1500
92 83 99 139 3 3540
47 40 62 75 6 240
53 53 66 95 4 120
76 75 95 131 2 1800
38 32 47 59 7 300
190 231 202 331 3 5700
55 52 57 85 2 540
114 129 137 189 3 3780
35 32 44 51 1 240
208 222 170 272 5 4800
109 99 98 157 3 3000
47 44 58 77 2 2760
54 55 65 92 1 2580
40 40 52 61 2 2280
43 40 47 68 1 900
67 56 67 95 2 2100
57 48 60 79 2 2340
112 117 120 154 3 1740
57 60 64 95 2 1980
48 46 58 75 1 2700
