50
71 3 1 52 3 687
90 79 73 46 9 136
77 31 91 56 50 742
25 10 6 28 29 766
38 84 63 22 49 427
83 48 83 84 46 300
12 21 90 71 17 432
55 91 70 53 41 525
70 85 19 70 23 625
61 97 62 68 31 703
61 24 34 62 13 733
97 42 81 96 45 291
19 80 86 50 3 172
32 41 5 25 12 199
82 12 75 17 18 430
4 22 78 80 20 325
100 54 72 87 35 696
7 84 72 50 31 624
94 61 9 75 41 275
7 13 25 60 18 320
40 50 90 55 34 560
66 85 19 19 18 253
23 99 44 10 5 244
68 48 24 20 24 752
31 40 15 11 36 763
16 41 99 81 10 174
88 11 72 53 16 550
84 13 11 26 30 112
20 79 40 87 41 532
59 69 78 15 48 162
58 50 11 77 0 460
26 65 74 13 16 292
5 64 3 70 5 588
14 14 56 56 18 323
75 30 22 71 46 507
36 98 86 52 41 373
47 31 35 70 22 185
16 83 47 16 1 238
53 5 92 6 31 795
62 12 5 24 38 626
35 98 99 15 29 733
18 97 3 47 19 542
27 2 47 26 36 272
19 31 60 38 33 632
64 28 66 37 11 127
93 6 59 17 36 246
86 51 97 99 8 742
65 90 59 56 40 334
97 93 46 74 43 468
89 78 3 85 21 586
