400
9 27 14 50 60 3854
38 42 10 41 80 2715
17 38 42 46 50 1001
29 31 34 17 90 3014
12 21 50 16 80 3034
21 49 46 21 80 933
6 6 49 26 90 91
49 22 22 12 80 163
47 37 16 28 100 3151
16 23 39 22 100 3815
43 39 13 11 50 517
27 6 8 9 90 2429
28 33 24 14 90 15
50 31 38 8 50 2772
11 28 37 8 50 1692
46 46 10 25 90 2347
39 40 14 44 100 241
13 17 16 43 60 94
5 39 49 39 50 834
39 20 17 11 80 494
41 20 28 24 90 2257
15 11 44 44 70 3427
43 27 17 12 80 3802
42 41 48 46 100 50
19 31 46 35 70 1338
9 38 48 16 100 3198
36 34 33 17 70 1817
45 10 10 47 80 956
8 32 33 42 80 1762
14 44 14 39 100 2605
14 20 13 5 70 1260
25 5 6 36 90 2213
34 24 36 25 80 609
14 42 33 13 90 1607
32 47 22 35 100 715
27 28 38 16 100 3129
12 31 38 12 80 2373
14 14 49 6 60 3448
44 38 50 47 60 203
6 5 34 14 50 3394
48 23 11 38 90 1435
44 5 33 49 90 2827
28 21 11 17 60 610
38 5 27 10 60 2782
7 28 15 7 50 3236
9 30 26 32 60 3036
31 41 29 43 70 91
24 7 24 16 80 1268
11 12 31 43 50 1089
48 21 41 12 60 3917
32 5 33 41 100 3762
50 49 13 48 70 3269
32 46 24 16 90 1502
48 38 34 11 90 125
11 27 43 8 70 1078
38 18 10 16 90 322
33 33 50 33 90 495
46 47 45 22 90 2265
44 27 5 49 70 3736
5 22 6 23 80 711
46 6 8 24 70 1830
22 50 44 11 90 3367
46 18 48 44 80 379
13 32 41 38 90 2303
19 32 33 26 50 2254
25 40 27 27 50 1096
27 29 44 42 50 1229
8 6 26 27 60 1714
19 16 37 20 90 821
15 13 7 13 90 2669
9 21 29 42 100 764
36 33 33 36 70 362
25 45 44 28 80 2868
49 50 18 34 60 3324
19 19 10 36 90 655
30 23 20 18 90 1950
5 20 45 45 80 1521
21 38 20 23 50 2742
32 19 21 44 50 2418
38 27 31 11 100 1259
38 44 47 45 70 3324
36 46 7 39 80 1813
24 35 37 43 80 3554
35 12 28 42 90 1855
6 20 17 18 90 3287
10 31 31 28 80 2201
39 17 9 11 50 438
42 24 25 30 50 2257
28 45 43 11 50 1654
17 38 47 44 50 2096
47 19 25 50 70 1346
20 37 40 11 80 1700
14 18 50 7 50 838
42 21 20 19 60 3992
7 24 32 34 100 3647
43 20 12 45 50 2661
38 27 34 46 60 968
27 12 35 12 80 1166
44 11 32 27 70 2754
21 50 23 31 90 463
49 33 28 13 50 838
16 16 40 19 70 213
23 30 16 6 80 1791
37 36 27 41 70 852
35 21 33 40 70 3178
44 12 39 41 90 763
27 25 23 19 60 1778
15 40 43 19 80 2380
18 25 43 31 90 120
50 33 14 14 90 2033
12 15 5 33 90 3378
36 35 47 22 50 2256
37 40 42 44 100 1547
40 43 13 33 60 1183
5 5 28 32 100 3361
19 14 10 15 80 621
24 42 31 41 70 3180
33 29 9 50 100 433
20 21 8 10 70 2436
20 16 39 15 100 2425
23 8 41 20 70 927
44 11 46 23 100 3592
41 21 38 7 70 190
29 8 40 9 100 1313
50 22 29 39 90 483
27 45 18 21 100 1887
19 49 50 50 70 2023
46 26 34 28 100 641
9 26 32 28 100 1947
28 29 22 7 100 3066
16 11 34 16 50 3664
32 38 34 38 70 1770
25 33 16 27 100 818
7 16 30 12 90 2010
28 38 13 34 100 1581
17 18 6 47 90 1293
24 21 6 46 80 1573
34 18 38 39 50 3824
36 36 18 5 70 3972
33 41 34 9 60 1451
21 43 42 50 60 3042
40 11 36 12 60 243
48 24 26 40 100 2888
47 31 23 16 70 1890
25 10 6 29 90 3347
18 36 23 45 80 3040
7 36 7 25 50 422
17 11 8 19 90 1991
21 46 29 41 90 3642
33 9 21 36 100 3462
42 45 34 48 100 3747
11 37 36 6 100 1938
11 31 38 17 50 1595
11 27 49 41 50 753
13 35 27 34 50 3094
15 40 14 8 60 3413
30 28 26 32 100 3837
13 9 16 31 70 1517
11 30 38 40 50 2643
48 50 34 5 90 336
12 28 48 38 100 1307
8 37 33 27 100 1401
33 10 49 22 80 3484
30 16 44 46 80 2705
15 6 44 45 60 398
41 14 7 31 80 3032
7 17 19 21 70 1746
21 43 38 48 70 3192
33 34 47 44 90 1278
45 27 5 12 50 3465
50 17 46 33 100 47
44 38 29 17 50 1938
29 27 48 33 100 333
45 24 50 34 90 620
19 30 41 24 70 3344
14 33 35 8 70 929
11 24 46 16 70 1566
20 8 50 28 100 155
18 27 50 26 90 2284
34 49 6 13 70 3984
15 42 21 48 70 3807
27 26 30 30 50 3911
40 16 25 47 100 3840
44 15 28 37 80 2370
39 33 47 40 70 1212
41 11 49 21 80 1800
19 23 37 26 100 1691
26 11 17 25 60 2414
15 28 28 48 60 3899
32 23 26 30 60 1063
35 8 30 14 90 100
37 15 39 48 60 1325
24 43 48 27 70 80
46 50 21 33 70 2750
24 45 17 27 50 2994
50 38 45 39 70 1059
44 19 5 37 70 904
7 15 10 18 50 2922
13 15 11 25 60 259
39 33 36 9 60 527
37 31 27 10 90 266
18 49 30 45 100 3789
49 23 10 16 60 1802
24 36 15 5 70 2691
33 39 26 21 60 432
39 15 35 18 60 1799
42 47 40 21 70 1341
47 12 32 37 80 433
17 10 7 32 90 409
7 42 28 29 70 3534
40 21 23 38 80 1136
41 50 40 32 80 1406
24 17 20 21 70 2941
18 5 8 41 50 1571
25 49 39 33 70 2238
39 9 35 15 70 3597
12 45 22 38 80 2925
7 46 17 24 90 541
38 25 37 46 80 327
38 14 33 17 50 3048
6 28 42 46 100 2754
40 22 44 45 60 859
33 6 47 16 80 2198
28 43 6 18 100 2412
45 44 24 11 100 1814
29 26 33 26 60 2351
47 7 35 40 90 1076
23 18 33 35 100 3455
11 37 14 14 50 3716
5 8 36 38 80 3759
25 35 47 15 80 734
18 50 33 44 70 3324
44 42 37 24 100 1221
40 22 31 16 90 2996
6 48 46 38 100 1290
27 39 43 15 90 1261
36 49 26 32 60 1676
45 30 43 37 50 3078
22 6 28 31 100 2141
45 7 29 6 80 2563
33 23 28 19 60 1325
25 29 19 44 100 178
48 50 14 50 70 1298
20 41 33 41 90 1450
17 40 11 30 90 617
16 33 45 27 90 3292
10 13 28 8 70 2577
47 37 7 21 70 680
13 19 24 32 90 2084
39 49 38 11 70 3933
15 28 7 45 100 1738
19 14 15 5 100 3273
44 30 42 6 50 1282
33 12 30 19 80 1023
11 20 18 38 100 2834
43 34 33 12 60 1197
23 29 6 47 70 3030
47 9 15 26 50 2101
8 30 48 36 70 1030
48 17 34 32 60 3923
23 36 17 38 90 3298
34 31 21 39 70 2795
46 22 25 30 60 1767
8 14 24 33 70 2986
17 17 30 19 90 1789
50 15 21 26 70 1304
38 24 39 34 100 1119
20 15 27 50 90 3241
13 49 27 49 80 1800
39 13 28 6 90 2822
12 6 16 31 90 262
23 17 27 49 100 1832
7 49 24 28 80 471
18 20 39 27 100 962
30 12 48 45 100 3700
39 25 24 22 60 952
25 5 38 7 100 268
19 13 12 25 60 2135
30 6 47 11 50 738
42 16 33 29 50 656
32 25 17 31 50 1678
38 15 14 13 100 1235
38 6 28 42 90 1775
40 16 12 28 80 1190
33 27 22 50 80 1872
38 5 12 16 100 130
29 5 47 9 50 2987
17 46 19 47 60 1169
27 31 21 11 90 2027
23 48 17 20 90 542
7 35 39 13 60 3756
15 37 50 26 80 1321
11 38 15 30 60 3783
46 20 16 23 70 3568
42 10 32 5 60 1200
24 42 24 10 90 330
22 37 18 49 50 3712
43 26 33 24 70 2442
47 30 7 35 80 587
42 45 32 16 100 44
43 21 44 13 60 3188
26 27 33 45 50 1411
27 11 27 28 70 997
39 33 27 41 80 2966
29 47 50 31 50 598
29 44 29 21 50 360
12 8 31 30 70 2048
13 41 22 48 70 2612
36 30 23 45 80 2793
17 10 37 13 70 3852
17 32 44 33 70 2841
32 38 25 14 60 2902
36 36 23 41 60 1717
13 45 40 20 50 3557
40 16 50 31 50 1474
42 27 47 21 80 1114
25 43 28 12 50 512
7 7 28 45 80 2389
43 38 33 42 90 669
46 37 32 22 80 2320
21 48 10 28 70 43
11 47 36 18 50 2717
48 43 40 15 100 1126
31 35 21 42 90 38
17 50 45 21 50 2084
38 20 20 41 90 3560
39 36 47 29 80 2770
36 50 42 35 50 2779
37 18 9 43 100 3779
29 44 8 13 80 217
28 44 36 48 100 3860
13 13 43 43 60 790
38 8 13 44 100 2400
26 18 30 17 90 649
49 18 33 49 100 2085
13 6 28 32 70 1614
31 9 21 29 100 1635
10 25 22 11 50 752
32 38 42 20 100 1910
47 42 6 32 90 666
10 5 48 13 100 272
36 24 12 31 100 196
26 16 18 12 80 3766
7 16 42 11 70 2749
16 40 40 20 70 684
42 42 24 10 60 1026
26 38 16 30 90 2464
15 29 34 32 70 3170
9 29 10 29 70 1092
41 49 37 16 100 2026
16 28 21 32 60 2897
50 44 9 43 90 1911
29 18 17 37 90 1573
40 31 43 25 100 3548
43 42 41 27 80 1511
32 33 45 8 80 3185
29 44 17 32 90 2133
19 22 10 8 60 2606
49 10 13 13 50 3514
41 16 16 24 60 2265
22 10 24 25 60 173
40 18 11 38 70 1960
36 5 35 45 100 2966
46 34 39 22 60 2029
44 29 48 19 60 149
35 34 45 17 80 2339
8 36 32 32 90 3866
25 36 17 39 80 504
27 49 46 21 70 3787
41 20 27 22 70 1172
14 26 24 24 50 3926
9 15 36 8 80 3382
35 44 45 47 80 1851
14 30 18 28 80 2062
10 16 17 34 70 3568
24 33 20 23 70 1376
25 18 10 28 90 3204
26 39 41 41 100 3060
49 36 13 11 60 2669
22 6 23 20 60 1778
41 26 19 15 50 1333
41 41 39 37 80 2969
37 50 14 40 100 1534
45 16 17 11 50 2646
9 43 36 15 60 1696
25 8 38 23 70 3323
40 47 36 29 60 2043
48 35 27 37 90 3751
36 20 27 25 80 12
35 45 32 36 80 2795
16 33 22 31 50 2180
9 13 21 19 80 2494
37 20 17 40 90 2873
45 46 29 18 50 2544
13 43 5 29 50 3804
40 49 21 14 100 789
48 20 42 19 60 1064
18 11 30 10 60 3828
11 48 38 45 50 2002
43 41 18 11 90 679
