300
81 80 75 41 5 37
61 28 34 92 4 32
36 63 64 71 2 42
17 38 63 38 10 15
15 58 92 10 4 20
95 91 16 23 10 29
57 14 68 59 4 30
99 25 28 61 9 59
67 37 73 46 10 125
93 60 98 89 7 199
15 84 99 58 2 48
96 24 32 87 8 74
37 92 71 63 8 138
37 89 78 66 9 144
19 56 29 16 6 60
59 51 52 47 2 201
46 92 16 98 10 79
45 57 28 27 7 159
47 48 74 86 9 270
22 21 88 25 5 108
39 31 27 70 6 168
12 30 11 35 2 71
72 78 55 53 7 308
45 11 87 98 10 66
66 33 14 32 1 113
25 80 28 57 5 179
69 40 27 94 3 177
39 68 43 87 6 314
12 23 54 75 8 113
99 73 83 45 2 415
20 90 85 12 8 105
18 62 23 19 1 131
42 14 39 58 1 123
48 68 33 12 9 124
100 50 75 94 7 531
84 98 46 85 6 377
26 25 28 73 8 287
48 82 29 92 4 272
85 44 11 66 5 107
66 74 47 67 3 499
11 23 35 46 2 119
46 57 35 54 3 385
10 51 17 23 2 100
20 63 21 45 7 221
44 27 41 31 3 345
52 87 97 17 5 229
91 75 84 44 4 533
67 80 77 100 9 823
20 42 35 39 10 243
88 66 15 27 5 214
97 78 88 41 7 636
64 32 42 95 10 427
16 64 40 81 3 206
11 26 86 93 4 154
91 89 33 79 6 444
100 62 42 40 3 537
75 44 72 22 2 358
51 16 46 86 3 266
58 45 45 57 5 659
63 81 42 40 7 637
64 45 29 25 4 394
60 10 95 67 8 163
10 92 74 98 9 156
29 65 42 81 8 530
25 20 73 74 3 384
36 78 74 80 1 701
27 44 69 56 8 537
36 18 11 49 6 172
14 12 35 11 6 200
34 38 95 46 4 638
16 43 62 23 1 316
10 98 36 16 7 211
99 47 60 19 3 329
50 78 44 85 6 797
73 43 36 89 7 767
97 34 90 57 10 739
35 39 39 53 1 663
21 23 71 40 3 466
49 96 52 23 10 487
91 53 49 63 10 960
26 20 56 59 9 473
56 69 45 26 1 522
84 87 85 32 3 765
74 55 15 29 6 318
17 99 87 70 10 397
75 47 36 71 3 735
97 57 46 96 2 1030
54 62 29 79 5 603
23 19 80 33 4 452
89 46 95 80 2 1213
42 12 34 12 1 304
77 29 26 42 10 629
97 83 39 86 7 1074
54 80 34 70 5 964
29 35 38 38 8 733
16 31 46 73 5 426
43 21 33 81 2 515
62 28 68 86 2 636
34 78 45 58 10 999
23 89 47 87 10 617
48 54 24 36 6 579
43 82 58 60 5 1069
37 94 68 90 6 955
43 40 43 13 3 335
87 36 30 69 4 815
50 92 27 42 10 678
57 98 78 21 8 577
95 24 66 29 7 748
73 95 98 81 4 2211
29 17 28 59 2 543
80 10 75 19 10 310
46 12 13 63 2 399
96 46 52 63 7 1272
85 56 12 72 6 315
38 20 55 78 10 639
12 82 24 87 9 407
89 81 82 76 3 2161
33 27 81 81 1 767
14 60 32 75 4 439
88 48 23 59 8 761
16 38 13 66 4 477
11 57 47 73 8 397
67 50 68 60 7 1574
53 86 14 78 3 520
78 14 32 36 9 466
93 24 21 81 9 684
81 100 31 73 4 1111
86 10 64 19 7 364
47 25 93 69 10 986
77 86 61 86 8 1954
87 99 78 44 6 1577
15 26 69 13 9 442
23 42 34 21 1 759
81 45 32 65 5 1242
47 83 67 60 7 1507
73 33 33 21 6 739
100 84 88 91 7 2712
82 81 49 94 2 1779
29 61 22 95 5 759
79 26 37 22 1 920
69 73 45 60 3 1485
64 87 83 78 6 2224
99 73 86 28 9 1036
47 91 32 37 3 1331
57 25 69 57 8 1072
30 88 67 56 5 1050
18 84 92 20 3 696
33 22 67 68 9 778
54 78 55 67 9 2284
56 71 63 47 2 1793
17 95 32 76 4 712
56 63 66 99 10 2384
98 49 24 27 7 905
37 32 85 48 8 1312
10 13 60 39 9 455
47 63 89 51 7 2078
94 75 98 14 2 611
60 59 67 88 4 2258
71 81 79 10 1 448
70 49 62 52 2 2166
49 42 19 45 5 849
34 49 56 34 1 1533
54 34 82 17 2 656
78 17 84 93 1 639
17 18 66 96 6 806
40 41 52 71 6 1710
66 86 11 92 10 500
40 37 47 63 6 1650
61 20 25 83 5 916
100 13 89 11 5 442
25 55 64 83 3 1020
24 45 13 39 1 543
78 22 72 42 9 921
28 70 83 19 7 909
21 16 38 90 10 800
19 68 56 19 3 942
41 77 87 44 7 2094
28 57 14 11 5 455
76 41 81 60 8 2000
15 58 55 49 8 782
59 53 13 83 3 624
39 24 95 56 3 1313
26 54 91 85 2 1311
47 61 27 53 5 1410
96 37 89 97 3 2018
100 41 96 56 1 2197
100 25 94 70 10 1130
30 52 79 44 1 1326
28 45 71 57 6 1308
49 18 27 34 9 844
12 69 39 91 1 665
82 85 94 13 6 644
90 82 77 99 1 3901
57 59 25 87 3 1126
76 20 43 22 2 911
92 52 97 24 8 1173
89 48 43 37 9 1825
90 98 42 85 1 2202
91 14 31 69 6 767
35 92 56 77 9 1727
13 38 84 48 7 723
47 59 53 28 3 1479
12 23 92 78 7 603
77 83 89 59 1 2832
85 94 28 64 8 1360
17 84 59 69 10 851
36 88 63 20 5 1046
70 70 43 44 1 2021
74 15 78 99 7 814
23 15 26 11 8 658
74 14 31 46 1 877
30 98 85 28 7 1369
99 62 68 67 3 3278
72 89 26 25 4 1546
44 19 61 72 7 1114
80 91 37 49 10 2270
45 19 79 99 10 1248
68 44 50 55 2 2458
16 24 74 84 5 1010
57 64 82 26 9 1643
41 68 72 21 9 1303
44 20 18 88 2 913
88 33 50 17 6 1109
35 88 34 36 6 2088
92 57 40 42 4 2150
10 14 45 23 2 628
22 84 40 58 3 1369
25 47 16 81 9 997
46 85 83 61 4 2521
58 42 38 25 2 1379
36 33 70 52 10 2134
95 53 95 10 6 680
60 57 63 82 1 3714
45 89 93 21 2 1233
33 95 12 19 3 723
39 45 84 79 9 2553
71 65 91 86 2 4151
100 51 32 68 6 2096
47 88 22 58 4 1262
24 55 43 49 7 1493
81 33 98 42 8 2255
47 43 67 13 3 885
65 39 10 80 5 704
32 52 77 75 4 2034
56 62 44 74 4 2734
56 11 69 74 3 655
75 57 69 99 2 3461
95 95 74 22 10 1309
60 96 60 23 4 1376
66 27 25 13 9 829
87 52 67 96 2 3699
17 88 93 89 5 1008
25 24 100 59 10 1797
54 71 63 95 10 3538
33 70 45 36 4 2004
44 87 93 53 1 2880
97 82 58 59 10 4468
98 62 95 83 5 3907
31 73 74 65 7 2048
21 90 27 69 3 1601
45 17 99 37 4 1309
14 84 62 87 8 1100
81 21 76 32 8 1555
31 73 42 74 4 1905
54 88 14 80 1 993
52 93 100 52 5 3223
48 17 83 99 9 1293
39 15 95 66 7 1038
21 80 18 61 4 1334
90 85 24 20 9 1263
56 15 30 82 4 1182
90 61 20 67 2 1394
13 60 26 62 6 864
51 21 44 74 4 1711
17 50 29 94 1 1133
84 92 20 79 6 1326
15 19 54 57 10 1103
74 93 58 19 1 1566
29 74 65 59 3 2301
87 45 78 93 9 3760
78 10 87 57 5 750
46 64 14 84 10 1008
82 46 85 35 4 2626
65 30 37 37 4 2446
51 48 88 21 1 1487
56 24 20 59 3 1666
30 68 82 49 3 2268
31 45 63 17 4 1207
25 63 21 54 6 1652
95 94 63 47 10 4094
57 29 51 75 10 2206
63 88 47 56 10 3619
74 72 20 100 1 1572
41 65 50 99 2 3588
64 78 92 61 4 4293
63 91 32 35 10 2191
18 51 93 49 6 1433
15 31 52 80 9 1219
19 18 38 82 8 1286
72 82 39 35 8 2676
