50
69 60 69 71 4 1430 
50 49 70 23 10 588 
33 49 50 100 1 1543 
97 57 26 87 7 466 
54 78 37 36 5 333 
61 92 59 48 5 512 
49 58 44 89 7 1151 
70 94 81 53 5 335 
83 46 88 86 3 2437 
98 52 50 25 3 1140 
59 54 38 52 8 794 
51 22 24 84 2 1904 
26 29 33 46 5 826 
22 32 51 55 7 1627 
61 50 35 57 3 1014 
32 69 33 42 2 2356 
88 85 57 46 1 330 
54 24 80 35 5 1734 
68 49 76 48 3 623 
34 86 93 59 9 1704 
38 65 90 21 7 1631 
37 20 51 94 5 2425 
21 25 37 48 5 2436 
24 90 71 34 5 793 
28 100 88 63 4 253 
65 94 55 32 5 2321 
28 65 100 20 3 1598 
100 62 57 47 2 982 
25 66 57 51 5 1131 
56 23 31 65 1 2012 
41 89 26 47 5 2095 
46 22 39 86 6 709 
75 82 27 58 2 1611 
30 92 53 50 2 458 
38 80 70 28 10 775 
72 40 39 70 6 2026 
73 35 77 24 3 1373 
97 43 47 37 1 1665 
27 57 86 56 3 1232 
66 68 78 77 6 2444 
40 21 20 37 7 2237 
89 75 93 35 9 1389 
92 46 39 53 1 274 
54 65 66 88 5 209 
31 51 46 98 6 1389 
54 78 47 23 2 1799 
42 80 87 27 10 1895 
39 90 60 25 7 1812 
73 49 48 36 7 882 
59 95 55 57 8 2326 
