50
29 38 21 25 3 29
74 66 92 74 6 101
87 26 92 8 10 179
64 97 9 56 7 52
73 24 73 38 10 87
60 65 55 31 8 69
83 51 23 9 7 87
3 34 65 17 3 30
71 78 9 100 6 104
99 61 41 42 10 78
4 100 41 32 1 155
48 3 60 69 6 19
39 82 21 57 6 108
60 40 78 86 6 123
44 96 29 65 4 36
51 86 57 9 3 114
99 89 44 87 1 171
87 57 2 89 2 36
45 85 62 26 7 77
96 90 73 4 9 78
40 72 57 53 10 43
44 92 52 65 6 76
60 50 38 31 1 79
3 81 16 3 6 124
74 20 24 29 1 70
44 81 65 75 7 51
61 62 64 62 5 112
45 46 87 47 1 166
35 46 52 69 5 129
96 22 77 41 3 167
52 31 32 54 8 99
55 42 4 55 10 17
24 70 82 8 6 142
47 67 50 25 3 118
30 30 39 42 2 84
2 86 30 67 9 166
40 8 18 84 1 125
3 89 13 15 3 106
86 49 44 45 8 103
73 19 26 21 4 40
65 1 2 36 1 1
100 94 36 69 4 185
38 91 76 3 1 8
76 57 4 38 8 148
53 21 78 89 4 27
84 22 61 64 5 84
5 85 90 98 10 157
44 100 36 96 10 169
63 30 13 15 5 97
39 17 86 29 2 53
