50
17 8 15 21 7 69
23 15 3 14 9 330
8 15 23 3 9 122
7 25 4 11 1 192
9 23 12 6 1 431
3 2 5 10 3 266
25 22 22 2 2 291
24 25 8 5 7 124
2 5 24 13 10 447
22 10 9 19 3 52
11 7 21 22 4 115
2 21 24 16 3 227
15 4 9 25 8 226
23 4 13 7 7 204
19 13 15 14 4 21
4 13 23 20 7 455
10 18 25 22 6 116
5 6 23 22 8 417
6 16 23 18 7 98
18 25 15 2 8 28
25 2 3 7 7 167
23 13 21 17 9 322
23 9 3 17 8 194
7 4 17 11 4 330
11 17 6 15 5 351
19 20 4 7 1 6
17 5 24 20 9 69
25 22 6 4 1 341
9 22 14 4 4 262
11 23 18 23 2 64
6 4 10 9 6 241
13 18 13 13 8 342
24 12 4 22 3 45
10 18 10 9 4 492
5 10 5 7 8 206
16 24 24 15 1 384
15 23 23 6 6 483
7 8 8 6 5 418
3 6 23 3 2 179
12 8 17 15 8 203
18 19 24 3 2 281
19 12 24 24 10 417
9 11 25 24 3 74
7 15 9 7 2 28
22 13 14 10 8 334
19 2 2 15 6 61
18 12 21 17 9 406
17 8 12 19 2 389
2 19 21 20 2 3
14 12 16 17 10 175
