300
84 78 85 133 3 2160
52 48 65 77 2 660
73 66 89 125 4 960
46 41 52 67 1 720
61 54 70 91 5 840
48 43 63 70 2 2640
82 76 99 130 5 240
167 156 174 278 2 1680
138 147 138 230 3 3840
86 84 89 128 2 2460
124 127 121 176 4 3540
66 64 88 106 7 1140
176 172 190 276 2 1680
54 53 72 95 1 960
53 55 73 89 4 780
43 43 52 67 1 2100
45 45 53 75 2 1740
56 60 72 91 2 840
101 103 96 136 5 4020
38 34 48 64 7 780
46 44 55 70 2 1080
59 53 69 82 2 1380
69 70 96 114 5 660
63 58 66 92 2 2100
79 90 98 148 3 2940
129 131 133 175 2 1500
118 116 116 176 3 3000
127 128 153 211 3 4080
52 45 63 80 2 1440
168 190 178 256 3 2460
159 171 165 279 2 4080
62 56 84 111 5 900
107 122 127 170 2 2580
44 42 53 63 1 180
202 195 204 296 5 3900
40 36 48 63 2 960
78 78 103 147 6 1080
86 86 106 148 7 840
67 70 69 96 2 2100
29 27 41 52 1 960
157 162 144 230 2 1980
121 117 128 196 3 3600
69 67 69 116 3 3540
35 37 45 57 1 2400
24 21 26 39 5 480
35 28 39 48 7 1260
43 38 54 61 2 2580
55 49 60 91 2 1440
63 65 67 107 3 3960
39 33 44 57 2 1860
55 47 71 95 5 1260
55 50 59 88 1 2160
40 41 53 66 1 2760
65 50 77 99 2 420
47 40 51 68 2 2040
75 88 82 118 2 2400
28 26 34 45 2 360
143 151 149 212 3 2340
40 31 49 62 6 720
42 32 46 62 2 1140
33 30 46 57 2 2040
89 70 105 128 5 120
28 24 33 51 5 720
70 64 80 108 5 1080
38 37 44 68 4 420
34 29 37 50 2 300
102 104 105 158 3 1800
153 138 139 202 2 1800
40 33 42 69 4 1320
73 76 99 132 5 900
145 126 161 227 2 4200
43 40 49 67 2 2520
55 46 66 78 1 1620
121 114 105 169 3 4920
150 135 138 201 3 2880
54 52 64 74 2 1020
68 74 75 110 2 4140
42 42 47 64 1 1800
187 172 198 279 3 3600
63 54 80 112 6 300
39 33 49 51 1 2460
56 49 61 80 2 1680
159 181 191 262 2 2460
159 154 192 270 3 2880
70 55 81 107 5 1020
58 49 69 89 1 720
120 121 126 206 3 1980
73 81 78 124 2 2040
43 42 50 64 2 1020
32 29 44 53 1 1680
174 147 154 251 2 2760
95 91 105 144 2 3900
176 205 162 260 3 3780
166 189 178 261 3 2880
53 55 69 95 2 1440
102 95 92 132 2 1500
190 174 186 268 3 2460
96 81 88 129 3 1440
179 165 201 254 2 2400
182 170 193 259 2 3120
37 38 43 54 1 1140
257 263 204 381 3 4140
44 39 58 73 1 1740
51 45 56 80 6 180
121 122 144 178 3 3600
102 118 103 162 4 4680
49 46 61 74 7 840
63 57 75 84 1 1380
50 53 61 81 1 2460
74 60 95 116 7 900
92 100 92 147 3 5580
167 165 177 248 3 4140
56 51 61 84 1 540
56 46 59 79 2 780
67 71 72 103 2 4260
72 72 76 119 2 2940
138 152 146 242 3 3960
83 84 91 141 2 3960
63 56 79 95 4 1140
22 19 30 39 5 60
102 91 109 141 3 2400
87 88 104 139 3 3360
74 65 78 98 3 2400
29 28 38 52 1 1980
54 55 74 81 2 2760
146 139 153 235 2 1800
66 59 84 110 7 780
88 81 117 156 6 840
41 32 48 58 1 2760
85 69 106 138 7 540
50 48 55 75 1 1320
162 177 145 227 5 5460
52 45 54 84 4 600
64 59 64 87 2 2700
193 222 192 281 3 3720
36 38 48 57 2 1980
41 33 49 54 2 840
35 28 45 47 1 2220
109 103 117 156 3 2280
82 73 96 147 4 300
51 46 57 67 2 1020
64 55 66 85 1 2700
62 62 74 114 2 2400
40 39 56 61 1 120
37 34 51 66 2 780
50 49 58 85 1 2640
42 39 51 69 1 1020
165 191 206 292 2 2700
45 42 51 62 2 1320
33 32 40 51 1 2460
45 41 50 75 2 2520
143 159 153 259 3 2880
33 30 43 53 1 1560
75 71 83 116 2 1740
47 44 61 74 2 2760
62 52 66 83 1 1860
50 39 59 72 2 2280
28 26 37 50 2 600
81 80 93 131 7 840
40 31 48 61 2 2640
58 53 70 79 2 1860
58 49 67 90 2 120
57 45 56 82 2 1200
165 166 201 258 2 3060
43 41 53 70 2 2040
50 40 55 73 5 1020
21 19 24 36 7 1080
52 50 58 83 1 300
38 40 44 60 2 1620
266 250 236 376 5 3240
53 57 63 78 2 1260
33 30 37 55 2 660
251 266 213 379 3 4920
99 102 103 167 3 2040
193 174 200 262 2 3840
82 85 99 146 6 960
43 38 47 62 1 2280
34 30 43 51 1 2340
217 237 208 328 4 4080
64 55 76 90 1 2280
59 59 65 89 1 2400
23 19 27 36 7 1080
25 26 36 43 4 1140
126 122 120 183 5 4020
58 55 75 108 6 300
29 26 40 52 1 240
59 65 68 98 2 2760
193 197 176 312 5 3420
78 70 103 122 6 120
193 160 181 286 3 3600
30 29 34 45 2 2280
38 35 51 64 1 720
180 175 158 302 5 5700
118 117 129 183 2 3600
82 75 99 152 5 1080
116 111 130 202 2 2580
47 45 54 74 1 600
78 86 86 143 3 3960
28 31 39 43 2 1140
72 58 82 120 7 180
114 121 131 167 3 2640
50 43 70 93 5 660
37 31 39 48 1 780
70 64 69 96 3 3000
36 34 40 50 2 2220
30 30 40 45 1 420
122 125 126 208 3 1500
77 79 73 123 2 3240
102 103 111 172 3 3840
173 165 185 294 3 3600
214 213 187 330 5 3420
129 116 123 185 3 1440
38 40 56 62 2 2160
32 31 42 53 2 240
30 23 34 42 7 480
70 68 82 120 2 2640
82 75 75 115 2 2520
128 141 138 184 3 3900
44 45 60 66 2 1140
39 31 45 52 2 1500
58 53 65 84 7 600
165 148 180 250 2 3180
159 153 179 236 3 4140
39 32 42 55 2 300
131 114 126 181 2 3720
106 112 99 163 3 5460
43 40 50 74 2 900
83 67 89 147 5 480
39 33 47 70 5 1320
41 36 45 62 2 1320
61 56 72 94 6 1260
75 69 98 117 7 480
141 129 153 233 3 2280
77 75 86 121 2 3780
47 42 60 70 1 1200
47 42 53 71 1 600
75 80 84 114 3 3660
53 48 54 72 2 2580
130 138 122 201 5 5640
30 27 36 48 6 480
237 242 195 365 5 4800
36 32 35 47 2 2040
31 28 41 48 1 900
53 48 66 85 7 180
244 231 231 349 5 3300
123 138 129 201 3 3000
103 99 105 132 3 4140
55 54 68 80 2 2400
70 64 76 104 7 120
164 167 192 238 2 4080
80 76 83 113 3 2340
57 54 64 85 2 480
77 86 94 118 2 2040
45 41 54 78 4 960
143 145 167 223 2 2580
81 75 85 115 2 2820
57 50 67 84 7 1380
41 35 48 54 1 2100
64 73 69 99 2 3600
51 53 70 82 2 1380
42 44 53 61 2 1320
83 62 92 122 7 420
48 39 50 74 1 2760
60 53 77 92 1 1620
155 160 162 233 3 3660
55 46 58 71 2 420
130 119 142 188 2 3720
34 32 40 53 2 1920
30 25 35 48 4 780
63 50 66 93 5 1080
78 69 88 119 5 1140
118 104 126 171 3 2220
180 200 192 287 2 2100
123 116 113 191 3 3600
54 46 71 77 2 2460
178 187 174 294 3 3240
46 37 56 70 1 1680
105 100 117 159 2 2220
32 31 40 43 1 420
53 45 72 96 4 420
36 36 45 58 1 2520
118 107 130 176 3 3600
97 96 88 150 3 3360
49 43 57 77 1 300
125 104 117 171 2 2100
39 39 51 66 2 1680
39 37 47 63 1 1800
37 33 41 54 1 1200
55 44 59 71 1 960
168 168 174 240 2 3780
36 34 43 53 2 1620
88 82 101 123 6 1260
53 47 63 86 1 1860
31 28 41 46 1 1560
53 41 54 85 4 1200
37 38 44 62 1 2280
124 117 133 202 3 4080
182 168 193 263 2 1620
144 131 142 227 2 2940
36 32 46 59 6 1080
