100
44 138 168 151 104 1537
108 100 170 141 132 2257
64 54 112 97 88 2457
103 73 148 156 53 988
146 87 161 52 86 2087
23 50 109 105 144 1368
27 94 161 75 123 3266
39 30 41 65 77 2566
163 112 144 199 91 1288
166 56 77 175 79 2113
165 187 154 117 58 1357
189 85 22 20 71 3336
173 151 175 69 104 3159
190 197 109 27 86 957
137 158 96 48 125 2355
150 131 129 51 107 2115
82 28 123 50 114 2200
106 103 161 28 68 137
53 134 85 125 72 1708
111 48 123 74 97 123
58 38 184 63 111 635
80 158 55 55 99 3016
79 33 120 54 56 2262
191 157 48 59 128 1628
67 174 116 95 129 2209
120 105 45 195 74 2693
98 96 113 59 108 1875
177 83 182 186 107 1837
53 175 43 26 108 1885
187 136 56 111 110 2808
108 162 33 78 75 2123
84 174 127 26 133 1512
88 142 200 25 113 776
71 106 25 142 135 2537
188 171 166 60 53 1810
41 114 100 175 64 308
183 41 192 95 149 1366
182 94 107 52 104 1247
104 156 92 45 89 3447
29 195 58 69 138 2977
29 124 70 199 147 1635
33 45 116 85 147 730
148 184 166 101 70 1950
152 197 167 70 87 2354
162 164 172 157 57 2160
47 146 70 183 89 524
69 47 28 94 126 1716
142 128 114 155 96 575
32 100 38 131 79 868
94 156 64 107 84 598
33 175 125 97 113 482
135 111 39 32 123 2824
65 169 131 58 149 1496
159 126 63 164 88 3308
191 46 138 197 74 1656
87 58 127 191 136 1504
106 194 151 65 69 3435
122 110 125 189 99 440
140 83 156 85 74 3452
55 186 31 44 81 3357
171 73 187 27 110 933
193 48 129 83 145 332
175 78 136 185 123 645
96 170 179 182 121 1582
192 26 102 70 56 2162
43 52 190 160 109 739
153 40 103 156 61 1983
127 53 170 67 129 168
200 196 110 155 89 2564
88 36 182 25 85 3253
170 119 91 135 89 406
63 82 56 58 130 2125
45 136 153 50 128 1470
165 95 49 149 103 2251
178 164 26 51 150 2045
94 108 94 32 150 1973
110 123 155 109 70 2632
149 41 56 130 149 1087
57 58 119 86 62 2959
104 181 132 22 81 3403
191 70 173 106 112 1655
167 40 90 175 139 1010
61 165 133 129 62 3515
83 38 55 79 80 2900
156 139 124 161 78 573
113 141 116 110 76 2181
25 147 182 103 68 1683
175 152 80 69 98 2056
97 128 134 65 99 3464
165 183 125 124 138 245
172 200 101 151 56 1878
61 157 90 60 99 273
171 114 20 172 76 1201
45 84 78 77 54 2642
158 57 183 120 96 2323
78 21 181 133 137 51
124 113 65 20 99 351
68 65 199 171 108 910
179 46 33 155 60 1848
177 78 174 104 73 2566
