400
50 78 61 98 247 159
56 16 11 61 197 135
81 63 81 19 197 183
23 22 33 41 205 128
88 40 82 36 186 166
94 25 54 77 198 180
100 89 37 26 86 105
33 88 49 41 117 149
18 97 93 40 225 117
85 54 7 69 140 124
37 93 84 23 179 178
23 52 25 42 73 183
4 34 37 25 175 119
3 10 87 34 216 165
56 90 57 54 112 182
51 63 92 3 205 125
55 31 61 44 206 154
96 47 21 18 108 179
80 69 29 31 129 140
5 99 5 46 109 164
12 81 97 79 137 119
28 2 3 60 225 184
25 52 63 74 96 147
77 90 60 38 124 170
19 88 23 5 162 122
1 50 62 37 180 141
43 52 37 43 207 158
58 51 31 43 59 164
57 73 90 13 188 112
19 51 8 63 166 119
73 86 64 70 229 110
92 99 24 94 197 107
14 31 83 3 169 176
65 21 21 46 190 121
17 60 84 29 100 113
48 66 82 90 108 141
82 71 49 70 143 190
94 5 5 75 145 185
3 54 55 62 69 127
10 43 74 47 201 117
66 7 83 46 61 169
4 72 12 14 229 188
22 55 27 44 193 149
24 82 78 19 246 151
24 5 23 20 195 121
60 48 44 1 212 149
71 52 23 33 91 137
87 77 56 29 77 177
24 21 63 30 161 108
64 77 7 59 219 178
6 20 13 27 242 111
89 93 12 15 135 186
97 11 60 9 191 179
94 43 18 12 162 169
49 79 67 52 58 173
10 75 14 85 111 141
96 26 73 88 74 131
33 73 24 40 154 173
11 46 68 42 102 151
21 2 76 52 119 166
65 64 83 88 69 131
100 32 51 14 57 134
37 76 81 99 84 144
35 1 93 90 190 165
4 96 97 74 140 143
12 98 20 60 209 138
97 52 98 14 151 123
94 4 73 30 226 104
27 33 12 68 161 103
46 81 62 96 250 182
10 48 31 37 115 133
44 99 67 21 74 108
88 22 44 92 123 129
6 27 37 52 247 144
73 39 52 68 67 170
49 49 97 96 180 101
4 1 6 61 205 123
14 77 53 93 97 135
67 41 77 91 142 150
1 33 42 44 189 109
18 85 22 40 71 121
8 34 48 93 237 132
51 36 91 40 56 104
4 76 68 59 128 125
83 66 13 14 201 130
52 58 51 30 86 109
6 80 14 6 216 148
25 62 16 31 116 171
36 72 21 79 227 174
69 50 47 5 243 129
80 11 13 81 183 154
39 30 60 12 244 158
57 18 43 32 101 127
38 70 67 87 161 185
64 66 76 86 200 152
27 12 64 59 155 188
50 87 36 67 232 161
2 89 98 75 88 148
91 7 8 73 82 120
80 77 24 88 239 179
85 37 38 31 244 138
68 10 74 54 192 172
81 22 99 31 128 139
88 46 55 60 80 149
56 73 10 48 250 186
85 73 95 35 229 143
72 59 60 60 154 129
80 95 72 4 88 175
63 61 22 7 237 142
68 66 57 13 81 163
97 62 54 56 239 169
63 88 7 3 202 123
71 34 41 98 117 125
62 67 40 19 108 132
78 40 39 37 217 108
10 34 59 72 184 117
20 87 67 12 116 163
49 22 21 2 87 163
65 37 46 10 214 149
12 43 63 29 128 164
10 60 13 19 169 143
18 71 82 18 99 144
47 32 39 30 178 188
9 57 15 30 162 181
84 47 66 28 60 161
7 75 72 42 64 147
77 38 55 17 160 147
90 17 44 39 153 147
12 85 41 2 210 174
35 6 96 37 95 107
88 12 10 50 83 140
69 69 12 9 59 113
68 87 39 38 227 185
7 11 3 51 153 158
4 27 45 61 157 121
54 16 93 56 164 172
75 49 84 72 142 115
56 48 15 19 125 125
45 97 80 7 124 185
76 64 32 24 185 159
81 33 8 76 103 126
8 21 66 71 213 130
7 84 2 84 217 145
91 43 91 45 213 128
35 50 29 3 88 174
64 13 33 10 207 136
44 15 75 98 170 184
79 71 60 50 218 110
1 14 43 70 115 102
26 33 75 26 141 177
26 55 36 21 225 154
81 16 96 48 58 129
75 83 48 5 149 150
42 17 26 34 123 189
20 30 57 72 239 156
4 90 84 52 127 115
30 17 96 13 184 116
74 85 32 92 187 160
70 19 36 62 164 162
58 76 84 27 72 172
12 14 57 74 152 134
60 94 38 90 141 166
18 72 89 24 156 148
41 24 49 41 166 173
42 53 80 46 203 152
86 61 5 43 106 147
15 6 7 41 89 134
60 7 42 49 236 109
22 9 67 77 73 106
13 8 11 47 57 116
46 11 58 20 152 182
8 98 14 16 240 107
78 40 58 79 124 145
70 86 75 11 113 153
92 52 97 97 132 125
100 15 52 3 167 144
11 43 94 28 249 186
11 32 66 73 86 158
33 96 4 25 116 119
72 59 85 75 219 113
42 44 4 23 111 180
51 49 6 14 219 188
11 12 83 29 223 113
64 62 22 28 104 171
30 36 80 20 202 119
10 21 95 23 133 185
99 45 73 28 244 142
82 30 65 37 182 190
7 6 15 93 135 118
93 48 66 27 161 158
48 98 90 12 129 109
34 88 42 35 85 136
50 6 47 72 129 120
10 52 67 35 176 187
92 95 34 49 81 116
78 51 59 85 90 157
97 39 59 69 113 144
24 98 34 24 157 173
64 37 50 28 207 114
40 96 37 99 59 110
73 88 100 98 245 168
51 2 31 89 129 181
65 96 82 8 193 168
38 71 100 42 111 102
13 98 87 14 217 118
76 20 96 95 89 135
78 4 31 52 130 117
21 34 60 29 221 141
10 75 75 16 233 127
4 57 88 97 209 118
62 31 81 77 178 136
38 12 51 69 155 110
24 59 21 39 185 175
68 99 33 35 50 125
46 5 67 88 145 108
85 62 66 16 190 166
62 18 42 10 103 176
11 92 36 28 173 163
4 95 86 64 52 121
57 16 58 38 227 108
2 61 36 83 75 184
83 44 10 17 176 173
20 98 63 20 216 162
97 52 36 54 64 113
86 41 11 14 59 172
58 38 92 43 89 118
55 69 50 42 51 111
60 83 76 23 187 110
7 96 90 87 239 139
56 49 90 1 215 171
2 22 60 75 198 159
68 5 47 84 93 116
71 69 90 10 172 157
18 24 40 45 188 136
26 69 78 33 216 105
56 54 43 48 250 147
59 42 76 65 181 163
90 9 88 65 147 110
36 47 15 71 132 189
82 78 76 74 192 152
31 68 36 4 70 156
98 77 37 91 155 107
55 66 32 37 52 101
83 2 13 32 73 134
73 58 88 69 148 128
49 68 94 68 107 102
81 65 96 99 120 116
51 56 58 67 86 173
47 90 6 19 71 139
98 63 4 76 152 132
6 96 51 54 70 168
4 48 48 3 198 177
78 44 89 58 163 183
1 50 2 61 68 166
40 23 35 15 108 159
1 17 1 22 85 111
5 44 6 31 152 105
28 93 15 93 97 153
100 72 2 32 111 159
47 37 22 69 148 157
47 50 52 42 197 108
82 31 10 15 74 146
14 40 13 18 81 144
35 49 17 30 195 149
79 100 52 1 103 190
19 10 37 97 51 111
91 67 73 52 125 168
3 39 26 66 90 128
45 96 42 43 175 146
23 33 4 94 139 145
34 27 10 35 55 176
29 75 75 70 245 182
88 76 89 57 121 151
22 79 75 56 190 139
92 49 60 81 121 108
27 47 47 52 179 160
40 23 66 30 230 164
54 32 22 49 189 105
44 65 90 99 213 120
82 38 49 9 134 150
98 33 67 37 233 108
16 70 40 54 168 112
78 75 39 4 114 178
62 3 5 46 184 185
88 45 20 96 108 180
56 13 3 11 77 173
87 32 21 45 140 134
54 4 44 50 233 177
28 98 65 48 122 144
54 46 46 60 151 118
9 33 100 12 68 174
84 49 36 17 165 175
75 43 36 23 230 130
81 1 85 82 147 106
8 36 17 12 77 144
37 34 43 84 164 158
79 41 39 7 138 149
90 92 15 69 86 169
75 2 72 63 186 131
46 81 33 33 120 112
37 10 76 21 202 161
10 30 39 7 63 120
71 39 84 29 192 173
13 40 43 19 127 129
62 8 77 52 197 176
8 37 97 1 241 144
25 67 48 60 83 187
72 13 16 35 232 159
41 37 42 94 116 186
12 17 34 41 74 114
53 66 21 37 231 134
59 13 1 95 88 113
36 50 53 51 151 113
59 80 4 33 237 136
24 9 51 86 129 186
50 29 66 37 197 102
68 38 30 9 228 155
93 71 1 13 94 191
61 3 19 37 106 172
38 22 88 28 169 124
68 41 11 91 194 173
8 92 49 11 53 148
9 25 100 19 85 100
47 32 13 77 210 136
5 7 66 64 121 120
31 19 63 65 228 155
17 72 52 60 125 187
85 73 56 74 245 127
65 36 87 5 212 102
14 39 37 81 94 138
78 64 3 44 146 108
56 65 87 93 202 105
95 67 10 27 60 114
88 75 25 44 64 142
56 79 9 99 60 124
83 52 68 85 122 110
94 21 95 26 191 132
12 9 76 13 123 128
35 16 51 36 174 170
55 19 12 29 191 156
23 42 8 8 100 159
71 78 9 96 139 136
86 74 1 75 114 110
9 80 99 72 80 102
64 91 8 31 167 162
73 35 55 38 66 133
45 76 77 73 241 132
72 8 95 54 206 148
96 59 92 6 78 111
44 60 28 30 99 108
74 31 21 1 173 137
1 92 89 76 129 185
67 58 73 100 242 146
75 72 37 29 132 173
92 47 34 80 132 172
72 6 39 58 232 177
17 83 89 80 86 162
3 82 100 76 212 101
61 40 92 86 143 126
35 6 93 97 52 122
23 83 17 73 82 174
100 3 90 77 192 125
13 32 74 87 106 141
63 24 26 33 245 178
24 20 2 59 178 135
29 46 100 17 135 102
84 48 57 2 116 148
10 95 94 6 222 173
90 29 100 47 71 174
63 15 37 100 97 128
92 77 55 62 51 146
8 49 89 32 120 177
99 86 17 24 52 148
1 83 32 14 168 146
17 97 63 15 208 128
29 87 81 84 52 184
78 5 33 12 180 119
75 12 80 23 100 129
51 89 69 25 175 118
84 82 55 40 166 135
69 4 10 72 100 110
92 9 43 70 216 119
22 40 8 60 130 153
34 55 45 70 135 179
21 13 82 67 179 144
38 75 89 75 102 152
25 46 49 29 84 178
37 44 64 23 121 156
57 49 77 43 177 128
66 22 67 61 109 169
74 12 11 79 182 184
37 100 63 87 54 139
51 3 48 42 100 140
9 69 56 19 210 164
66 52 80 85 85 133
84 70 13 91 198 170
75 99 72 53 83 113
90 81 19 3 132 141
40 79 11 64 77 137
55 7 39 30 53 184
