400
5 5 3 5 8 330
3 4 10 7 9 590
10 8 6 9 6 300
8 3 17 15 3 86
1 5 3 5 9 559
4 10 6 6 3 382
10 2 8 7 7 469
20 19 15 14 6 5
2 5 1 1 5 476
5 4 10 10 5 473
3 13 15 8 10 599
20 9 13 3 8 271
5 3 5 1 7 540
1 7 7 10 10 229
2 4 2 14 10 231
11 3 17 7 9 563
3 4 2 4 3 264
3 3 7 9 10 403
7 7 11 3 3 418
11 12 19 7 2 315
3 3 5 5 1 0
7 8 8 4 10 390
6 10 13 14 6 437
9 5 3 13 5 536
3 5 5 3 2 294
6 7 1 1 5 50
8 3 4 14 6 240
9 1 18 19 9 662
2 3 1 1 3 378
5 5 9 7 1 481
7 11 5 7 5 46
3 11 14 19 10 0
4 1 5 1 1 573
2 2 1 1 3 523
8 13 5 6 1 379
1 19 12 16 2 428
5 3 5 1 3 352
8 5 10 6 10 265
5 4 10 1 8 152
20 13 11 6 9 667
3 2 1 1 4 598
5 6 2 9 10 316
4 9 9 3 3 111
1 4 7 13 3 107
4 5 4 4 3 42
7 7 7 9 4 422
9 7 15 14 9 318
4 9 8 16 8 482
2 3 3 4 10 144
6 7 5 7 5 152
11 7 1 1 7 476
2 9 4 4 7 225
4 4 5 5 10 53
6 5 4 3 8 175
12 13 6 8 9 482
3 13 11 5 2 386
3 5 1 3 5 378
1 8 7 9 3 536
11 2 3 8 2 41
6 1 4 4 4 275
4 5 2 5 5 678
3 9 5 9 8 631
14 7 14 2 5 355
13 12 10 19 2 465
1 4 3 1 2 515
3 5 6 10 1 154
13 8 11 3 1 625
2 14 18 7 4 242
4 3 4 1 2 589
7 7 8 3 9 437
5 6 10 8 5 537
2 7 8 4 4 324
1 3 4 4 6 530
10 3 4 6 6 201
1 15 9 7 10 457
10 11 13 6 9 213
3 5 2 2 2 325
6 6 4 3 8 177
7 6 2 5 3 479
8 6 17 2 6 552
4 5 4 3 5 18
7 3 7 8 4 245
3 6 7 7 1 97
18 17 14 6 1 123
3 5 4 4 9 87
2 6 3 4 5 213
5 3 1 4 4 123
13 7 3 14 1 275
2 3 4 1 3 33
7 1 2 7 8 236
2 1 1 8 6 678
8 18 14 5 4 432
1 3 3 2 8 272
6 2 6 4 8 389
10 8 15 7 8 640
17 16 7 8 5 233
5 3 1 1 8 153
10 8 6 1 8 215
15 10 1 5 4 143
13 13 12 10 3 688
3 5 4 1 7 536
5 2 5 4 1 627
1 12 9 2 3 57
3 11 17 20 6 549
5 2 2 5 10 349
5 4 3 8 7 123
15 1 9 4 10 149
3 17 3 16 8 373
5 3 1 3 9 429
10 5 4 7 3 259
11 15 3 15 8 203
19 20 8 17 6 383
4 1 3 2 6 649
5 2 10 3 1 237
6 6 4 1 10 194
13 15 9 10 10 162
5 2 1 3 2 1
9 1 7 7 2 142
12 5 11 12 5 263
15 13 1 19 7 185
3 4 3 1 7 41
5 3 9 2 6 148
6 8 3 13 9 491
20 8 12 20 1 138
3 1 3 2 5 555
3 5 6 5 4 502
7 14 5 4 3 616
14 15 15 17 4 177
3 2 2 5 7 618
5 2 4 2 3 467
3 9 10 5 5 334
16 7 13 3 10 626
2 1 2 5 9 554
10 9 5 10 5 665
3 11 7 12 8 584
6 4 18 20 9 319
4 3 2 3 3 94
2 10 7 7 8 345
2 15 1 13 4 473
17 1 5 18 9 396
3 3 1 2 1 582
10 4 8 3 2 34
4 4 15 2 3 344
14 2 19 20 3 617
3 4 1 2 2 259
6 9 8 1 8 2
8 14 2 3 6 34
7 17 14 17 10 46
4 4 5 3 2 129
3 6 8 3 5 620
14 11 9 2 7 0
18 11 9 1 3 465
1 5 1 3 2 635
4 2 3 3 9 271
7 9 5 4 5 275
11 9 12 19 10 233
4 2 5 4 9 386
2 3 5 3 10 645
1 2 11 7 5 169
12 5 16 2 9 180
5 5 5 2 10 313
3 9 7 6 8 145
13 12 7 3 5 410
17 14 15 3 5 311
4 5 2 1 9 655
5 9 2 3 2 565
11 6 4 1 5 516
13 2 11 2 4 664
3 4 5 5 5 466
9 5 6 6 9 525
2 5 8 6 6 75
2 4 8 18 1 355
5 2 4 4 8 36
10 10 2 4 5 131
13 1 9 13 5 434
12 16 7 12 8 135
1 2 2 4 3 590
6 2 6 3 9 358
9 2 2 6 8 314
18 9 12 18 8 205
2 4 5 4 3 681
4 4 5 3 7 379
14 14 15 11 1 251
10 1 12 14 2 82
4 2 3 1 8 213
4 9 8 3 8 182
9 12 6 11 6 391
11 2 14 3 10 629
3 4 2 3 6 375
3 6 3 1 6 684
5 4 5 5 10 352
3 13 13 7 7 318
2 5 3 5 1 499
4 4 7 8 10 68
11 13 8 8 7 81
7 18 2 19 6 314
2 4 3 1 4 455
2 2 5 7 6 403
14 1 13 9 5 273
11 16 4 9 4 657
4 1 3 2 4 58
7 8 3 9 8 204
6 14 6 13 7 663
15 2 5 3 8 634
1 2 4 3 9 605
8 10 6 5 5 476
14 14 3 11 5 91
8 11 2 18 2 514
4 2 2 4 10 380
4 5 7 4 7 614
8 14 1 6 9 305
11 2 5 3 4 625
2 1 5 3 3 334
8 4 9 10 6 73
9 15 6 5 1 657
11 1 9 18 5 333
5 4 4 4 4 590
3 1 6 6 10 313
3 13 3 14 8 134
20 9 20 16 10 87
4 4 4 1 8 684
1 6 5 7 6 652
8 10 15 15 10 149
20 1 13 7 3 83
4 3 5 2 10 100
6 1 3 7 5 632
14 15 7 1 8 509
14 1 6 8 8 422
4 2 1 1 7 117
4 7 2 5 3 200
9 13 11 4 6 434
12 17 18 2 3 99
1 5 1 1 1 128
9 8 1 3 4 370
9 5 6 11 9 604
14 5 14 15 3 96
4 1 1 5 2 295
5 5 7 6 7 329
2 4 12 5 4 418
12 1 4 9 8 76
1 1 2 5 6 394
4 7 2 4 7 80
12 1 9 1 9 454
12 6 12 1 8 63
3 3 5 5 4 244
7 9 6 3 5 523
9 12 7 1 5 13
17 1 12 6 10 41
3 2 2 3 8 534
6 6 9 1 9 300
10 2 13 15 2 277
6 10 15 6 10 393
3 2 3 2 9 52
10 10 9 6 10 245
13 2 3 14 6 661
1 13 1 4 6 441
1 1 5 5 3 93
3 5 7 6 6 43
12 6 13 9 4 36
11 19 5 9 7 186
4 5 1 3 4 202
8 9 6 10 10 652
2 13 12 4 8 224
19 10 16 16 4 466
4 2 5 4 10 331
9 6 8 7 6 42
6 3 4 14 2 489
19 5 16 1 1 327
4 4 4 4 5 34
9 1 3 10 5 346
10 8 8 8 5 322
4 3 12 8 10 350
1 2 3 3 8 328
8 5 10 6 10 661
4 3 8 3 8 437
2 5 2 13 3 146
2 3 5 4 8 645
7 3 9 10 3 512
5 12 4 14 4 466
15 10 12 12 6 503
3 5 5 4 7 320
1 5 4 5 7 282
3 1 13 10 8 298
13 11 6 8 4 273
1 1 1 1 8 169
9 5 2 6 3 2
3 4 13 14 8 417
1 11 2 20 5 181
3 1 2 4 7 22
3 8 8 8 3 122
5 8 6 3 8 534
14 3 9 13 10 453
1 1 4 3 6 508
9 6 6 10 7 653
2 13 7 2 5 455
19 12 11 18 1 658
4 1 3 1 2 306
9 1 4 7 1 594
8 7 10 11 7 93
15 17 6 20 2 135
2 1 4 4 10 94
6 8 10 8 6 248
12 12 12 9 2 376
20 9 7 3 2 109
5 5 1 4 7 624
5 2 3 7 6 511
6 9 13 9 1 354
9 3 6 18 1 373
2 4 3 5 6 117
9 2 5 1 7 105
9 8 4 9 5 646
19 11 8 10 7 503
2 1 2 5 6 472
5 6 9 8 5 602
3 2 4 10 7 490
3 20 9 8 3 13
3 1 3 4 4 386
10 4 10 10 6 320
14 10 4 4 6 596
16 14 1 2 1 515
1 5 5 4 2 252
6 9 4 1 7 347
13 10 3 2 1 441
4 6 11 5 2 679
1 1 4 3 2 157
1 1 9 8 6 76
7 2 12 12 6 453
8 8 6 6 7 99
4 5 4 5 1 245
6 5 4 7 7 142
4 7 10 7 9 151
11 6 20 1 6 480
4 3 1 1 3 236
8 2 4 9 10 481
15 5 13 3 10 427
1 14 6 16 6 214
1 2 4 3 4 621
2 1 6 8 3 41
2 1 5 10 8 172
16 16 8 4 8 580
2 2 2 1 2 81
6 1 8 6 9 428
6 13 13 1 5 14
1 13 17 2 5 632
1 3 5 4 6 70
7 3 6 3 3 425
8 7 2 12 10 638
15 10 9 1 3 458
5 5 5 2 5 56
3 10 8 8 10 324
1 11 9 7 9 450
6 1 2 12 10 385
4 3 1 1 10 589
2 2 2 8 9 96
14 12 3 9 2 205
14 6 20 15 8 99
2 2 3 2 7 158
3 2 7 9 1 417
10 2 7 13 8 177
12 3 13 20 4 339
3 3 3 5 8 429
7 3 6 2 5 118
9 10 15 5 2 681
1 4 18 20 10 108
1 4 1 2 9 146
2 10 1 2 9 71
6 3 11 11 10 496
17 10 1 2 7 36
5 2 1 5 6 569
6 1 1 9 9 401
3 5 11 5 9 407
5 13 5 12 5 431
1 4 5 1 1 340
2 3 3 6 2 247
8 11 2 7 2 183
19 10 18 15 7 222
3 2 2 1 10 299
6 5 9 1 7 455
9 6 6 2 3 61
17 10 9 17 4 477
4 4 3 3 4 662
5 2 4 1 8 406
7 5 13 14 9 17
19 5 7 6 1 111
1 4 1 3 2 340
1 4 4 5 9 617
2 4 15 2 7 76
3 17 16 6 4 434
3 2 2 5 3 245
3 5 6 4 3 322
6 10 13 10 1 506
16 12 15 7 6 382
4 3 3 3 3 650
7 6 3 3 2 569
12 13 8 12 7 166
8 16 13 17 3 522
5 3 4 1 3 77
2 3 6 9 3 275
15 14 15 11 5 328
18 17 13 12 1 625
