250
68 161 125 193 108 2798
105 90 186 181 136 1394
84 187 52 53 111 1142
91 89 118 151 71 1437
135 184 78 158 123 2083
157 181 83 117 143 1689
41 199 132 43 109 651
146 67 195 80 71 2166
145 108 100 43 70 2434
103 197 59 78 127 2882
134 78 101 182 61 603
128 115 130 157 113 3069
26 106 85 80 91 755
192 67 104 58 68 3211
32 157 49 166 124 245
48 47 46 52 127 2828
138 169 105 176 139 549
32 185 195 180 81 114
119 109 182 109 135 1558
136 30 115 126 58 3199
34 106 72 94 50 1095
179 134 146 178 82 3009
105 166 60 155 89 1106
78 34 139 118 102 1105
186 135 99 151 141 2745
189 161 53 45 107 1338
184 61 193 174 88 3038
148 25 96 182 105 1874
178 60 106 37 86 144
43 152 70 124 140 1185
69 191 198 167 68 413
105 194 119 77 68 2749
46 123 62 162 133 344
44 40 100 125 133 1619
195 105 69 109 53 531
167 183 122 33 53 1028
47 112 83 86 89 3273
140 169 141 43 149 478
104 36 54 68 142 1883
86 143 170 27 64 1475
191 140 78 49 141 799
182 57 24 38 92 653
51 115 142 113 104 1542
75 76 138 132 84 1898
149 186 130 95 107 3357
50 92 171 79 66 2264
177 37 127 106 139 1538
135 48 26 108 150 2318
192 90 21 132 140 2163
93 106 110 190 132 696
175 128 98 82 67 2129
188 143 39 182 111 1918
147 29 163 46 108 1527
165 90 136 38 115 233
84 143 82 35 90 1222
29 45 22 62 132 2168
51 190 30 104 122 382
27 51 188 133 91 2155
136 43 136 185 89 3369
166 52 68 154 129 1926
195 85 140 196 138 2791
195 168 183 193 132 2645
27 103 121 56 103 29
167 52 189 42 134 3205
183 139 106 68 89 1587
133 91 75 127 120 1523
45 32 166 184 61 1970
200 46 56 116 136 1524
50 21 33 124 72 1003
118 49 116 79 79 2225
27 82 102 95 136 1941
155 143 68 144 137 2104
160 20 67 155 140 3271
169 58 93 37 104 1884
130 170 83 194 52 2103
112 151 100 67 103 2913
136 100 158 55 93 1967
185 47 185 148 147 456
50 85 151 188 97 677
28 61 163 99 78 1830
104 32 118 105 149 2875
64 156 36 178 102 107
128 82 69 186 77 1003
23 29 105 53 87 3202
133 145 70 124 56 2345
53 187 86 118 88 1823
85 111 153 142 143 1103
78 59 165 133 103 2383
56 43 164 188 134 2876
186 71 127 154 56 528
145 134 86 38 59 2553
141 73 152 75 100 494
77 191 137 137 94 2494
50 44 65 186 130 3249
116 132 99 48 113 1114
53 94 108 66 61 1465
164 47 197 97 90 741
69 112 86 171 104 2025
65 48 147 22 86 2818
138 105 58 40 117 1488
33 53 167 107 61 3383
118 126 185 117 141 1376
191 154 111 31 56 172
130 138 169 176 149 1448
155 42 193 83 67 683
122 194 155 28 116 2399
153 56 83 135 64 3041
65 165 113 25 53 1269
157 63 187 125 94 2591
182 92 75 52 112 3379
65 141 164 65 122 108
72 56 161 119 110 1292
26 118 174 73 51 288
66 92 23 94 129 2660
29 107 58 77 76 899
82 127 63 113 100 68
142 119 67 176 116 2520
103 165 173 139 82 721
100 172 149 80 137 3384
199 61 160 112 61 1519
140 56 126 73 73 2370
158 166 114 21 74 1498
133 104 118 68 119 340
105 95 162 24 108 3317
169 189 143 75 75 1198
37 83 114 170 51 3068
177 137 21 194 89 1468
91 36 37 29 75 2778
165 170 126 51 140 2196
140 58 45 193 97 759
52 149 45 33 56 370
72 120 172 138 91 2380
197 197 53 149 68 1156
72 118 62 62 85 1380
67 26 149 36 136 2767
113 192 77 198 58 3393
63 182 40 39 144 3447
107 30 34 26 99 1854
180 141 108 110 65 2460
132 130 110 68 62 896
192 65 33 161 113 1957
42 111 25 39 62 1347
195 164 175 50 98 3108
163 171 77 107 58 3112
185 195 148 128 62 3371
180 164 90 82 148 1328
176 79 77 158 90 275
165 48 84 69 80 1987
155 30 111 31 137 664
56 162 66 59 135 283
130 98 29 184 139 3011
169 184 173 96 144 1720
156 36 89 135 140 1385
81 151 104 139 70 265
95 137 115 96 85 629
87 28 120 53 132 582
195 114 147 139 128 404
164 123 129 85 142 1214
157 35 25 77 86 1979
87 114 125 124 80 3113
197 90 153 23 100 2253
42 167 188 123 97 2415
171 30 105 105 133 810
80 185 110 82 109 3239
132 64 150 155 88 1132
104 142 47 44 89 3320
88 171 130 56 117 3137
27 187 20 119 150 1285
118 43 27 198 142 970
50 164 66 48 102 2607
128 76 141 151 54 1550
185 43 70 110 120 1719
115 147 56 84 53 1332
81 109 63 182 72 2648
21 47 42 102 119 1402
20 116 42 139 76 2387
25 131 88 165 110 2506
64 133 93 134 142 2923
102 42 40 169 119 2313
150 120 96 150 146 317
166 49 55 91 81 1311
182 34 30 120 97 1474
97 81 178 188 145 3277
169 200 126 188 136 2697
79 32 124 95 122 2049
107 60 103 189 130 2686
33 81 159 83 67 125
159 47 26 68 50 1448
180 113 42 149 84 2089
107 103 189 172 85 2487
104 146 125 28 124 3412
112 165 126 131 92 276
34 97 41 109 84 2500
155 91 174 111 55 2308
149 110 41 115 70 3423
65 150 58 173 116 2243
53 96 34 83 68 517
115 30 81 86 121 1389
90 176 177 95 76 3244
80 100 149 90 108 304
77 177 182 80 127 3346
35 88 60 53 98 3068
192 198 198 94 84 535
117 29 145 46 90 3078
66 108 32 152 118 676
154 178 73 123 140 950
180 48 107 192 97 2877
85 168 27 179 136 607
160 186 61 181 147 640
123 107 174 161 92 2487
74 186 55 66 150 829
108 52 123 44 79 1691
154 71 44 23 121 775
132 35 69 120 127 529
146 31 78 120 142 2087
168 138 42 34 130 2783
179 85 92 115 56 1177
144 88 36 182 90 3000
62 86 56 34 102 1423
54 23 39 183 139 2899
124 84 167 94 50 2046
71 99 48 22 89 3164
195 181 145 179 140 2022
174 158 141 167 111 637
159 162 136 31 61 627
142 45 81 120 110 2919
36 64 40 167 111 3273
177 158 58 79 91 2814
178 29 88 113 116 2003
95 135 152 88 70 3402
138 183 150 172 114 365
34 87 190 190 94 1168
81 120 198 52 50 2829
113 67 36 121 111 2325
58 40 122 126 52 1181
80 195 41 103 123 276
61 29 107 21 92 1644
44 54 72 103 86 2356
163 77 193 135 111 2194
175 94 94 176 144 2623
47 148 110 88 99 3178
196 49 55 160 113 2201
76 57 28 171 72 1368
152 71 147 112 99 1011
173 76 62 154 93 3108
110 166 198 85 120 3168
82 123 166 91 80 494
55 116 142 109 129 3200
96 65 183 50 62 2507
64 165 46 80 51 284
