400
32 46 57 69 95 3405
51 26 7 96 21 906
88 66 4 6 33 1674
20 64 52 13 71 2717
56 63 75 1 72 2917
37 44 72 59 75 1148
29 36 71 5 5 3711
15 27 40 65 58 1510
32 14 33 65 82 1429
33 13 37 54 69 723
62 100 47 62 67 1900
17 34 74 51 9 4685
76 62 65 9 58 1097
21 99 9 98 41 902
62 11 43 4 59 2609
23 46 43 64 85 610
100 85 63 44 7 2337
96 98 79 66 74 2719
25 45 38 18 80 449
68 48 33 73 7 2052
28 18 94 59 100 490
14 75 8 15 65 3445
62 22 52 85 35 414
90 62 57 85 43 4073
4 4 30 78 83 3537
82 31 37 70 8 534
58 71 54 28 75 573
8 12 24 4 97 899
59 54 18 68 57 4506
47 19 68 55 40 1138
9 94 33 95 5 3196
42 37 75 66 32 1107
41 96 78 30 53 1303
5 35 1 87 100 1315
2 37 3 71 93 160
49 46 51 61 86 3160
4 1 61 50 25 4873
77 8 93 2 68 2752
57 84 73 66 90 769
31 61 96 18 48 888
20 98 59 98 16 3433
7 70 89 91 75 1802
7 31 78 2 100 4882
11 19 99 87 87 3294
94 71 53 85 42 3504
88 49 9 31 54 3035
16 41 6 28 51 3776
91 24 43 53 50 4568
27 5 51 50 30 3398
44 5 30 36 90 3336
87 23 5 57 33 957
52 21 27 70 12 866
11 8 10 57 73 3452
25 74 1 17 98 219
4 89 82 58 57 267
15 56 35 28 18 1581
13 10 17 71 13 689
96 68 77 58 56 1473
49 100 63 82 49 2851
8 38 44 92 76 1067
86 37 94 67 40 3373
6 30 61 52 76 4595
85 80 11 94 84 4416
51 94 78 41 27 1538
97 12 91 69 92 4537
51 11 60 84 52 4685
54 43 72 22 78 1422
48 55 3 69 10 2958
50 62 91 40 25 2991
79 57 35 75 12 1906
30 78 12 98 53 3736
63 30 89 16 97 4167
32 36 54 39 39 2295
84 20 47 23 77 3633
60 6 57 59 38 653
18 32 17 75 63 3731
97 21 92 100 65 2351
62 48 24 28 97 2952
94 72 70 14 54 1807
30 57 10 26 4 3028
38 19 90 87 82 149
45 91 43 33 16 737
79 47 57 16 32 3464
8 10 46 31 65 941
91 53 8 74 59 3035
15 21 8 12 22 3267
31 86 77 92 14 3955
24 41 85 72 79 3334
87 7 79 92 26 4400
35 59 60 89 90 2364
49 50 12 98 47 3045
60 3 27 30 26 1783
80 38 54 93 48 4080
90 30 29 82 27 1296
77 52 47 4 69 1916
45 11 87 99 89 2579
91 5 83 43 94 2833
1 32 44 54 14 2359
81 39 84 93 34 3778
9 79 78 91 60 1976
85 39 29 20 13 901
70 99 46 81 96 4597
54 89 77 20 42 3431
35 28 94 97 38 126
31 79 63 8 62 3861
86 12 45 13 96 4385
10 1 99 79 17 633
68 68 26 74 58 4088
56 81 15 19 43 3909
63 87 21 92 1 1424
36 51 47 19 44 1162
82 58 24 4 1 4053
26 87 4 59 82 3225
88 4 71 16 64 2764
75 24 60 16 49 1046
93 89 76 18 62 2591
37 39 21 58 32 2433
93 15 66 20 72 4163
47 53 26 1 98 319
37 6 77 40 71 4306
18 88 23 15 82 1064
76 7 97 53 33 1132
93 29 61 69 83 3870
88 83 44 14 72 2785
84 87 30 32 17 1068
85 65 96 77 21 2615
17 93 9 19 91 1311
86 78 8 57 6 4932
88 49 23 66 92 1574
7 82 86 60 35 420
6 23 44 18 96 3058
13 16 4 32 26 3381
16 21 77 73 81 4249
8 7 31 81 84 1979
90 34 92 99 2 135
27 72 68 80 17 4700
82 30 21 25 61 4470
80 55 65 85 24 2135
93 80 76 18 20 1491
53 92 54 62 67 1576
81 13 78 1 52 4986
26 80 81 13 83 1794
98 16 96 10 13 862
63 24 46 68 72 4917
9 25 90 33 18 1361
19 99 51 77 46 1883
33 13 84 41 20 3738
68 87 80 54 9 3479
43 63 12 30 34 3941
6 37 33 68 7 4211
88 91 64 65 3 2526
71 52 38 64 48 927
59 6 41 40 82 2105
55 41 33 90 23 2187
6 46 62 5 8 2605
22 29 25 5 12 4988
46 77 11 98 81 2770
92 11 64 83 4 3334
79 39 29 99 18 1379
97 68 12 90 47 2576
50 10 75 17 12 2101
40 62 94 24 75 3106
3 82 34 48 77 4393
79 78 10 58 6 137
25 39 61 87 1 337
49 59 28 17 32 3173
48 19 74 69 48 1724
66 15 47 39 51 2631
38 42 88 76 69 1072
95 86 97 59 95 196
88 81 70 17 67 3500
81 93 80 94 2 2056
33 83 83 94 55 2733
80 91 95 28 43 2163
52 69 46 5 92 1311
34 3 6 55 61 2261
31 50 90 91 66 1751
97 7 5 65 86 1575
16 50 81 75 100 4349
50 73 90 86 86 245
52 37 17 76 35 1501
33 66 93 45 96 2126
69 80 24 97 82 1517
19 76 4 15 78 196
10 80 56 92 21 1506
15 64 38 48 18 3386
99 12 10 46 42 1843
23 82 41 12 70 4372
57 11 93 24 47 1222
90 82 50 85 98 2123
10 18 88 4 10 1000
26 58 13 39 81 2277
47 73 21 83 44 3102
26 82 64 81 28 3089
53 64 85 73 14 2322
67 19 9 17 19 3437
56 74 26 8 100 1652
99 35 87 77 21 3844
73 12 55 46 60 461
78 99 78 15 2 681
34 59 40 65 34 4541
54 11 19 58 3 130
9 67 11 55 57 1416
23 13 53 10 94 3590
65 45 10 71 22 263
87 5 41 1 6 4156
63 18 65 78 95 4866
38 87 23 52 28 3287
18 24 76 90 34 335
40 100 52 80 92 1555
44 93 33 99 57 799
85 56 85 70 37 3970
93 74 55 63 31 1317
86 43 54 74 98 2246
97 49 20 40 33 4120
100 64 68 94 45 1742
90 88 89 86 99 3708
63 42 43 12 3 2385
43 90 13 71 47 564
75 13 73 98 74 826
40 26 9 58 81 4642
98 71 81 73 61 3263
46 80 92 59 10 255
6 20 35 69 37 694
67 18 3 71 23 2653
6 1 67 28 56 3866
17 50 94 99 33 4220
62 75 42 49 69 4663
83 42 76 90 38 3070
29 34 17 99 17 597
12 63 5 20 99 3568
6 27 47 31 3 2205
66 35 54 52 95 122
18 87 61 9 74 3119
93 54 57 1 38 4823
92 53 22 86 68 903
14 86 22 25 79 1890
80 4 18 63 57 3035
93 60 79 15 60 358
76 73 68 49 40 3780
25 91 29 99 7 246
23 33 32 17 28 4366
13 14 19 66 10 283
32 57 47 21 67 4491
88 96 15 90 34 1947
66 12 47 29 52 1555
95 2 51 18 85 825
60 2 97 16 41 1615
89 29 88 81 52 3170
64 10 92 22 100 446
75 62 71 30 27 1488
28 100 3 20 27 1165
90 55 35 91 66 3411
99 16 4 56 23 2324
9 80 43 31 97 3162
1 75 7 19 29 191
99 13 23 19 33 3851
50 79 91 4 59 4293
42 10 13 3 6 1927
79 8 98 5 11 1592
50 72 34 65 49 1990
42 19 42 68 34 1560
8 62 40 42 53 2046
80 20 30 58 57 2209
84 11 68 73 29 3147
95 63 91 27 67 2155
43 47 3 19 30 487
6 30 49 77 79 3814
22 65 95 26 33 1972
2 70 2 7 94 661
29 47 56 20 65 373
32 29 60 17 90 1087
46 19 47 38 10 3577
27 67 61 99 14 3740
95 16 81 63 33 3112
73 12 74 98 69 632
88 72 6 40 14 1291
76 50 28 86 69 2715
75 4 90 29 81 1419
87 62 42 17 54 2546
21 44 16 46 83 3424
71 24 52 66 35 1551
11 51 72 37 39 2171
31 73 36 94 62 1254
28 57 91 45 7 2753
81 35 46 33 31 3110
83 90 27 5 62 987
3 56 61 90 51 3096
65 63 21 62 84 4559
95 88 44 92 75 3981
2 45 62 32 22 4357
2 87 50 65 5 2955
60 73 28 86 94 4631
44 15 99 20 82 3607
79 82 60 14 56 3404
15 39 52 62 62 123
75 39 35 52 26 2847
48 70 9 98 67 861
21 100 33 17 100 4782
81 88 48 62 83 1330
67 37 2 10 20 2560
95 4 79 43 80 4815
78 46 18 73 28 931
18 12 8 13 5 2772
36 95 69 52 31 3915
22 76 35 81 45 3573
22 8 6 83 57 2627
1 53 2 2 27 2481
6 95 78 76 51 4427
90 12 68 7 69 162
91 10 29 9 20 3790
41 77 65 54 94 2226
48 92 13 93 64 3383
35 84 58 80 37 1729
33 11 16 1 96 1137
31 9 96 93 65 850
27 42 45 33 87 2588
16 16 51 61 65 3341
18 21 76 87 95 1520
11 55 75 96 31 429
68 19 45 78 65 736
96 16 45 33 85 3950
72 36 23 96 94 4099
86 26 70 86 56 2907
32 96 46 57 21 2530
95 11 92 85 1 1241
34 1 5 34 65 913
39 27 78 89 54 2545
68 63 77 22 98 715
2 32 8 100 50 1572
95 3 1 74 36 834
100 28 49 26 75 2779
76 76 81 61 29 3909
2 60 88 81 88 1313
27 72 94 34 60 4665
69 19 50 90 72 110
36 83 2 1 16 663
100 47 88 82 79 4625
82 47 7 86 70 2290
98 58 21 87 47 4205
28 59 13 73 89 1283
54 83 75 9 69 4512
7 93 93 85 55 3609
54 100 85 9 91 2984
37 37 23 1 8 4690
60 21 32 97 13 2304
96 9 26 99 29 4249
91 98 99 80 49 1202
72 34 53 51 54 1455
10 73 77 54 18 4428
61 54 3 38 72 3365
60 11 6 22 48 1757
69 11 54 87 43 968
82 13 78 30 75 4110
82 93 35 48 71 2732
91 62 62 25 82 1187
38 11 46 70 95 2108
67 25 51 90 43 1462
34 2 5 23 14 4348
90 74 65 92 82 2446
1 31 13 1 77 3521
45 29 74 35 76 3176
88 19 87 55 51 486
29 26 95 60 29 3061
51 24 72 78 41 2663
79 2 41 2 16 3454
55 75 89 78 81 1785
43 90 55 11 80 4536
66 78 36 76 59 3712
69 66 51 97 97 970
88 94 49 95 61 2542
87 91 92 73 51 4804
39 79 18 23 41 496
16 11 35 67 86 998
28 82 53 91 46 4195
63 82 14 14 88 1979
25 49 27 79 5 2469
28 42 41 3 95 4203
76 31 83 30 42 4379
89 47 96 48 12 2838
9 27 23 41 59 2225
81 23 18 23 57 701
62 70 1 85 15 1814
82 57 56 68 1 3640
61 48 42 27 82 275
21 75 64 44 36 1090
23 42 16 88 44 3188
71 26 34 15 47 666
83 39 83 58 62 1075
46 24 25 8 67 542
40 27 54 63 67 1926
71 87 22 90 78 4719
93 14 97 60 54 2081
54 31 44 16 66 3079
80 17 21 25 4 3423
84 83 31 60 16 3345
80 98 28 36 61 3437
36 29 86 21 36 437
26 95 99 43 94 1103
82 75 9 94 42 1228
