500
130 117 150 195 3 2460
31 31 36 53 1 720
59 67 62 93 2 3060
166 166 175 226 3 3660
90 76 107 136 5 1260
113 109 117 174 3 2100
21 17 26 32 4 60
50 45 71 84 2 1440
54 47 70 85 2 2820
47 42 57 81 4 720
60 52 72 90 2 2040
69 60 87 109 4 240
116 114 118 190 3 3420
112 110 120 170 2 3180
154 157 143 227 2 3660
91 83 97 123 3 2640
33 29 41 46 1 2280
47 43 54 70 1 2280
59 57 69 91 7 480
95 85 109 149 6 600
124 124 119 177 3 4440
84 86 97 144 2 3060
47 41 53 66 2 600
28 25 38 46 5 1380
49 41 50 63 2 2820
89 81 100 145 7 720
66 57 74 94 7 120
52 44 55 66 2 480
151 155 146 248 3 2040
99 102 114 159 3 2880
52 47 71 100 6 660
32 31 35 49 2 420
46 41 49 65 2 2580
33 28 37 46 1 1320
37 29 41 61 7 960
33 26 36 52 6 1140
142 142 158 195 3 3240
46 44 62 79 1 2100
34 25 35 44 1 900
51 42 61 75 1 1920
69 52 80 96 4 960
197 214 183 308 4 5220
52 43 61 81 1 1920
125 135 151 192 3 3360
100 110 88 136 5 4320
52 45 63 74 2 1680
77 69 78 108 2 2520
69 61 85 128 7 1260
40 41 53 66 2 1440
36 38 46 54 2 900
196 222 215 323 3 3780
56 51 69 87 6 1080
239 256 235 357 4 3660
46 40 55 67 4 720
56 45 67 78 1 1620
47 48 60 69 1 960
156 177 189 234 2 2100
36 36 48 54 2 2580
56 47 70 88 1 1860
32 31 35 57 4 240
40 33 41 50 1 2160
49 49 53 74 2 2280
79 67 94 129 7 720
38 34 50 63 1 2520
102 106 84 140 5 3900
37 33 43 61 1 1200
155 152 144 239 3 1560
76 74 75 121 3 3420
89 84 91 131 3 1920
63 65 80 115 2 3120
92 88 102 131 2 3720
20 18 26 32 4 1260
31 30 40 47 1 2400
54 46 69 74 1 1920
184 192 206 279 2 3180
158 153 165 264 3 4020
20 20 24 32 6 1020
127 142 131 209 5 3360
162 156 176 240 2 1440
86 83 97 141 2 3660
148 140 168 231 3 2940
182 182 166 246 2 3060
142 151 170 249 2 2640
41 39 59 62 1 300
69 71 91 129 5 600
58 55 74 95 2 120
36 31 41 52 2 2700
74 69 73 110 3 4260
166 182 186 269 3 5580
236 266 206 359 4 3960
44 34 44 67 1 2640
53 51 66 93 6 120
98 80 102 133 5 1200
46 51 56 79 2 2640
159 157 168 255 3 3300
127 133 161 230 3 2520
59 52 67 83 2 2820
41 39 51 62 1 2580
49 45 54 65 1 1800
93 76 115 136 7 600
182 184 163 261 5 5520
141 143 172 231 2 4260
95 86 99 132 3 3300
44 42 62 85 4 480
21 19 27 37 7 960
71 74 86 121 2 3060
57 57 70 92 1 2820
49 45 64 86 2 600
196 163 193 271 2 3060
42 39 57 61 1 2400
68 67 68 107 2 2760
40 38 53 65 2 2460
153 152 176 230 2 2700
58 51 69 84 1 120
119 123 148 203 2 3060
69 80 82 126 2 3660
54 55 63 92 7 600
256 238 202 354 3 4080
147 154 176 242 2 1860
253 241 246 372 5 3120
81 74 76 124 2 2400
128 151 154 210 2 2700
32 30 41 56 4 540
46 46 53 64 2 2220
54 46 56 75 2 2220
41 40 49 59 2 1200
49 50 57 77 1 240
139 143 145 204 2 2820
168 181 142 256 4 5460
99 90 103 135 3 3600
101 94 105 160 3 4260
89 109 96 150 5 4800
58 50 66 91 2 1740
109 132 116 167 5 3480
96 76 114 150 7 960
31 29 42 53 2 1380
134 128 154 193 2 1440
37 33 41 60 2 1800
197 193 177 259 2 2040
38 39 44 57 2 2520
85 80 83 136 3 1860
30 32 39 45 1 1800
37 33 39 51 2 120
34 27 38 49 1 1800
45 45 52 72 7 600
54 47 61 88 5 960
265 287 249 371 3 4920
120 109 130 177 2 3240
99 87 98 159 5 300
38 38 47 70 7 1080
97 88 97 142 2 2340
50 46 69 93 5 780
60 57 79 97 1 180
52 47 53 76 2 1260
84 72 102 132 6 120
44 42 57 62 1 1320
31 29 41 50 4 240
34 33 43 49 1 1920
174 167 169 242 3 3960
61 58 62 99 3 2400
46 39 54 79 4 540
67 79 79 115 3 2100
160 167 179 245 2 2040
51 40 52 75 5 1200
188 181 186 278 2 3960
71 56 80 105 4 720
33 32 40 53 1 1740
140 158 162 216 3 3360
57 50 63 90 2 1020
52 46 63 72 1 1800
21 20 24 37 4 1320
70 63 85 120 6 1380
50 45 59 66 2 2160
31 31 37 45 2 1800
78 78 102 133 7 1380
58 58 67 94 2 2400
33 32 41 50 2 540
59 47 62 83 2 1920
95 89 97 139 2 2700
61 50 68 98 7 1020
69 61 69 112 3 3300
28 22 36 43 4 480
46 47 63 80 2 540
36 36 50 65 1 1800
44 45 56 76 1 240
155 174 194 238 2 2160
26 22 30 49 6 1260
51 44 64 74 1 1680
168 153 171 233 3 1560
52 41 61 77 1 2220
88 67 95 134 6 600
258 244 236 350 3 5400
108 111 121 187 3 1560
62 50 68 103 4 180
82 78 86 128 3 3360
187 157 197 256 3 1440
57 55 65 102 4 720
31 26 39 45 5 960
114 135 103 172 4 5400
127 134 140 218 3 2820
28 24 29 42 4 960
60 52 74 82 1 660
51 51 58 87 2 2400
122 134 118 177 3 1740
33 26 34 45 2 2520
42 35 44 60 4 300
48 45 60 79 7 360
48 44 50 74 2 1920
56 50 63 93 7 660
89 79 90 130 4 120
245 285 252 349 3 4560
94 74 95 133 6 180
71 58 82 103 5 600
111 105 113 174 3 2280
90 92 91 145 3 3420
69 71 66 108 3 2220
25 25 32 46 4 180
89 74 107 140 6 1380
149 146 130 227 5 4500
65 48 75 90 5 600
79 83 83 137 2 1920
91 87 101 161 4 420
45 48 62 76 1 2460
52 46 53 69 1 180
81 76 92 138 3 3120
52 51 59 81 1 1440
167 145 172 233 2 3900
68 74 76 117 2 1860
30 33 40 50 1 1800
34 31 38 56 1 2820
105 117 106 179 5 3540
233 251 224 347 5 3720
57 44 57 77 1 2160
170 185 154 250 3 4020
37 34 43 48 1 300
38 34 44 55 1 2520
70 63 83 130 6 1200
193 199 187 297 3 3060
77 64 91 133 6 780
52 47 67 91 1 1020
58 54 70 73 2 2040
192 208 196 345 5 5220
53 45 63 66 1 900
74 65 77 113 6 780
158 142 147 212 2 3180
69 68 78 107 4 360
177 165 185 296 3 3780
65 49 67 80 1 360
59 47 72 99 7 420
152 174 161 267 3 4740
44 39 53 67 2 300
35 32 43 62 6 840
170 164 176 236 2 3240
143 125 134 222 2 2100
39 35 46 61 1 1920
102 94 112 155 2 2340
39 40 46 58 2 2220
33 33 38 51 2 2580
33 30 46 47 1 1080
52 48 56 77 7 780
89 65 101 133 7 60
42 35 50 59 2 1560
31 34 41 50 1 2580
188 231 203 309 3 4980
123 127 132 179 4 2880
154 145 124 236 4 5100
89 96 100 143 3 4260
61 53 74 91 2 2760
146 145 146 228 4 3600
141 157 134 227 5 3840
144 127 130 224 3 2040
110 107 116 188 3 2040
55 53 72 82 1 840
129 128 129 211 2 3060
59 57 74 91 4 1380
68 59 72 112 4 600
179 167 212 299 3 3720
37 36 49 66 4 720
27 28 34 50 4 1080
116 130 107 176 4 3600
151 161 180 227 2 3360
53 49 62 77 1 360
61 52 74 95 1 1020
95 92 98 140 3 2640
81 83 97 148 6 1380
54 53 66 89 1 1620
32 34 44 54 1 1560
54 55 68 83 1 2820
66 66 67 95 3 3480
151 143 143 250 2 3300
172 175 152 271 3 5400
125 111 122 174 3 3420
35 31 44 59 1 1200
44 40 55 62 1 960
48 38 52 60 2 1260
60 58 66 87 2 1140
42 38 58 66 1 2700
55 44 66 85 1 540
35 26 42 53 4 720
85 97 93 148 2 1800
130 121 122 210 2 2580
34 29 43 46 2 240
155 164 168 229 3 3060
39 38 46 74 5 720
94 94 99 146 2 3300
60 46 65 90 2 1440
120 123 122 203 4 3120
49 46 51 77 2 1140
95 100 103 134 3 4080
243 252 214 404 4 4440
110 122 131 178 2 1440
51 43 51 65 1 2400
59 52 68 83 1 120
44 41 63 70 2 540
155 163 136 203 5 4080
72 57 82 121 5 960
164 174 176 286 3 2520
57 53 66 94 1 2460
163 175 143 276 3 3240
125 129 129 204 2 3660
55 46 68 80 1 900
47 40 55 72 2 2820
168 156 177 250 2 2940
41 42 50 62 2 1740
152 131 150 222 3 2520
57 47 57 75 2 420
79 65 89 129 7 480
95 86 89 145 3 4080
38 33 43 57 2 1320
54 44 65 81 2 2340
38 37 52 60 1 1920
48 48 68 92 5 1140
43 42 50 62 1 1260
149 143 148 237 2 2220
44 47 60 73 1 240
54 57 68 91 2 2100
219 238 207 339 4 4260
55 49 57 79 5 300
33 29 38 53 2 2580
31 27 36 44 2 2640
49 43 60 72 2 1020
126 128 125 175 2 2460
57 45 67 97 4 1140
73 67 87 124 6 360
98 107 94 154 3 4260
160 141 173 245 3 4020
69 63 85 110 6 1080
43 44 61 79 5 60
169 165 181 296 3 3900
54 46 68 89 6 900
116 116 118 162 2 3360
59 48 70 85 2 1440
130 128 140 235 3 2280
49 45 61 78 1 2040
178 165 176 231 3 3060
161 166 185 265 3 4080
138 126 124 211 2 2940
53 43 59 73 1 780
59 70 74 106 2 3900
54 49 68 78 1 2280
68 56 80 105 4 840
55 54 74 97 5 780
207 195 178 330 4 3360
38 39 53 67 1 960
36 30 38 50 1 1320
60 53 70 90 1 1500
35 29 38 54 1 1440
64 49 75 110 4 1380
43 38 53 60 1 2160
46 45 57 76 1 360
22 22 29 36 7 480
30 24 34 43 4 660
32 27 39 46 2 2340
37 30 39 59 2 1260
180 177 174 273 2 2700
41 33 47 53 2 780
64 56 77 87 1 1320
165 172 169 253 3 2880
128 149 131 211 4 3720
56 52 70 76 1 2040
87 85 89 131 3 4140
42 35 51 66 2 120
77 68 77 112 3 1800
48 39 49 66 2 2580
48 45 59 79 1 660
132 136 134 208 4 3000
106 115 87 140 5 3060
40 31 48 57 1 1620
41 37 41 68 7 960
55 44 68 72 2 2220
53 53 67 79 1 360
46 47 52 65 2 1740
171 162 137 266 3 4320
50 46 67 91 6 1320
82 84 91 128 3 3900
46 45 56 74 4 360
106 108 118 168 3 1560
241 265 219 333 3 5700
51 53 62 72 2 300
108 89 100 155 3 4200
93 85 91 138 2 2460
58 46 60 79 2 780
243 252 222 366 3 3060
52 42 59 73 2 2400
233 215 195 346 3 3360
149 156 162 221 4 5340
49 53 67 73 1 2460
109 109 116 153 3 3600
39 33 45 52 1 1920
29 25 31 44 4 600
91 77 103 128 7 1320
78 74 97 121 4 660
140 129 144 205 3 3780
31 29 39 44 2 600
52 52 64 74 2 1440
50 41 56 77 7 420
132 147 163 245 3 3480
113 122 125 172 2 1560
76 78 81 110 2 3540
49 48 63 85 1 2820
53 46 60 70 1 2520
133 133 147 195 2 1560
63 57 75 114 5 960
133 153 149 198 3 2820
127 123 155 208 3 3300
36 33 46 52 2 1800
104 95 98 153 2 4260
51 46 66 90 2 240
169 154 162 237 3 2580
47 40 51 80 6 960
51 46 65 76 1 2580
197 169 208 269 3 3840
129 128 148 197 3 1680
58 50 66 100 5 240
168 142 180 245 2 3780
51 50 59 73 1 420
41 38 57 63 1 900
33 35 43 56 2 1380
48 46 68 90 6 1140
41 38 48 65 1 2220
106 122 89 151 3 5700
42 35 47 64 1 420
45 36 53 71 2 2700
150 173 149 218 5 5640
166 138 168 227 3 3720
38 39 52 63 2 120
77 66 91 126 4 120
34 27 34 42 1 900
120 131 126 198 2 3960
39 31 48 56 1 2220
34 30 42 54 5 840
53 45 65 79 2 1200
247 270 231 338 5 3360
63 62 62 97 2 4080
109 95 108 166 3 3420
160 158 142 228 3 3840
77 76 88 120 4 180
97 86 102 149 2 3600
59 47 64 78 1 660
55 50 69 94 6 540
46 39 54 62 7 240
93 100 112 142 3 4260
133 128 141 214 3 3300
38 35 51 62 1 1500
58 48 64 83 2 1440
102 100 98 153 5 4440
144 148 146 219 3 4200
168 182 197 247 2 1800
44 36 49 67 2 1500
36 32 42 54 2 240
43 38 52 68 6 540
24 23 30 47 5 240
36 36 49 59 2 420
64 58 77 93 1 2400
81 82 82 132 3 2340
36 31 45 50 2 1020
65 50 76 95 2 2700
69 68 90 107 6 600
51 46 55 81 1 1020
53 48 62 85 1 2280
52 50 66 79 2 120
21 22 27 38 6 360
155 181 190 287 2 1560
141 149 149 209 3 1980
107 109 108 159 2 3300
45 48 57 70 2 1080
55 59 75 90 1 2700
49 47 65 80 2 300
135 146 130 221 2 3720
101 106 95 149 3 4980
92 81 103 137 4 1140
67 58 78 92 1 420
51 52 66 83 7 1020
160 175 131 220 5 4500
51 46 54 76 2 1680
39 38 52 71 7 780
34 27 41 46 2 2220
229 250 225 386 4 4500
111 110 112 151 2 2580
56 47 65 76 1 2100
