350
97 25 55 83 5 883 
38 93 95 39 1 15979 
49 76 68 42 4 7846 
24 92 29 47 3 5803 
82 85 32 40 2 1269 
89 72 56 48 8 14414 
34 77 22 53 5 5376 
66 48 90 59 3 15699 
70 98 51 29 10 1118 
92 47 78 35 10 4673 
36 39 49 54 10 4785 
95 85 80 73 4 12376 
43 71 89 32 2 10886 
73 68 34 60 7 6663 
80 92 83 72 10 9651 
73 22 84 32 3 15421 
72 32 91 75 9 12274 
39 87 25 29 4 2233 
65 51 75 36 9 1022 
79 39 72 44 4 11834 
44 67 39 24 2 11553 
42 29 38 96 9 17144 
39 33 91 61 9 14849 
31 90 81 23 5 262 
73 51 68 80 5 6742 
28 74 46 42 6 14150 
78 98 77 70 7 14467 
94 74 44 57 6 13621 
51 95 100 57 5 15624 
76 27 80 62 1 14768 
78 26 39 42 5 9186 
27 49 61 32 4 8771 
100 92 76 37 9 7769 
37 56 52 68 6 8484 
87 96 87 20 5 17465 
84 82 22 43 4 12715 
61 96 47 66 10 7417 
89 97 91 100 1 13954 
91 25 87 27 2 4293 
38 37 98 60 4 6026 
67 95 64 32 3 3657 
37 78 52 66 5 17349 
29 42 100 32 1 4871 
92 59 32 97 10 274 
63 35 91 46 5 4206 
100 24 62 82 4 12813 
72 89 40 100 4 5388 
35 58 85 24 1 14980 
95 46 97 36 2 14512 
36 89 83 21 4 17459 
81 46 54 74 5 14172 
25 25 57 65 5 9219 
91 60 35 38 3 7333 
55 93 35 34 1 8325 
24 77 57 86 7 16313 
29 61 94 37 8 11512 
89 54 96 93 5 7886 
53 89 62 75 9 12413 
35 28 21 98 2 4508 
21 50 46 99 4 3346 
48 66 26 52 3 11670 
85 54 70 48 1 4387 
54 72 83 78 4 5647 
51 100 35 86 10 14340 
84 43 37 87 5 11581 
53 54 28 45 8 17398 
31 70 65 61 3 15711 
50 86 54 33 10 13792 
70 36 56 37 9 11489 
94 71 31 96 8 3743 
78 49 59 61 8 120 
87 53 97 41 5 3705 
82 31 56 59 10 8522 
28 87 85 46 1 9884 
58 33 94 94 5 15051 
34 84 72 52 4 449 
61 39 34 71 10 11449 
43 94 62 35 4 3980 
35 100 54 80 1 7895 
35 67 31 70 2 12831 
80 77 99 76 2 2038 
69 66 38 74 3 2774 
47 45 46 25 2 904 
63 80 24 50 5 1955 
62 76 82 99 7 5751 
94 65 23 74 2 3392 
51 89 77 25 7 16686 
94 45 85 62 4 3192 
93 57 65 87 4 17379 
65 64 71 51 10 1119 
95 94 31 22 1 9287 
87 55 63 38 6 1849 
47 22 33 75 7 10045 
87 68 43 76 5 6992 
76 27 56 39 3 4061 
41 72 49 91 2 5798 
64 88 88 50 4 8111 
32 92 40 66 6 9055 
45 63 82 89 4 626 
20 69 99 53 3 1153 
38 67 76 52 2 11267 
99 75 97 34 6 16578 
62 48 84 47 3 11873 
66 62 90 30 9 14061 
69 70 58 43 6 504 
57 71 96 57 1 4611 
84 56 64 97 10 8056 
21 45 67 72 9 9625 
64 87 88 32 9 2905 
100 68 75 50 2 5787 
63 34 83 100 8 8134 
56 67 86 39 7 1867 
41 33 33 50 7 5398 
96 51 41 99 3 7671 
22 68 90 28 9 15781 
32 88 23 27 6 8375 
38 100 100 40 6 7791 
53 76 41 47 2 6889 
24 71 31 51 6 16118 
95 22 78 30 5 10612 
94 68 45 51 6 2994 
76 67 61 32 9 4738 
39 67 85 49 5 12002 
27 94 55 75 5 5553 
60 98 94 21 3 5439 
43 37 97 62 6 6605 
61 61 88 77 4 7450 
28 54 48 70 2 4705 
37 54 41 54 1 9067 
61 79 51 45 10 9728 
65 45 98 46 5 6470 
39 64 51 61 3 16750 
97 76 52 51 10 16641 
67 97 29 36 2 1841 
100 22 45 52 9 6727 
60 23 28 77 5 3307 
29 57 82 71 7 9840 
97 72 46 97 1 10839 
89 56 88 41 2 9581 
62 36 79 93 5 1628 
44 69 91 70 7 10220 
69 27 61 63 7 12329 
85 64 81 38 5 13123 
40 71 88 57 6 11422 
93 47 64 57 2 12101 
41 33 66 37 7 1044 
71 59 74 48 1 2161 
63 64 84 88 8 2578 
30 59 65 86 10 13766 
54 25 97 66 7 5173 
44 29 26 25 3 13136 
86 47 38 31 8 6085 
56 50 87 90 2 15522 
40 84 55 38 4 2225 
93 22 49 94 4 764 
52 38 22 53 2 11923 
69 27 73 56 7 14867 
100 49 99 38 10 7598 
50 91 51 73 8 8904 
61 36 83 57 4 14539 
66 77 90 65 5 8767 
73 85 42 28 5 11832 
29 22 23 83 5 5332 
92 71 40 71 3 6908 
89 39 52 70 8 6428 
47 21 79 30 2 13887 
89 64 59 93 2 7606 
75 51 48 71 10 91 
99 84 71 100 9 15564 
83 56 77 68 7 7944 
89 89 90 61 3 3212 
53 72 72 30 4 15781 
20 62 29 40 5 783 
88 44 25 88 9 3420 
50 80 89 57 4 13215 
61 31 100 26 10 15683 
95 37 44 47 7 3026 
88 38 30 91 1 12650 
69 69 42 83 1 12001 
57 22 100 83 9 7510 
97 49 73 48 6 5588 
64 20 61 62 9 7730 
21 85 85 55 6 15908 
99 56 90 51 8 5523 
44 37 39 57 1 3892 
68 55 50 73 3 12121 
56 27 76 80 1 11001 
32 31 73 96 4 9408 
71 31 50 71 8 8131 
73 23 78 44 4 1642 
68 40 25 42 3 3949 
42 91 89 41 9 13074 
74 44 86 39 10 10849 
70 73 100 74 9 14249 
66 32 74 24 8 6184 
72 82 56 25 10 4293 
63 55 80 46 6 16480 
87 59 75 55 2 1731 
65 30 20 70 2 12794 
100 84 97 87 5 10647 
39 27 35 75 10 6876 
76 83 86 38 3 5841 
60 52 73 20 1 6056 
77 64 36 33 8 10406 
30 21 47 45 2 15761 
45 40 34 48 7 16295 
69 75 96 20 5 11944 
52 31 59 94 10 14421 
67 50 50 72 7 12489 
84 51 58 54 6 15528 
51 79 84 32 1 6790 
59 52 60 52 5 1226 
33 58 52 65 7 949 
75 94 53 67 10 2438 
56 89 90 39 8 4399 
35 26 47 30 2 207 
54 100 20 65 1 5531 
21 21 49 24 10 10530 
86 84 39 86 9 3200 
50 44 57 58 7 5850 
21 100 48 89 1 17381 
86 93 85 38 7 1983 
41 50 77 38 2 14753 
93 95 84 82 10 9387 
88 28 88 31 4 13365 
24 89 52 92 10 16463 
24 64 84 98 6 12542 
70 47 37 36 2 5868 
80 95 30 25 7 10982 
50 43 87 94 4 8886 
61 68 35 94 6 10602 
89 27 80 29 9 16668 
49 29 92 22 4 9950 
23 96 31 45 9 11952 
68 95 98 79 7 811 
60 33 49 59 8 15970 
95 86 93 69 1 10433 
38 87 27 52 7 5839 
91 73 91 90 1 15413 
94 73 78 98 5 5043 
80 62 54 36 10 2304 
96 93 78 69 6 1747 
88 25 81 52 6 5779 
63 75 51 86 9 4127 
23 46 100 53 7 9013 
59 53 73 44 1 11601 
43 65 41 94 8 14194 
24 30 31 85 6 3512 
51 42 74 27 1 9605 
80 47 71 64 9 16556 
95 32 91 78 8 11917 
97 62 88 46 7 14639 
80 45 100 58 3 14306 
93 55 52 95 8 1382 
39 87 37 66 10 5110 
87 51 95 77 3 17379 
23 97 95 72 2 5478 
93 69 81 53 3 14603 
31 31 97 73 5 5172 
34 48 40 66 9 9806 
33 34 38 35 1 6408 
75 78 71 88 2 343 
94 80 93 83 7 7217 
48 76 60 55 3 14037 
66 80 72 88 2 16743 
61 100 70 75 6 16736 
86 20 34 84 6 7043 
100 59 82 53 10 3412 
47 56 72 40 2 13913 
71 21 87 31 1 1261 
92 70 90 31 9 5724 
60 91 32 52 3 5057 
25 38 97 71 1 843 
58 60 56 69 9 14821 
69 62 32 86 7 12131 
42 20 22 45 1 228 
49 27 41 54 6 620 
29 59 58 76 10 1099 
77 99 39 55 4 16177 
56 51 23 69 9 920 
89 49 37 81 10 12509 
52 86 61 93 9 12672 
93 36 42 85 2 435 
32 42 56 48 8 10001 
26 58 83 47 6 17181 
57 90 68 34 4 1161 
38 82 30 42 7 9858 
25 65 45 72 9 6396 
52 33 59 59 9 10355 
27 92 33 88 3 1693 
78 61 50 66 3 6470 
92 78 52 86 4 9712 
89 46 27 88 1 11007 
96 50 30 36 4 4336 
65 98 22 67 3 12600 
28 39 22 100 3 906 
33 85 22 51 4 8043 
85 50 82 70 4 11967 
55 37 72 100 10 6546 
85 67 73 78 10 4274 
31 98 58 26 2 7734 
48 68 28 94 6 13547 
38 59 59 20 3 17040 
99 36 36 33 9 14185 
72 64 29 80 5 8481 
54 34 35 91 7 12718 
79 56 53 99 3 3865 
58 85 42 33 2 9571 
24 21 95 30 9 3600 
86 53 60 86 3 13344 
26 56 36 45 5 12077 
98 50 36 48 2 3271 
51 82 46 20 9 10526 
36 20 72 33 3 5930 
53 31 46 93 1 15914 
20 75 88 29 2 6873 
31 75 92 36 7 16610 
33 23 24 78 2 14650 
65 31 58 97 3 10189 
92 64 80 51 9 8917 
91 70 97 76 10 12606 
38 66 41 83 8 12582 
72 55 31 66 7 6016 
46 89 20 59 8 15396 
33 92 24 90 1 681 
20 70 45 98 1 3353 
59 53 74 61 7 14500 
88 49 96 47 9 9563 
97 45 32 46 5 14296 
70 30 86 28 5 736 
39 34 23 75 9 1382 
47 84 54 63 10 4455 
97 87 34 44 7 7174 
64 73 99 27 7 7084 
20 91 87 48 1 9056 
67 22 66 77 3 2817 
46 70 76 97 7 7262 
32 74 56 24 9 11660 
21 98 84 50 6 10763 
93 90 68 30 5 13520 
86 49 80 35 4 6094 
96 57 98 57 1 11505 
53 74 24 49 5 1132 
63 49 64 76 5 13685 
80 35 68 39 2 10005 
66 55 98 31 4 12174 
47 92 42 74 5 13523 
85 67 42 63 9 10323 
39 84 30 77 1 14304 
95 76 94 37 2 15417 
