150
5 2 1 3 4 277
8 7 5 7 1 226
10 13 3 12 3 133
3 4 1 1 4 297
4 3 5 4 5 219
3 7 6 5 2 99
3 15 10 8 2 183
11 4 11 2 3 73
4 4 5 1 2 209
9 10 1 5 2 191
2 9 4 7 6 110
20 12 9 16 7 248
4 5 2 3 10 300
2 7 5 7 1 206
1 13 10 9 6 201
10 2 12 1 9 88
3 4 3 2 6 260
3 3 1 1 3 208
7 4 15 9 9 225
18 4 9 4 3 187
4 2 4 3 6 51
9 9 8 9 6 299
3 15 2 13 3 193
6 14 3 1 8 36
2 5 4 1 3 269
6 6 7 3 1 7
4 9 13 1 4 113
19 7 19 7 3 60
5 3 5 1 3 91
7 1 4 10 10 3
9 15 7 7 4 282
6 9 17 19 10 179
5 1 1 5 1 228
1 5 10 6 3 268
6 9 15 11 3 174
2 12 1 16 7 155
4 2 1 3 2 108
3 2 1 5 3 285
4 11 4 6 7 263
1 1 17 15 9 159
1 4 3 4 5 211
4 2 6 10 4 263
9 12 1 13 4 253
2 13 20 10 7 74
4 5 1 1 1 47
9 2 10 4 10 66
4 8 3 15 2 249
13 12 16 14 8 41
3 5 3 1 9 197
1 2 2 2 7 113
12 8 7 2 10 297
12 3 7 20 8 229
4 1 1 3 8 198
7 5 2 10 2 81
12 3 11 6 4 68
2 6 1 20 7 259
5 4 4 1 7 106
8 2 3 3 1 301
9 2 2 3 6 94
6 16 10 16 5 42
5 5 4 4 9 112
2 8 8 3 1 259
12 13 6 6 4 238
2 8 13 4 4 264
5 5 2 5 7 169
10 1 5 8 1 289
8 7 3 3 10 105
3 11 7 14 8 283
2 2 4 3 3 58
1 6 3 8 6 133
7 8 14 9 7 211
9 5 12 10 8 129
5 5 4 2 8 131
2 6 2 4 9 193
11 2 12 7 9 247
12 16 3 9 6 100
2 1 5 4 2 216
10 1 3 8 8 195
5 5 14 14 2 52
5 12 2 19 5 295
3 2 5 3 4 240
9 4 7 7 4 78
14 14 2 4 6 110
14 6 14 14 3 176
5 4 5 5 9 110
3 5 1 9 10 247
8 7 8 2 7 210
10 18 20 10 10 78
3 5 5 5 3 144
6 6 7 7 5 214
7 2 12 15 8 291
19 13 9 7 7 154
4 1 2 1 6 9
7 5 4 1 3 149
6 8 1 15 3 97
2 14 16 16 7 280
3 2 4 4 1 266
3 7 10 3 6 259
15 11 3 7 1 215
12 19 19 12 6 188
5 2 3 3 9 220
4 3 10 5 9 163
4 15 3 4 10 294
17 20 19 20 5 0
5 4 1 5 1 285
3 1 7 3 7 200
7 10 8 13 5 95
16 1 5 3 4 155
3 5 3 4 2 94
10 7 7 6 7 154
15 4 13 2 8 257
9 3 16 1 3 8
5 1 5 5 6 203
1 10 6 5 3 207
13 5 10 14 7 154
18 16 1 13 8 292
4 1 3 4 3 105
2 10 3 8 7 214
1 15 8 10 4 247
14 16 10 1 5 86
3 4 5 3 2 294
2 3 2 1 6 108
11 6 5 6 2 9
3 10 11 15 10 154
3 5 1 2 4 250
6 3 3 7 5 182
15 6 1 2 5 140
5 8 9 1 5 184
2 5 1 1 9 176
9 1 1 6 3 247
13 6 11 3 8 22
4 6 7 5 1 48
5 4 1 1 10 166
10 10 9 7 3 242
14 1 10 5 10 115
5 15 7 12 2 74
2 3 4 3 9 293
10 1 10 8 5 78
8 15 8 10 3 244
1 8 8 17 1 122
1 4 1 2 8 153
10 7 6 5 10 127
6 1 3 9 5 71
9 14 9 8 4 272
3 4 1 2 10 298
9 10 8 6 4 79
8 15 9 1 10 145
16 10 4 14 4 112
3 2 5 1 10 239
8 6 9 1 3 225
