350
161 154 150 212 2 1740
111 110 107 163 3 2100
124 127 130 169 3 3360
37 35 43 51 2 540
70 72 100 123 5 480
97 115 95 162 3 4680
63 52 85 105 5 660
29 30 40 43 1 1620
36 31 39 48 2 1380
83 85 102 153 6 180
70 72 76 122 3 3540
177 175 179 297 2 3960
53 51 64 79 1 1680
47 43 57 76 2 900
21 20 28 36 4 1080
229 241 210 296 4 5040
48 45 59 80 5 1200
38 34 49 58 1 780
37 32 45 49 2 1860
42 42 56 74 2 1380
41 37 49 56 2 1320
60 58 69 99 2 2400
269 271 213 392 3 3180
55 43 60 75 1 2160
33 28 41 48 2 600
136 145 156 222 3 4020
33 27 36 49 2 1440
118 109 125 178 2 2400
51 45 54 80 1 2760
192 171 192 281 3 2880
56 44 56 73 1 960
50 49 64 72 2 660
159 164 145 258 3 4860
37 36 48 65 1 2340
63 55 74 83 1 1080
44 48 59 67 1 1320
144 141 149 196 3 1980
21 20 27 32 7 540
97 116 123 159 2 1500
81 72 94 144 7 540
36 29 44 53 2 1860
41 39 54 65 1 1380
57 57 73 89 2 840
56 44 59 77 6 1260
120 115 130 192 3 3000
38 40 47 61 2 1140
118 111 114 175 2 4020
58 58 74 90 1 2700
71 61 85 109 6 480
94 113 93 159 5 4020
102 102 123 166 3 4080
142 139 135 196 3 2400
171 178 183 258 2 2460
54 44 67 70 2 2640
63 62 78 121 4 1380
59 65 68 104 3 3180
52 42 56 69 1 300
64 57 72 99 4 900
33 33 42 53 2 2100
80 81 100 125 3 3120
172 164 193 274 3 4140
117 106 103 176 4 5100
150 172 156 229 5 3240
45 41 46 65 2 2040
35 33 46 56 1 1860
60 52 63 87 2 600
50 41 56 65 2 420
101 100 99 147 2 3300
95 84 107 164 7 1260
43 38 46 63 6 240
23 20 29 34 5 840
187 164 189 258 3 4080
111 119 133 184 3 2520
33 30 38 46 2 1020
76 88 80 119 2 1560
167 166 155 221 3 3660
89 86 111 138 4 720
61 52 75 83 1 2400
39 30 42 59 2 1020
47 41 58 64 2 2820
66 61 82 102 7 480
68 76 80 120 3 3780
208 201 180 310 5 4380
73 71 99 119 4 120
190 211 180 308 5 4980
133 126 132 194 3 4320
42 40 47 66 2 120
169 187 157 241 3 3780
216 248 237 389 4 4380
37 35 48 62 1 2580
64 51 78 85 1 1680
51 46 61 75 2 2820
103 106 97 167 2 1680
70 66 65 106 2 3720
46 42 59 76 5 960
220 220 223 361 5 4200
155 148 152 219 3 1620
44 42 59 68 2 240
70 74 77 114 3 3180
137 151 149 215 2 2160
94 87 92 133 2 2640
34 31 42 55 4 1140
34 30 43 50 1 1140
58 51 69 83 1 840
173 219 192 312 4 4740
46 42 45 69 1 420
38 35 49 55 1 480
71 60 89 125 7 120
29 23 31 43 5 540
39 40 52 66 2 2040
160 197 154 278 3 5580
182 161 182 249 2 2340
42 36 47 55 1 2040
86 76 112 149 7 1200
77 76 103 130 6 1380
41 37 51 63 2 1140
157 163 158 232 3 1680
32 32 37 47 1 2040
55 48 73 89 1 2820
99 113 100 161 4 3960
164 169 159 249 3 2820
62 51 75 92 2 2340
49 43 59 71 5 900
40 39 53 67 2 2400
178 170 183 245 4 3120
147 151 172 245 2 3840
137 150 175 225 2 3420
90 96 91 151 3 3120
52 48 58 71 2 180
38 36 46 53 1 2100
46 36 47 68 1 300
195 185 158 288 3 5220
137 139 163 226 3 3000
81 76 101 136 5 1320
60 51 77 95 5 1140
48 40 58 73 2 2760
43 38 59 66 1 960
30 27 35 44 1 900
32 32 42 51 2 180
141 142 157 233 2 1560
32 29 34 43 2 2040
85 78 82 123 3 2580
76 70 76 119 2 2220
116 129 123 198 3 4080
146 156 125 203 4 5580
78 70 94 128 7 1320
37 34 44 58 4 1320
49 49 66 70 1 1020
43 44 48 64 2 780
124 134 155 215 2 1800
43 34 47 70 6 1260
158 157 133 259 5 3720
47 39 54 72 1 360
162 172 167 268 3 1980
44 38 53 59 2 780
65 58 69 107 7 960
70 73 74 113 2 2700
90 73 112 132 4 840
103 89 112 158 3 3420
41 40 53 70 1 360
143 131 157 204 2 1920
30 30 36 47 5 180
179 166 191 298 2 1860
129 136 153 221 2 2400
38 35 50 63 2 2700
39 34 51 58 1 2280
67 71 75 98 3 1680
103 93 104 174 2 3660
144 143 152 209 3 3900
94 83 90 135 3 2220
160 151 180 241 3 3480
48 47 57 68 2 2460
143 124 137 209 3 3780
44 45 57 73 1 1260
131 153 146 229 3 3060
160 148 172 260 3 3960
45 41 47 64 1 1020
144 159 127 243 3 3600
36 30 40 49 2 2700
58 61 67 95 1 900
69 54 80 106 7 1380
43 40 56 67 2 2760
173 157 185 234 2 3540
86 84 97 116 2 2760
127 110 116 168 3 2280
177 160 146 239 4 4260
68 63 83 100 6 540
28 27 35 45 1 180
119 135 149 207 3 3660
59 61 70 84 1 480
140 146 145 243 2 2040
108 107 125 175 3 2640
65 58 78 91 2 240
51 41 54 74 1 1920
178 197 176 280 3 4980
83 73 77 109 2 2700
59 50 69 91 5 540
151 156 166 248 2 4140
55 43 67 74 2 1980
39 38 45 68 5 1260
255 258 204 378 5 5460
52 50 64 81 1 480
31 27 31 51 7 1140
147 138 165 200 2 3120
63 68 66 98 3 3060
26 25 28 43 4 780
53 54 76 94 1 1740
42 35 56 66 1 2520
39 37 48 62 2 2460
57 55 64 92 1 2100
100 102 116 165 2 1440
50 47 59 84 2 780
98 86 91 156 2 2640
85 86 92 129 2 3900
32 31 46 52 1 2340
123 121 104 161 4 3000
208 218 178 319 5 5160
138 142 148 201 2 1440
54 51 60 72 1 2400
78 67 71 118 2 2160
36 33 48 64 1 2280
158 152 133 231 4 5340
95 107 91 153 3 4020
48 52 61 79 2 1140
69 69 81 117 6 360
153 152 158 242 2 1680
107 121 115 163 2 1920
248 282 213 383 3 4020
96 109 117 170 2 3600
144 155 154 253 2 2940
29 22 34 45 6 900
64 57 76 80 1 2640
87 79 106 145 7 300
27 22 33 44 7 240
85 81 102 131 6 780
53 51 61 76 2 2280
86 87 98 145 2 2520
35 34 45 50 1 2760
21 18 27 37 4 600
64 60 73 108 6 1260
126 115 129 195 2 2760
191 215 188 335 4 3480
32 25 35 57 4 480
212 213 172 292 3 3180
68 62 87 119 7 780
211 249 217 306 4 4800
75 70 74 116 2 3420
101 94 103 142 2 2340
130 116 140 204 3 4260
40 40 49 66 2 2640
40 33 45 62 2 1080
41 32 47 54 1 420
34 29 39 44 2 2400
37 29 38 53 4 1320
92 70 103 137 5 960
46 41 46 68 2 2040
73 63 84 99 4 1020
58 47 63 78 1 900
57 49 74 82 1 2820
33 28 34 47 2 240
170 155 182 259 2 1800
180 178 175 247 3 2580
43 34 47 58 1 840
33 27 38 49 2 2160
154 160 168 231 2 2040
170 167 215 285 3 1560
141 176 144 236 3 5280
149 156 180 238 2 2400
54 47 59 71 2 2100
53 51 57 86 2 900
59 56 75 85 1 1560
105 96 95 144 3 2100
123 130 117 185 2 1740
71 65 78 104 5 1380
257 246 247 399 4 3780
172 163 186 276 2 2340
53 58 76 91 2 660
55 52 74 94 2 240
24 21 28 34 5 1380
88 93 100 147 3 3360
142 138 140 188 2 3720
104 94 99 136 2 3360
38 40 47 66 2 420
46 44 64 80 5 360
45 39 59 78 5 960
54 47 65 81 1 2580
173 167 179 257 2 1920
163 163 157 219 3 2520
75 74 85 112 3 3240
37 31 38 57 2 1980
25 19 28 42 4 1380
72 57 79 110 5 360
38 33 44 62 2 120
32 32 42 46 1 2760
51 49 61 75 2 2040
150 154 186 247 2 1620
96 88 90 133 3 4020
62 52 69 112 7 360
142 141 153 190 2 2820
100 109 106 167 2 1440
100 93 106 138 2 1920
167 198 194 260 2 4200
224 217 182 334 5 5400
43 34 42 57 5 600
105 106 100 168 2 2340
26 22 35 46 5 840
169 212 156 273 3 5520
153 158 185 253 3 2460
44 39 56 77 7 1320
52 49 56 77 2 1380
158 158 176 223 2 3360
31 27 33 50 2 300
152 136 141 227 3 3900
52 50 60 86 2 2460
24 20 31 38 4 720
50 46 63 69 2 1260
45 35 46 74 6 1200
30 22 35 41 7 360
37 32 46 55 1 540
29 24 32 40 4 780
37 37 43 60 4 600
165 173 169 259 2 1860
88 80 89 125 3 3960
36 38 41 53 2 180
51 54 58 74 1 1560
183 182 174 260 3 2400
88 82 103 157 7 540
161 167 142 243 5 2880
30 32 38 51 2 1980
186 191 180 293 2 3180
95 99 84 155 4 3780
54 55 66 81 1 2700
34 32 40 59 2 1320
139 125 153 191 2 1800
36 35 42 58 2 2760
50 43 54 71 2 180
161 159 167 218 2 2820
82 89 88 144 3 1860
149 154 165 236 2 3540
49 48 61 76 7 1020
149 138 142 222 3 3660
93 93 111 147 3 3720
125 137 124 179 5 4500
41 39 50 74 7 360
30 27 40 53 6 840
165 166 185 259 2 3540
116 121 114 182 4 4800
57 52 72 95 7 1260
48 47 65 72 2 2820
36 38 50 55 1 1680
