200
4 2 1 5 9 295
9 2 3 4 9 112
6 9 2 4 2 90
3 19 19 1 2 73
2 5 5 2 5 71
3 2 8 4 6 144
15 7 15 15 5 70
5 5 10 7 6 168
4 4 4 3 8 80
5 7 10 1 5 267
4 7 2 7 1 286
9 2 14 1 4 241
5 3 2 1 5 71
5 6 3 2 9 389
15 2 11 3 8 61
18 20 9 9 4 392
4 4 4 1 10 295
7 7 7 5 1 369
13 3 7 15 7 161
9 19 2 20 1 268
2 2 4 2 6 388
6 1 7 6 9 374
7 13 12 1 7 9
2 20 14 3 10 388
4 1 2 4 10 67
4 4 1 7 6 284
10 11 7 3 10 207
9 11 9 19 8 8
2 5 4 4 2 14
6 1 6 10 5 19
12 14 14 15 10 199
5 12 2 16 4 35
3 4 4 4 8 324
4 6 6 2 9 303
7 6 15 8 4 363
18 10 12 3 6 237
2 3 3 3 5 355
3 7 1 7 5 251
8 1 3 15 1 380
10 7 2 4 1 123
1 4 4 4 4 80
10 9 1 2 9 362
5 7 9 11 8 356
14 16 1 9 6 104
1 3 2 5 6 110
9 7 8 7 1 28
11 12 14 5 3 110
18 17 7 8 9 88
3 1 4 1 3 128
6 8 3 2 8 21
8 11 7 5 7 297
4 8 13 13 1 134
1 2 4 1 3 337
1 10 9 3 7 256
2 12 4 10 3 79
4 14 19 5 4 170
1 1 2 3 10 368
10 8 6 1 9 73
14 2 5 6 3 302
13 12 9 6 7 259
1 4 2 2 9 236
6 5 10 8 2 376
9 15 3 4 6 346
12 4 4 3 7 401
2 3 5 1 5 111
6 10 2 3 1 386
6 8 14 3 9 156
18 17 18 11 6 168
5 2 3 3 3 181
2 9 10 1 9 117
10 15 7 9 4 202
15 5 10 6 10 241
1 5 2 1 2 180
4 6 7 2 9 351
6 6 1 7 8 356
2 19 17 9 5 331
3 3 4 4 1 110
8 9 4 3 1 6
13 13 6 12 9 216
10 13 12 10 6 22
5 1 2 2 8 66
5 3 8 9 1 186
1 8 15 10 2 158
16 9 13 18 3 175
5 5 3 4 10 315
1 5 9 8 3 383
10 11 6 14 9 156
4 6 3 17 3 314
2 3 5 5 10 311
10 6 6 6 6 344
15 6 3 15 3 45
16 3 1 14 8 8
2 1 1 5 9 391
5 3 7 5 3 26
4 5 3 4 6 330
17 18 19 11 6 1
2 3 3 5 10 197
8 3 6 2 8 82
15 6 8 6 3 203
15 16 14 19 7 384
3 3 1 3 7 280
3 7 2 6 9 5
13 11 8 15 7 360
13 4 18 16 9 21
5 1 2 3 3 391
1 1 8 9 7 35
6 2 4 13 9 219
6 16 7 16 10 7
4 1 4 1 3 61
4 7 7 4 9 321
14 15 2 10 5 308
1 2 16 3 9 87
2 3 4 2 9 30
8 7 2 7 7 200
13 14 2 8 10 58
18 12 14 3 9 93
2 2 4 2 2 196
8 8 9 7 3 387
13 7 5 10 1 58
15 10 1 2 9 90
3 3 2 1 2 76
5 8 10 1 8 82
10 14 13 14 6 113
20 19 10 1 9 221
1 3 3 2 1 131
10 8 7 4 1 238
14 6 11 6 3 359
8 13 16 4 9 281
1 4 4 2 5 49
5 2 7 7 4 161
6 14 1 1 6 363
3 20 15 12 5 210
3 2 2 5 7 13
6 10 1 5 9 251
2 1 14 14 9 341
13 20 20 12 5 258
5 2 4 1 2 298
3 10 3 2 3 81
6 12 11 11 7 35
20 6 8 18 5 25
5 4 5 1 5 225
9 5 8 7 9 300
8 12 7 9 3 53
7 6 16 18 1 300
1 2 3 1 10 252
3 4 8 5 7 322
5 14 6 5 7 28
11 17 7 19 7 158
2 1 4 1 6 15
9 4 7 6 10 96
1 4 3 2 8 94
20 14 3 16 10 102
1 3 4 4 10 204
6 3 5 7 8 369
12 2 3 9 5 47
4 6 19 16 4 370
3 1 4 4 9 364
1 8 5 3 5 369
15 11 2 8 3 24
11 9 9 13 8 253
2 5 2 1 6 327
7 1 10 6 7 138
2 8 15 7 2 173
7 2 18 12 7 41
5 1 1 2 10 145
5 9 3 1 5 161
14 10 13 3 4 305
4 19 12 14 6 89
4 2 5 2 5 60
7 3 4 5 1 262
12 14 3 15 5 255
19 3 3 11 9 33
3 4 5 5 7 62
10 4 7 8 6 337
4 10 9 5 7 159
3 8 9 7 4 233
1 2 1 3 4 232
9 6 5 8 7 8
2 3 3 1 7 217
9 5 16 9 7 119
2 5 2 2 6 259
9 6 5 5 8 166
9 10 12 8 6 31
14 5 5 17 3 296
5 5 3 1 1 155
1 7 7 7 10 373
6 12 12 1 9 26
7 8 17 9 3 366
5 3 5 4 9 9
10 10 5 4 9 39
3 8 7 11 8 251
15 8 3 9 8 349
5 5 5 3 2 263
1 6 7 5 3 198
14 11 9 11 3 268
11 11 3 12 9 176
1 3 1 5 1 364
2 3 10 10 8 258
7 7 12 2 6 222
20 20 12 19 7 299
