300
50 51 17 42 29 496
34 35 9 42 58 3002
20 9 14 85 28 3181
47 88 67 26 4 3674
67 20 7 29 97 1461
49 68 2 58 45 2184
2 81 41 100 12 3028
62 69 82 49 48 850
60 59 63 90 53 2256
69 5 8 3 61 870
22 98 13 30 47 3414
71 69 5 18 29 3183
98 95 73 11 70 2753
11 23 6 88 27 1678
39 37 9 45 8 2337
89 30 39 55 19 3433
78 36 48 55 17 2914
43 15 12 90 1 1535
12 36 28 12 14 634
56 91 6 68 72 1875
92 22 10 27 63 1125
36 32 63 93 54 1009
56 5 51 27 42 2583
77 35 72 86 11 1099
16 8 97 13 14 1834
75 54 39 34 82 2217
10 74 35 10 56 3513
95 63 50 81 53 1079
29 70 68 97 99 3640
25 11 85 3 79 2510
25 71 63 7 51 632
12 77 90 2 71 2614
11 61 12 47 99 910
47 34 49 41 7 2277
33 68 81 78 84 3122
23 44 94 96 82 2588
54 84 11 60 93 1398
3 100 48 39 75 2225
8 2 96 15 88 458
66 87 32 54 14 188
61 24 28 42 57 3102
21 79 61 21 41 949
30 55 5 78 100 3349
34 28 25 81 37 924
81 20 85 63 2 2591
96 99 83 98 79 3616
17 24 19 31 75 971
79 39 98 49 59 1566
75 87 96 40 6 571
2 91 20 46 94 1293
28 87 71 52 90 3367
19 15 3 59 46 2598
77 60 38 52 98 2471
77 47 30 60 76 1061
53 59 83 99 72 2320
91 77 72 83 54 2506
68 69 24 33 69 905
82 37 95 47 88 3233
23 80 35 56 81 2724
12 93 10 4 98 1985
83 15 38 26 17 500
22 15 16 71 52 2570
13 89 54 34 34 947
58 7 55 17 65 1869
42 14 97 79 70 1392
42 36 54 25 45 2096
50 51 82 16 90 580
69 90 58 18 85 1178
26 48 22 99 63 2320
60 96 21 29 36 2322
13 17 48 45 16 2221
9 55 45 18 76 179
30 51 83 90 35 3134
48 73 100 2 34 3639
64 46 24 1 18 2205
58 94 76 32 32 1482
56 26 27 1 38 2282
83 60 94 21 16 1791
27 47 82 75 23 3617
41 27 68 51 60 3183
97 51 65 3 60 341
84 91 8 89 97 918
93 56 17 4 26 2940
74 27 43 33 70 1569
69 16 28 35 20 3116
70 60 43 54 91 2495
54 33 49 89 18 1758
56 15 49 77 77 1601
1 75 14 29 94 742
10 14 21 24 77 2525
35 69 77 8 24 2400
70 37 31 96 38 1206
10 46 57 26 48 582
93 44 18 45 48 637
79 35 51 69 15 2633
32 54 56 74 20 3583
56 100 45 36 27 3389
58 41 8 2 85 1238
33 15 93 72 81 638
29 27 33 62 57 1267
57 51 63 3 57 577
19 47 26 77 74 1802
27 59 51 4 53 2975
78 44 92 3 55 3334
84 93 58 71 81 3507
43 45 73 32 35 581
97 16 56 93 18 3732
44 5 42 44 5 3453
26 1 57 93 81 3095
39 14 91 88 10 1908
42 66 25 64 4 3595
58 28 57 94 19 1193
74 9 26 74 57 2492
20 52 65 58 19 3271
43 41 30 54 73 1462
37 55 49 54 10 2957
45 40 29 47 38 327
10 55 77 52 60 1684
35 90 38 32 100 429
83 89 51 81 80 1200
44 65 86 79 18 2024
77 30 86 6 16 148
36 97 39 81 73 159
24 37 18 75 40 1901
23 66 84 42 97 289
41 51 73 39 68 263
69 81 67 77 66 1850
79 1 90 50 42 3499
24 70 14 43 64 3237
33 99 98 89 10 1892
89 12 49 96 7 1159
30 44 41 94 6 3027
12 99 72 89 52 728
30 86 44 11 49 3721
90 66 64 9 70 2139
84 2 100 46 57 3305
12 73 72 80 98 2093
88 16 44 5 57 1308
68 86 26 59 37 328
38 22 16 47 50 2653
45 71 82 46 77 3313
14 46 22 88 19 3376
13 5 63 22 65 915
48 15 66 79 5 3201
6 5 35 18 10 1526
47 41 29 71 19 2687
81 100 28 65 28 1418
51 89 28 99 68 1846
30 69 24 72 29 3562
90 88 28 57 40 2355
11 27 73 11 75 1395
70 60 63 85 47 3022
78 8 83 2 10 851
5 1 42 73 13 2039
32 9 88 4 56 1785
98 19 41 12 43 456
40 19 36 25 40 424
45 71 35 47 33 1309
76 33 21 54 51 1458
49 28 43 32 47 2399
73 22 37 3 64 2255
98 22 95 65 53 2949
66 14 84 39 25 2964
78 11 53 8 68 723
55 80 42 4 48 1963
69 92 46 91 96 2903
40 61 26 22 33 3353
48 90 21 25 68 3024
9 37 99 1 22 1858
27 24 65 85 19 2748
12 56 35 38 9 3283
43 71 80 56 50 763
26 74 73 49 81 2374
34 59 8 21 29 3718
36 62 37 49 96 1912
22 61 74 41 11 2815
92 60 63 54 21 527
13 42 52 46 75 1281
68 9 74 39 77 3232
59 48 9 13 100 164
18 82 51 80 87 2364
4 5 94 45 69 487
48 3 67 80 67 3242
67 50 93 61 33 464
42 58 88 89 17 343
31 77 6 13 72 2095
3 26 29 73 30 3118
11 41 45 19 7 2738
24 73 26 69 93 608
22 67 9 74 31 876
53 75 4 13 49 523
16 5 32 83 21 1452
83 94 78 94 23 2417
57 86 1 77 81 2656
31 94 43 69 30 688
78 10 63 89 5 2606
56 46 79 75 53 909
39 2 43 46 29 231
69 42 81 3 81 2469
93 22 13 44 63 307
49 71 86 85 43 2834
64 8 68 26 1 956
34 64 14 76 22 468
1 52 62 39 40 2313
50 5 68 36 39 3724
79 60 20 36 57 927
52 53 38 28 41 1593
76 57 14 74 6 2706
85 63 5 2 86 2471
93 3 23 35 34 2426
1 98 11 58 32 2745
96 38 51 77 31 3113
46 4 82 79 20 2041
47 13 34 80 67 2337
97 65 43 17 97 2433
82 20 69 54 99 2188
66 74 15 40 11 3601
79 97 97 5 57 870
77 12 43 69 61 1234
2 97 71 97 28 2662
42 34 62 70 12 1636
79 1 60 78 64 2040
71 93 58 19 40 116
73 38 53 29 98 2842
36 62 59 21 74 3403
15 55 62 26 88 2712
6 7 59 88 50 217
37 32 12 30 36 2100
59 14 85 65 66 787
4 92 22 70 65 2355
21 31 77 79 39 3519
75 86 39 9 65 3529
35 50 75 31 76 1800
13 30 74 50 11 963
19 21 91 51 25 1307
16 55 76 4 4 2870
24 28 30 13 65 3698
33 62 62 73 73 3444
42 92 25 74 77 2151
92 80 36 9 94 3494
7 69 69 25 52 1692
78 100 65 54 66 1108
56 43 22 42 83 2109
84 94 7 78 88 1136
35 40 55 47 44 2616
3 43 93 36 74 949
24 17 89 85 50 2179
89 85 66 9 43 2765
68 14 18 29 77 3065
83 96 100 14 34 3404
97 59 79 8 69 2671
93 21 23 58 98 560
58 9 57 44 42 615
51 45 6 14 25 2629
49 21 59 67 95 2273
16 68 66 56 86 325
70 36 45 24 94 3633
12 38 62 79 86 485
5 9 7 93 33 2254
94 65 54 90 32 3354
95 67 85 11 72 1012
87 51 50 92 68 2675
64 74 37 30 69 526
15 98 73 4 10 1493
27 14 90 68 23 2825
68 77 69 31 37 441
26 40 14 91 87 2616
1 84 72 28 58 3643
12 37 22 41 32 886
28 56 32 76 18 1292
39 53 66 4 23 2960
64 50 48 75 85 2558
37 42 54 42 58 290
88 40 90 86 57 989
3 25 70 18 46 2724
76 2 27 91 65 1708
61 87 14 84 61 237
21 85 17 59 65 1401
74 43 85 96 52 1193
15 90 2 87 20 2433
98 31 28 68 12 3070
36 69 72 12 74 3152
42 98 76 79 68 1876
57 78 99 51 77 1503
76 4 31 20 40 412
39 79 41 21 70 2299
11 98 71 25 6 561
72 66 45 24 96 1203
15 46 43 75 79 557
81 37 96 79 77 361
7 56 76 84 52 1267
16 78 95 6 83 1904
76 44 66 25 85 1173
17 27 35 76 2 851
80 22 76 76 88 1074
69 63 63 82 1 2375
80 9 64 66 60 1517
74 21 49 93 74 723
28 16 7 36 62 248
55 78 47 8 50 1862
