450
79 9 96 56 19 5453
18 37 19 48 33 5253
44 53 76 42 22 437
11 41 44 81 5 701
56 67 100 88 35 3742
77 83 23 43 45 6807
81 30 66 80 32 5823
84 33 4 14 13 595
17 27 64 68 40 2176
45 80 58 34 40 2942
71 17 61 63 4 1453
40 57 40 46 27 5805
81 64 48 67 24 1432
2 95 78 43 17 2057
27 56 86 75 23 4989
83 27 65 89 2 1235
84 37 20 76 38 3274
86 80 21 59 44 105
12 1 48 5 23 3380
50 23 99 75 49 2146
67 66 54 55 14 512
49 64 60 2 23 120
68 93 13 29 38 4123
12 87 67 80 17 3174
60 6 47 38 1 5176
87 10 12 70 15 7021
66 95 56 30 7 441
48 89 40 42 49 4356
27 16 22 21 32 4523
75 20 68 45 20 3527
42 84 98 14 49 6240
7 91 62 66 20 1583
94 14 11 1 21 1943
100 8 39 93 17 5980
24 77 59 32 39 6529
79 94 41 60 23 2326
68 61 38 51 28 224
55 64 84 70 43 1671
43 100 54 45 33 6763
19 96 17 10 21 269
72 81 39 18 29 841
61 29 75 41 3 1190
100 79 60 31 48 6761
29 62 73 89 14 6421
9 62 16 21 10 6572
16 61 70 55 10 724
75 29 54 100 41 2104
83 47 9 10 1 4649
29 3 83 96 4 4421
44 49 91 1 47 3075
3 31 66 35 47 6722
93 2 46 72 17 4592
22 66 15 15 32 5686
91 63 100 58 11 4735
25 2 81 18 36 897
83 38 94 46 4 1142
31 69 34 57 40 4277
38 91 96 77 21 4800
2 87 80 67 26 2273
77 89 8 27 44 5697
17 33 78 87 10 6591
27 30 14 1 30 3000
60 3 77 35 50 428
3 34 52 2 7 6957
16 45 15 78 40 2791
52 55 42 50 27 3804
36 73 29 74 15 5417
94 68 35 1 26 3483
100 78 72 11 4 7172
52 34 24 58 38 7087
85 86 34 55 10 5755
32 16 96 86 15 4524
68 29 11 12 14 3126
98 29 100 89 18 3674
15 30 44 27 16 3655
27 49 28 58 41 2347
77 74 91 54 35 5391
25 77 7 29 5 2072
80 41 17 81 42 4987
93 41 64 100 0 2087
32 48 100 12 16 3148
81 17 20 37 13 1958
15 72 26 14 40 4685
31 49 90 85 44 6799
80 67 77 80 19 2517
42 88 14 13 17 891
36 50 33 74 0 265
46 54 75 5 37 1917
50 5 99 86 45 3673
2 35 8 82 42 1122
50 24 52 34 23 5009
38 98 84 19 19 4037
54 63 28 49 22 6758
80 60 47 47 25 1757
8 98 6 67 4 4856
56 77 75 92 8 960
46 41 51 87 50 6860
8 99 10 67 30 5644
41 57 75 79 33 3219
42 93 44 24 47 1500
81 94 93 79 8 151
98 44 74 62 2 2432
31 58 59 28 37 371
84 71 54 50 9 329
30 100 18 28 32 3900
15 94 18 3 40 3398
42 62 4 99 24 6509
20 51 12 65 7 1611
38 50 89 67 36 471
2 31 20 18 31 6330
88 48 77 58 22 3656
96 34 54 94 18 2445
92 16 25 77 45 949
55 13 44 29 6 1810
94 96 70 13 20 6359
36 52 12 72 35 2357
46 21 71 39 5 6366
55 70 47 89 13 2989
41 29 52 6 37 2851
7 37 36 87 47 5345
90 26 25 73 21 1402
35 50 53 77 48 6349
45 3 15 83 39 3392
31 7 46 27 34 1937
18 4 87 59 1 5064
29 28 41 43 22 1407
48 86 30 42 24 2080
45 77 8 42 44 4169
39 36 8 30 15 2489
14 89 4 9 2 332
78 50 31 49 39 6432
44 50 18 79 31 2892
16 5 19 3 16 364
77 45 15 100 35 2666
99 63 54 76 9 2472
28 16 89 18 0 3654
96 30 26 93 12 7024
52 87 4 51 33 5532
51 89 78 92 42 6054
80 46 45 68 28 2442
86 47 3 76 18 1346
24 96 50 85 37 2487
49 93 12 75 11 5888
54 27 15 67 19 892
20 39 15 30 18 4777
71 70 49 98 42 1875
43 46 5 60 6 5269
32 71 16 82 7 3812
94 98 75 96 29 1425
78 6 95 79 40 6264
26 31 53 30 46 7037
78 58 44 96 32 214
98 24 47 38 0 3108
89 9 32 15 13 1516
20 76 98 10 17 5574
66 98 68 54 47 6567
22 25 32 82 38 2403
73 46 38 44 18 7185
84 16 8 63 25 4729
5 5 14 27 31 1596
75 76 85 64 16 6702
83 27 23 39 4 6050
99 49 81 7 19 2002
88 48 24 22 2 3877
85 46 14 22 10 1311
92 62 29 56 37 581
36 66 58 28 37 4929
8 28 19 9 34 821
11 18 24 37 31 6528
66 92 6 58 31 5327
6 34 32 65 10 2525
73 10 63 13 25 4177
16 5 66 15 30 7065
12 75 92 11 15 6274
75 86 79 50 40 6439
93 53 46 68 16 3492
25 54 44 9 23 7107
91 87 22 64 46 1545
17 50 31 5 19 6716
83 39 70 9 6 1767
52 33 78 56 46 6764
56 54 61 42 33 2260
53 7 80 4 32 6054
28 93 28 87 33 2063
42 55 55 17 31 4079
63 89 23 39 43 2491
29 11 63 66 4 3773
93 51 52 55 17 668
3 49 29 66 10 4816
13 100 73 27 14 4776
6 94 42 41 16 3272
94 100 26 45 6 6253
69 99 14 52 15 5074
14 11 96 20 23 1712
56 13 94 9 27 2957
5 9 22 68 6 2849
75 37 41 44 2 4477
68 76 52 36 9 7033
59 95 59 58 40 6537
84 29 44 46 44 3007
69 75 72 45 38 2733
18 100 89 53 38 2744
98 42 21 83 47 1544
100 41 44 79 39 3981
65 48 19 92 35 1121
4 64 18 69 12 5328
93 24 90 10 22 4306
50 64 4 38 38 6156
26 73 44 14 19 1952
46 27 60 80 22 7116
12 83 16 73 27 7004
66 53 100 71 26 4769
43 58 42 25 21 3138
82 81 3 42 45 1039
54 62 57 13 14 4246
27 83 65 51 6 1961
84 63 60 7 38 1604
81 11 10 11 36 1597
79 55 42 84 50 3082
43 69 49 20 14 1646
32 28 66 42 7 986
71 100 44 14 44 664
48 65 74 65 13 1556
72 43 56 29 45 4005
30 21 1 62 20 6467
93 81 78 73 25 4225
64 9 30 81 45 6032
3 52 22 29 13 1431
16 100 93 100 16 2858
94 26 19 14 13 3931
63 46 90 32 20 368
50 68 58 78 34 5740
59 100 71 10 23 1218
21 10 21 49 5 4242
77 65 82 43 19 1156
30 22 70 18 42 4655
69 24 89 26 48 6616
1 12 94 72 5 3807
11 75 65 54 20 2179
12 10 41 96 14 501
26 36 45 69 9 2043
22 24 95 4 24 5516
92 19 17 68 2 3101
96 10 84 53 1 5256
60 21 52 31 39 585
3 95 15 33 42 361
1 32 80 53 34 2080
78 62 64 94 6 2930
95 51 37 72 34 3227
81 47 93 56 2 2856
99 12 56 24 48 6142
78 66 62 85 10 6007
66 68 83 65 38 6369
19 82 96 97 8 2150
52 99 92 64 28 650
19 85 16 40 15 6945
38 28 26 65 22 1441
53 10 55 6 22 4686
20 26 56 72 48 5452
12 34 28 75 28 4293
22 99 21 19 17 5712
51 31 54 86 26 4331
9 5 78 70 8 2738
65 49 9 33 39 5067
37 23 77 87 50 1169
93 60 52 84 41 4539
84 19 42 97 5 3228
23 85 40 68 37 2781
24 4 37 68 8 600
41 70 83 95 32 2988
20 40 75 32 1 1320
9 65 90 50 27 3737
55 83 15 17 48 6138
54 12 1 1 0 4990
95 44 98 91 20 4142
52 92 74 17 41 5476
71 99 76 54 11 3329
14 14 74 77 24 4915
38 72 77 39 34 6502
14 37 87 21 9 3145
25 9 60 12 36 724
94 37 10 79 26 5812
24 62 33 26 21 6759
54 56 26 84 16 2080
49 16 32 61 9 2775
10 50 85 82 13 1740
85 53 39 69 33 5784
34 62 2 1 20 5254
50 24 74 32 11 497
46 13 52 44 2 5195
18 45 64 99 12 4795
84 33 38 59 37 2681
86 90 10 42 32 2539
100 82 82 79 45 5163
44 13 66 3 47 910
18 14 39 62 10 4897
49 50 82 23 36 4259
64 27 87 48 25 4325
34 95 51 23 13 3421
24 64 40 56 14 6130
69 95 31 55 26 2004
82 18 4 70 43 3916
85 30 83 69 13 223
8 61 83 49 44 6109
61 33 67 74 33 3423
18 78 37 71 5 4872
8 73 59 70 5 397
22 97 18 92 12 4404
47 11 33 50 33 3516
93 87 26 53 26 6373
58 93 88 65 37 1492
96 51 32 75 30 5479
78 98 38 76 50 7146
32 65 90 31 9 2880
19 7 33 72 25 2870
12 2 77 72 20 1304
4 44 27 32 43 1704
38 17 43 18 46 1774
6 3 24 30 25 6635
75 54 80 59 4 7002
74 15 14 65 27 4162
91 75 11 27 44 5850
64 87 88 28 35 6111
39 88 20 36 48 2927
49 24 78 39 16 5803
25 65 52 57 26 3134
53 1 51 89 14 3172
64 61 76 2 48 4457
85 99 34 89 39 3259
21 10 2 33 9 5084
19 41 17 4 32 2976
30 97 91 41 41 1153
57 72 25 25 40 246
98 40 29 90 15 6145
29 92 47 30 36 5385
28 86 83 55 17 991
91 10 28 67 28 6772
29 28 39 81 20 2258
75 69 47 73 49 5887
27 97 56 93 28 4418
52 5 77 3 26 5175
35 99 22 18 38 4292
30 73 85 16 40 2405
96 82 78 28 6 5300
70 97 81 97 11 5737
37 87 46 53 50 1868
40 28 79 31 4 3819
64 72 28 39 23 1628
78 38 90 81 28 3615
96 51 97 45 22 1796
12 54 44 80 49 1336
88 76 75 38 30 2692
86 75 4 9 43 6903
86 32 28 21 42 5155
39 85 64 95 50 6692
71 8 42 34 24 6149
28 20 65 97 10 4376
27 12 22 71 2 1822
34 12 86 82 26 4492
37 78 17 75 30 5018
39 21 80 43 16 4650
73 94 57 90 26 7000
24 53 45 42 50 4232
21 41 45 19 12 1017
64 43 53 66 36 1633
7 20 65 52 42 6770
55 68 13 59 30 4530
35 11 57 2 34 5855
64 83 10 49 13 4347
91 4 86 1 0 6252
52 89 9 1 40 5854
58 93 20 76 40 474
83 74 67 42 5 636
97 60 43 50 11 2622
9 89 62 2 16 5441
90 53 42 48 5 4667
80 5 39 43 26 4375
18 89 64 93 2 4318
86 63 89 75 35 6895
80 27 94 39 24 2087
98 32 83 39 6 1133
5 63 54 35 43 3404
17 7 76 41 47 5338
38 86 3 68 12 3097
33 9 47 55 0 2211
89 15 58 15 7 1668
64 72 25 43 37 3933
30 73 89 100 7 4496
44 48 10 84 30 2110
38 57 46 37 5 3389
14 61 89 68 43 6805
31 57 51 69 15 1577
92 61 65 52 20 1731
67 97 9 32 0 6488
85 58 38 22 42 3854
76 6 69 68 35 2086
63 87 39 72 43 2220
24 43 37 36 49 3444
18 80 72 56 0 7074
7 51 83 3 22 5674
80 83 45 15 30 5905
86 7 3 100 3 2341
80 24 4 35 8 6465
18 74 19 20 14 563
61 82 81 72 21 3047
55 82 45 95 48 483
83 38 32 97 0 6768
85 57 39 40 2 845
19 18 90 31 9 705
49 32 42 38 32 5037
34 24 88 99 11 501
95 80 26 73 40 4300
95 36 30 26 4 4603
89 2 63 10 47 575
17 75 35 89 27 4929
13 99 38 20 0 7130
75 14 27 47 39 750
72 85 81 100 16 5485
61 74 72 75 20 1975
29 65 81 71 13 2804
64 14 60 63 33 4035
19 50 23 12 12 2899
81 63 42 19 50 5385
25 34 76 3 8 1717
73 67 14 73 40 4896
88 35 73 64 10 3245
76 60 97 28 10 5834
87 27 50 74 29 6319
66 69 88 73 3 6914
68 69 85 34 29 1718
69 31 49 50 32 4035
34 64 61 94 49 605
96 42 70 28 49 3807
20 75 59 19 32 5060
62 10 24 12 40 6723
3 64 78 83 46 6221
88 33 98 12 48 5535
68 45 97 81 29 5249
66 58 38 94 37 2312
73 80 100 33 10 6924
59 73 55 94 0 4982
19 47 98 23 38 420
43 4 10 95 37 1483
74 55 34 15 47 3286
75 24 42 33 25 6743
88 95 2 70 15 4773
45 45 98 78 25 2596
31 14 13 98 35 6799
87 98 22 45 50 3628
22 93 36 78 48 6664
