400
199 120 185 22 92 2663
159 61 120 46 50 1341
195 167 117 112 121 1882
76 90 146 105 110 3268
40 21 144 175 117 518
60 99 60 93 77 2356
31 24 35 99 53 1050
22 68 66 162 126 2559
43 165 152 192 79 2199
187 84 186 118 62 2189
194 36 146 49 89 2398
89 118 170 107 100 1366
92 92 147 101 81 3466
112 169 66 186 94 2449
77 90 172 71 93 1111
44 153 167 90 128 1729
55 183 78 189 96 258
54 71 163 179 92 2557
95 111 192 189 143 2058
107 161 30 146 74 668
50 191 141 149 82 654
99 31 138 84 132 796
152 67 164 90 76 3250
133 93 159 87 84 2831
135 41 73 160 97 2997
153 66 84 27 86 1015
54 152 129 115 58 2624
59 51 50 116 126 2077
36 33 56 104 85 496
194 51 59 95 146 3514
148 148 164 184 148 3089
133 90 156 76 89 189
94 127 79 179 133 738
137 123 198 90 138 1731
136 145 145 45 80 2160
130 165 30 195 72 1475
34 80 167 93 107 852
31 69 134 73 114 1573
139 200 163 144 64 3378
199 192 169 173 75 601
174 197 133 84 119 1379
112 122 147 58 61 2020
157 45 139 25 87 1943
27 156 156 165 51 652
20 60 44 28 56 1591
178 60 95 32 107 1446
142 48 174 78 98 533
92 142 30 35 142 1919
85 166 149 115 58 3443
128 49 147 94 150 1152
106 88 116 185 143 96
52 138 27 52 100 1716
162 41 113 170 140 2825
51 182 110 169 127 2270
161 36 92 95 143 3226
75 28 83 165 65 2805
148 111 166 171 88 2667
64 174 32 173 93 2327
81 170 92 89 129 102
89 149 80 167 119 704
59 41 70 53 102 2890
145 25 23 47 121 1144
96 67 111 108 64 1708
181 83 23 107 136 749
90 157 47 122 140 968
28 187 39 66 135 1604
118 93 127 102 61 3405
76 163 154 79 88 1789
61 151 95 61 67 1891
160 142 160 25 146 1718
196 102 96 71 61 568
34 89 161 169 82 2042
52 175 23 166 96 2374
115 81 122 182 59 1264
76 51 59 113 61 2889
93 199 126 154 139 2279
185 161 34 79 144 800
94 106 139 38 55 2291
97 29 35 109 62 2646
55 159 83 156 100 2238
179 128 88 38 61 3157
125 135 190 111 149 2411
23 73 152 180 148 1982
198 161 187 162 65 1501
54 68 128 105 67 824
72 24 46 189 100 2681
95 200 119 108 78 629
164 185 64 30 101 1129
197 194 20 37 63 2804
34 197 63 124 72 2799
158 113 104 35 143 3147
26 190 60 173 111 3161
20 167 117 194 99 1463
136 137 31 183 137 2332
199 136 42 30 66 2822
200 33 94 148 127 2153
194 86 59 105 78 2600
199 88 55 165 70 2202
26 49 136 112 145 1373
67 191 172 191 71 331
50 154 84 39 147 2640
200 183 56 85 50 3446
56 143 130 188 135 316
123 79 126 119 138 1060
146 132 184 66 117 247
66 30 161 119 143 847
20 194 34 137 66 2297
31 100 101 79 66 910
123 140 175 36 70 3503
28 171 170 116 110 1982
51 83 158 146 118 914
41 103 128 30 137 1623
70 169 26 82 75 2412
54 192 139 88 92 3046
190 87 115 96 120 2309
135 176 179 181 119 1489
38 78 48 136 149 651
101 42 84 168 148 314
183 35 47 81 148 1651
154 99 179 87 114 2821
137 162 76 77 59 1656
111 62 127 28 126 2003
46 89 67 50 74 914
121 181 93 167 73 2296
103 157 114 177 89 1207
180 133 87 150 129 889
183 183 105 79 145 1458
159 169 126 87 79 1255
86 95 126 23 149 2272
78 177 89 172 104 2865
188 89 121 159 55 2343
118 159 25 158 61 237
161 122 168 80 93 1806
92 180 62 61 85 2513
162 152 139 46 131 1174
160 39 199 115 129 1302
74 44 23 189 87 1752
154 64 41 101 138 2609
91 27 52 29 112 868
130 179 110 105 77 1155
187 168 183 139 100 3042
71 69 61 191 69 2858
128 97 107 142 73 813
140 105 51 92 145 2526
198 167 78 143 111 807
63 111 188 29 141 1425
65 28 193 181 90 3132
191 39 146 119 111 2160
42 30 169 157 71 1481
159 108 195 125 106 2109
113 125 180 164 137 1359
130 31 108 189 50 94
79 142 83 108 135 3032
140 40 114 141 63 1026
184 21 20 68 75 1575
32 64 103 139 114 3519
155 94 59 121 80 614
140 179 93 113 75 1364
129 120 157 130 56 2174
107 151 150 130 83 703
121 103 94 156 115 2372
156 129 27 122 138 1885
103 78 93 64 142 235
195 69 159 76 95 2370
179 56 64 187 107 86
38 86 26 175 50 2602
45 99 104 28 70 2578
120 28 102 114 50 3148
82 67 176 34 108 3234
175 36 170 146 137 2337
63 178 108 173 62 1439
133 134 153 124 97 2689
67 52 170 23 118 178
46 39 187 83 99 475
24 120 121 123 117 2677
42 68 129 46 65 398
100 100 169 61 81 2636
92 199 141 180 97 2386
76 126 183 100 134 2776
152 176 113 162 64 1930
108 157 28 103 85 262
68 129 149 90 124 775
43 103 46 130 69 510
95 69 36 186 77 1985
24 199 106 108 114 1951
89 134 56 165 86 3352
72 145 21 134 66 634
58 197 103 158 51 2636
63 70 113 21 117 3054
162 117 124 131 107 1223
189 141 67 65 102 1933
101 79 122 189 87 1092
118 22 142 26 124 3493
149 45 93 163 88 2334
119 145 79 36 123 2263
161 28 133 180 112 1673
124 171 175 127 65 1452
181 109 177 61 57 368
171 162 64 103 114 2370
140 173 37 36 113 2608
83 97 95 175 71 3370
195 121 80 29 64 341
182 104 119 93 113 3287
193 87 41 82 143 2882
63 48 163 107 87 604
22 123 134 147 80 1513
174 188 53 98 92 3283
148 160 80 44 84 1598
68 90 124 50 88 2231
105 77 152 176 129 2577
84 176 141 49 85 1775
173 186 113 157 55 1828
116 64 119 129 62 2002
21 28 128 174 71 2667
149 22 65 49 69 2854
148 161 34 95 139 246
131 20 167 102 131 300
172 63 120 192 137 81
54 31 85 51 119 738
151 200 123 199 121 2554
30 81 122 35 120 2429
72 67 162 38 146 786
157 101 123 158 74 263
198 111 28 25 122 2930
115 77 191 172 133 2821
29 131 168 115 56 561
100 75 57 71 128 2802
147 195 113 146 107 448
75 191 187 94 60 2286
189 70 32 93 141 2884
139 85 162 91 83 3146
132 22 42 121 116 1516
122 53 138 152 76 1081
70 194 127 89 127 2919
68 151 113 196 137 1396
29 100 68 111 110 2174
179 171 165 105 142 3217
69 158 181 82 112 1948
28 197 190 113 66 174
53 154 104 62 102 1611
119 110 154 167 99 1653
91 108 196 30 72 2252
145 47 85 186 148 1748
52 169 28 53 78 2402
187 52 170 88 139 1175
158 66 109 118 71 2682
109 143 64 109 65 3241
84 28 139 138 77 150
200 93 97 134 146 1178
26 105 37 155 57 40
45 149 127 43 124 1259
64 92 39 146 62 3393
57 126 167 128 98 3034
48 140 59 116 74 210
158 35 25 36 125 333
198 29 125 145 97 644
126 169 42 42 121 117
70 152 137 89 79 1136
186 168 26 42 87 838
85 112 40 61 81 1969
149 126 158 152 102 1655
38 183 117 124 88 2848
40 194 165 81 110 742
53 105 54 177 66 3419
149 121 115 181 113 151
193 116 199 101 63 384
92 119 162 173 147 123
196 34 49 120 54 2291
163 200 77 41 132 2407
148 183 65 114 56 2826
29 90 174 130 55 2168
61 188 134 21 119 2019
175 130 39 25 67 1534
106 20 125 138 143 3017
129 97 80 123 57 1706
127 76 82 48 73 442
25 78 80 138 96 1453
183 43 26 116 147 932
35 81 63 42 84 445
181 138 61 43 54 1195
170 188 128 113 133 352
171 46 86 36 136 182
163 200 44 181 86 2466
137 74 79 125 108 464
107 32 46 190 53 2898
82 63 192 30 94 1888
181 99 200 133 102 711
93 151 48 115 112 1885
41 195 157 143 141 2632
200 29 193 86 140 2678
57 160 140 27 83 361
67 89 53 107 75 198
111 96 71 99 105 3256
68 166 179 36 150 2062
135 77 31 152 120 377
110 82 117 50 138 2535
191 70 58 119 94 2242
109 127 165 83 122 2889
93 119 42 98 149 3187
51 165 183 122 83 53
156 41 188 76 110 1770
148 174 121 178 110 1074
61 125 20 75 78 2083
197 106 63 177 83 195
23 64 141 53 123 3475
29 187 178 78 83 1404
49 170 179 162 134 760
98 157 59 72 113 3198
94 167 123 162 130 1427
48 20 171 185 105 3495
171 87 67 55 137 2737
73 80 67 37 135 772
168 35 186 54 127 179
118 37 187 165 122 2067
176 146 157 66 99 1481
149 31 189 82 140 876
104 116 127 194 112 2012
177 117 127 137 138 3402
194 105 183 123 64 2411
24 60 190 85 69 2986
64 129 83 104 70 634
102 34 20 99 72 524
63 177 200 184 63 1384
145 33 49 190 131 2683
35 64 191 178 86 2786
86 166 20 123 54 2871
120 80 23 195 84 560
41 167 130 79 126 1735
182 183 145 58 107 595
97 151 89 182 146 833
31 33 154 59 131 1473
88 80 96 170 55 3149
81 188 140 90 111 2698
179 104 79 83 57 1130
132 44 131 114 93 2121
119 133 96 146 69 1749
89 178 54 130 81 813
84 144 112 91 77 957
185 143 58 179 59 2959
73 161 118 78 118 80
170 178 168 63 74 780
90 162 99 113 128 2311
186 89 193 162 106 660
61 31 70 67 117 1613
200 98 100 146 102 2992
89 74 74 73 119 452
197 22 80 188 93 2317
69 149 33 158 119 1373
103 23 129 133 142 2509
115 55 56 128 142 170
159 49 82 94 123 2382
69 190 184 113 90 2367
157 117 24 156 147 2505
61 143 188 198 102 2161
129 95 80 116 124 2580
86 186 37 112 89 3243
143 29 40 88 59 3169
133 113 154 21 138 2968
200 197 27 121 99 2002
90 104 179 94 85 333
27 185 200 141 86 2075
186 148 188 55 65 2336
63 162 123 192 83 140
145 150 200 145 116 3517
55 55 60 81 128 1705
37 124 56 66 118 1593
115 157 196 68 98 3514
43 166 29 186 123 1067
154 97 87 52 89 1412
188 138 149 139 87 2645
195 56 65 167 140 2270
81 59 163 169 107 2382
50 58 88 52 137 672
170 180 162 128 114 1821
22 26 170 60 140 644
53 35 145 118 84 3351
181 32 149 147 100 1799
44 85 119 183 127 3048
113 82 59 42 107 2302
80 102 68 71 99 3165
120 23 25 162 139 1917
72 196 34 25 75 1348
116 54 92 100 93 870
22 193 135 89 130 924
138 133 164 66 53 2221
60 61 169 197 108 2546
182 25 31 32 138 1844
148 164 70 143 52 1574
30 118 59 115 145 1471
50 44 22 141 103 1693
145 94 96 49 120 501
127 22 78 40 148 1839
127 187 65 24 82 267
99 169 168 45 62 1717
147 171 129 157 79 154
28 99 184 189 51 2735
40 118 183 192 107 952
183 104 162 86 78 432
23 60 143 78 105 1454
124 90 69 184 145 2518
