50
35 65 17 25 1 16
91 52 68 55 5 60
26 66 29 99 8 23
57 19 82 32 9 17
98 58 51 91 5 114
41 89 43 39 3 85
41 72 42 20 7 41
33 74 80 28 4 67
78 89 78 16 5 50
21 54 59 32 5 67
23 41 76 76 7 68
72 35 35 59 5 123
63 15 43 71 1 63
11 40 16 90 9 49
22 26 65 32 1 87
72 58 78 17 10 68
27 38 82 31 5 130
36 34 58 91 9 170
95 16 100 94 4 82
17 21 16 58 1 94
51 46 47 35 1 213
22 30 36 58 4 142
36 46 50 76 5 216
80 12 76 69 9 74
67 72 28 82 10 197
51 59 11 30 7 78
28 45 74 30 5 214
21 75 52 99 7 132
90 40 99 71 7 383
13 70 93 49 6 107
34 65 19 81 2 153
76 52 17 95 1 129
47 65 43 81 4 371
79 19 26 14 9 116
96 88 42 92 2 413
66 19 43 79 10 181
19 81 97 65 3 176
82 15 38 13 9 149
32 93 17 53 1 169
42 15 20 31 10 135
47 28 56 100 7 349
11 90 35 52 4 119
55 73 31 86 10 408
22 89 61 44 10 269
38 82 92 59 6 524
33 41 41 59 2 472
35 30 20 12 7 161
92 75 64 48 6 599
13 17 16 86 2 165
19 79 68 60 9 270
