350
12 7 10 47 10 126
11 4 16 37 7 151
32 12 33 39 6 104
3 19 10 32 4 118
17 21 42 27 6 91
37 28 4 41 5 63
38 4 8 23 10 124
7 43 50 25 4 152
13 4 31 22 9 103
10 39 39 38 9 197
8 43 11 34 6 185
24 22 23 9 5 111
26 31 42 16 6 158
13 19 49 3 3 70
44 42 6 41 7 111
17 32 47 50 7 127
8 40 48 20 8 132
49 6 17 21 9 189
14 30 26 29 6 116
40 29 50 5 10 123
27 31 14 2 8 73
44 50 50 45 7 134
45 31 40 17 4 88
32 13 8 2 5 161
47 6 8 30 7 124
50 21 2 20 4 66
49 30 33 14 10 88
41 36 15 33 5 122
45 33 18 16 6 93
26 45 47 8 3 161
4 50 10 24 2 156
32 11 32 34 3 84
14 23 7 38 8 135
35 28 38 13 2 50
22 37 38 23 6 175
2 30 25 18 1 142
39 49 13 40 5 158
7 19 13 17 3 70
10 32 28 14 6 155
28 42 35 11 9 117
47 45 44 17 7 147
27 17 24 33 4 171
47 7 12 12 7 113
34 40 37 33 5 101
23 6 10 10 6 177
50 16 18 37 7 70
25 37 10 1 7 200
46 44 3 45 10 134
35 9 20 10 10 120
37 31 39 12 3 177
38 21 50 12 3 131
21 40 49 38 2 107
49 5 32 35 9 128
6 40 28 2 8 63
26 12 6 16 10 79
18 44 10 12 8 67
28 48 6 26 7 111
16 37 28 50 10 52
2 15 15 33 5 62
19 35 33 4 10 53
20 26 42 8 6 111
49 40 39 11 4 58
23 22 23 15 8 148
46 25 40 3 5 113
48 50 39 9 6 122
27 43 27 11 5 187
33 26 8 49 1 198
22 50 49 7 2 61
20 40 44 33 4 167
2 37 31 27 4 179
20 10 6 34 3 187
21 47 18 19 5 58
34 39 36 38 5 116
42 30 20 17 5 152
10 39 25 43 10 126
33 2 4 31 3 178
9 43 42 26 6 51
32 18 7 30 7 120
34 19 14 2 3 55
37 20 12 49 2 143
17 20 13 42 4 127
12 30 19 31 2 164
14 10 35 36 10 62
29 22 20 10 10 191
30 19 43 17 6 196
14 31 29 35 6 79
3 14 40 9 2 69
29 13 1 2 6 115
36 2 47 36 2 199
7 22 20 35 10 149
18 16 36 24 2 80
49 33 24 11 2 107
27 25 41 30 4 58
46 37 31 39 6 61
2 49 7 30 7 189
32 36 26 5 7 60
12 24 24 48 7 111
28 7 23 24 4 82
7 50 37 10 9 93
38 3 39 13 4 72
45 48 44 6 5 62
15 16 14 18 2 98
7 17 10 23 4 101
32 29 35 30 8 54
23 10 1 7 6 180
50 38 31 41 2 147
1 26 48 25 1 175
13 45 46 2 5 191
23 9 29 5 4 161
50 32 1 36 2 58
16 4 39 1 5 165
10 48 40 21 7 114
35 22 18 50 1 178
7 15 21 50 9 87
29 41 14 15 3 197
12 22 11 49 2 60
32 19 17 46 3 115
26 13 27 36 10 104
24 3 50 19 8 68
35 49 24 11 1 199
17 5 22 45 2 149
42 22 43 5 5 188
15 25 26 32 4 129
15 29 17 22 9 176
23 30 36 14 2 181
35 47 15 22 3 189
46 17 43 3 1 161
44 32 48 50 2 54
17 1 19 24 7 94
26 25 24 1 8 92
46 42 14 27 2 191
7 50 15 28 5 146
19 18 32 34 2 60
7 48 5 34 5 193
41 16 48 7 3 127
5 28 3 46 1 153
29 39 30 6 1 51
12 27 22 14 5 131
7 36 20 12 9 169
28 49 40 36 6 176
13 3 4 42 4 144
28 33 33 45 9 76
45 47 48 15 4 76
5 22 37 1 3 147
39 34 30 38 3 61
27 44 49 45 10 137
48 13 36 16 5 60
17 19 28 22 2 164
9 13 16 48 5 86
46 49 6 26 6 160
4 44 22 35 2 62
49 25 1 32 4 79
32 40 3 40 2 149
34 1 32 8 7 186
40 37 4 17 3 144
34 29 31 40 3 74
40 8 49 39 1 68
42 33 37 15 3 166
29 6 40 27 7 169
9 44 1 37 10 51
20 30 30 29 10 174
31 40 11 4 3 115
25 31 3 45 9 156
29 14 39 24 8 155
25 22 25 5 1 126
8 31 46 31 9 83
27 44 30 3 9 107
33 3 24 35 10 172
11 22 45 24 9 172
35 17 37 39 4 167
45 31 11 29 1 75
43 29 36 28 2 178
4 30 10 43 8 139
33 44 39 40 4 55
18 7 24 5 9 60
27 32 48 10 3 70
40 5 31 16 2 196
30 18 28 1 2 67
37 43 24 12 5 173
23 6 29 39 6 156
3 20 29 13 7 179
28 47 11 48 5 65
47 15 32 6 4 112
37 42 44 24 3 190
27 8 38 40 4 106
44 30 20 22 1 187
3 9 30 7 3 64
13 46 27 49 6 152
41 6 18 22 2 197
47 32 35 47 6 74
32 47 41 45 7 143
26 33 19 45 9 144
24 31 6 12 7 134
48 34 30 26 9 119
44 46 27 8 9 159
18 28 30 41 5 171
18 10 46 5 7 157
5 12 9 41 1 158
36 26 2 39 3 166
39 36 20 43 10 130
15 39 34 28 1 194
40 45 49 27 3 58
40 4 49 14 6 144
38 16 24 46 5 154
18 22 5 31 6 53
48 4 15 31 10 92
34 8 21 9 7 53
6 11 7 38 10 123
38 38 21 46 8 175
23 48 42 50 9 90
30 33 4 49 2 56
35 35 38 21 9 130
37 19 40 49 7 143
1 10 38 31 7 55
11 30 32 9 7 123
4 41 21 11 2 165
20 31 38 43 7 197
40 46 35 25 10 173
41 43 16 12 2 117
22 34 24 5 3 112
18 8 34 14 7 100
26 12 4 44 2 69
4 10 24 30 10 69
25 23 7 33 9 196
20 7 6 35 10 57
7 44 21 10 7 137
19 11 26 40 10 96
29 6 44 15 4 96
30 43 33 22 6 182
14 27 21 40 4 66
16 36 32 24 10 53
41 20 40 48 4 174
14 14 16 41 2 178
8 35 4 48 10 153
38 37 17 48 2 95
42 16 3 41 4 95
9 26 15 8 5 156
26 23 4 30 5 75
35 38 34 9 6 93
10 1 37 17 1 72
46 50 30 43 1 53
45 33 28 36 6 173
24 35 28 3 8 150
32 11 23 5 8 85
20 38 42 11 9 124
30 22 48 2 3 187
17 46 19 18 7 194
7 45 34 8 8 112
21 13 9 48 10 69
35 8 40 33 8 133
31 48 31 42 4 63
44 33 46 6 6 155
4 50 34 4 3 103
9 28 11 21 8 186
27 4 35 21 9 130
9 13 34 47 2 178
25 27 34 22 2 82
3 10 33 6 3 130
2 26 47 12 1 70
30 32 28 32 1 134
21 21 8 17 8 192
22 18 33 13 5 142
1 24 19 34 3 62
37 30 13 43 2 54
39 36 15 6 2 173
3 30 50 19 8 99
32 18 7 40 1 134
46 35 7 28 7 119
44 31 12 30 3 165
16 18 22 17 1 72
44 17 12 12 7 86
38 29 38 50 4 147
16 22 27 8 7 92
19 7 41 8 6 115
12 32 47 9 9 131
19 38 17 29 5 91
22 42 7 24 10 192
19 23 11 30 9 135
32 26 25 19 10 167
38 27 45 18 2 66
18 45 5 5 2 51
11 38 7 39 6 113
46 20 3 49 4 152
10 40 8 20 10 103
2 41 38 35 9 143
14 20 25 20 4 152
38 45 33 4 9 193
3 10 17 12 7 126
20 26 22 15 1 145
49 30 6 50 8 71
20 44 30 14 8 151
32 32 32 31 2 99
49 34 15 8 9 77
5 40 4 39 8 113
47 6 31 44 4 52
6 28 6 22 9 192
3 36 29 19 1 137
28 27 15 42 1 170
12 40 26 41 5 94
13 47 11 37 2 90
38 38 11 20 10 137
31 16 48 16 10 136
4 46 30 37 6 200
3 34 15 24 8 190
18 50 50 43 5 151
41 28 44 39 7 55
44 45 37 32 10 115
49 7 32 12 9 55
6 2 17 23 3 80
1 6 29 36 4 145
33 33 49 18 7 196
32 2 44 4 9 78
23 5 13 19 8 151
46 41 6 3 6 107
12 48 20 26 4 175
10 41 29 15 3 63
44 23 19 6 7 174
13 6 49 20 4 158
47 3 33 32 3 126
49 46 12 41 6 74
4 28 28 25 3 142
8 43 47 7 2 176
28 21 36 11 2 151
32 9 38 49 4 152
22 13 1 48 10 131
30 2 1 22 2 101
16 32 28 3 8 77
49 44 46 49 1 186
30 16 33 47 1 113
20 38 41 41 5 121
5 36 45 30 7 104
33 8 43 32 3 177
28 50 41 39 3 105
49 21 40 18 5 107
23 8 48 32 6 185
34 25 34 7 5 102
43 4 16 38 8 90
20 15 46 34 9 81
18 19 45 42 6 162
26 34 46 40 3 85
16 3 39 36 10 163
46 14 7 9 4 183
40 23 39 10 9 200
27 50 5 23 7 177
2 29 31 15 4 156
9 42 8 9 1 86
8 32 1 1 9 69
3 20 37 33 4 156
17 19 12 27 8 115
31 46 9 14 9 78
