50
21 49 43 64 41 378
2 40 40 10 57 323
58 14 52 18 66 417
25 26 3 64 92 545
9 71 43 32 12 148
98 17 87 74 51 222
53 14 67 65 49 231
2 68 20 72 23 583
41 59 58 45 61 118
33 55 82 25 39 447
10 45 88 25 56 324
57 84 41 47 9 554
52 54 23 69 41 358
50 15 10 89 95 561
76 21 3 82 47 243
53 2 94 61 36 543
76 23 27 79 12 344
27 40 15 25 92 326
1 77 10 14 25 170
74 41 21 42 39 549
35 98 61 58 42 130
29 67 97 8 68 442
1 20 34 96 76 110
98 34 95 73 16 198
41 84 9 39 24 480
1 73 55 99 14 113
12 76 9 91 99 546
44 98 30 15 3 403
59 84 11 21 35 294
50 86 81 61 77 157
21 64 93 60 92 459
77 12 42 68 22 260
93 36 36 85 42 219
87 53 98 39 5 401
36 61 84 5 80 246
23 98 86 83 70 398
16 94 81 64 25 441
28 14 21 31 50 237
86 19 27 58 63 405
87 96 78 26 9 539
96 73 14 85 5 380
32 22 21 30 90 159
18 32 71 68 48 438
26 10 36 42 91 491
79 39 97 7 89 282
66 82 74 44 57 177
92 83 77 94 74 606
49 49 72 55 50 189
90 40 43 38 52 394
54 11 91 34 37 329
