300
30 33 46 29 2 854
46 65 46 54 5 4435
100 81 100 72 6 2454
100 86 100 100 3 2263
20 13 12 12 7 4619
48 37 42 40 4 77
65 100 80 100 7 778
100 99 72 93 4 1217
57 76 49 64 6 1864
10 12 12 11 5 3729
90 58 56 75 8 1889
10 10 10 10 3 3735
80 84 96 100 1 3457
55 79 76 89 3 3139
36 37 41 44 7 2999
16 19 17 18 1 119
63 49 75 62 7 328
71 100 66 93 10 2970
45 36 57 38 4 1113
44 32 41 45 4 4778
33 39 29 25 9 987
25 16 19 24 8 1888
24 19 15 20 1 2930
96 84 100 69 3 4375
48 49 70 55 7 4267
11 14 11 11 1 2166
45 36 54 40 6 2045
53 60 69 56 4 4753
69 67 63 64 5 1269
42 63 50 39 8 1357
16 14 13 14 9 3856
86 61 86 61 6 4302
57 72 59 65 10 1385
57 78 59 97 3 3690
24 21 29 33 4 1109
30 28 28 32 4 1662
79 87 81 67 7 869
77 80 82 79 9 4100
100 75 72 80 4 5142
59 52 68 72 10 2927
45 30 27 43 5 2583
62 82 73 87 2 3981
26 23 19 32 3 4181
29 51 44 53 4 4070
100 100 97 79 8 3597
82 77 78 100 4 2023
62 79 66 85 3 504
45 35 27 43 1 1691
61 79 83 86 2 3635
38 40 60 47 5 1442
23 22 20 17 4 800
74 75 51 81 2 4768
93 74 100 100 7 4351
48 49 53 50 4 4514
80 97 86 81 2 655
59 37 60 65 9 2895
71 73 72 55 1 2236
76 63 53 77 10 2665
99 67 89 91 9 3384
20 16 15 18 7 3307
37 35 37 38 10 285
30 34 27 42 8 534
78 92 100 100 9 3809
58 61 50 43 8 4499
53 60 52 60 6 3627
15 11 13 12 9 1836
54 43 55 42 1 3371
13 19 22 14 10 3515
54 61 63 39 4 1809
41 38 43 35 3 937
64 73 54 44 2 3173
32 49 56 35 7 978
13 18 17 18 3 2877
35 38 41 37 4 3156
35 43 43 50 7 2731
26 17 24 23 6 597
77 100 94 91 1 3848
100 77 74 100 8 2418
67 100 75 97 10 4521
100 80 86 98 8 1802
90 100 100 81 5 3092
12 16 19 15 6 2378
14 14 12 13 8 394
78 100 93 87 4 820
20 18 20 12 4 529
31 27 29 27 9 1928
88 88 100 70 8 2612
21 22 22 29 9 4660
49 61 44 53 4 129
10 10 13 10 4 3884
61 66 71 45 3 1272
54 88 74 67 9 4642
77 100 88 85 5 3078
77 93 96 100 5 3293
61 71 48 59 7 3151
76 54 58 55 4 4612
29 25 22 25 6 2716
40 41 47 47 3 4262
94 68 71 63 4 693
92 82 64 71 5 1334
42 56 32 55 7 3921
100 71 72 100 10 4033
49 46 63 50 4 2109
63 59 60 51 2 1414
13 14 14 11 6 3064
17 17 24 18 1 126
33 29 32 30 2 785
100 100 89 100 5 103
62 83 52 48 7 1810
87 100 100 86 3 4129
66 43 53 68 1 4385
25 26 34 26 10 1929
60 44 39 46 1 426
52 49 34 33 2 491
39 42 52 50 10 2515
10 16 16 14 2 2139
14 14 14 15 5 4039
25 32 28 41 10 1256
24 26 24 24 3 3428
21 20 16 16 3 3566
75 76 74 65 10 3473
19 19 18 23 8 2118
59 49 84 56 8 910
36 31 23 28 7 1145
25 28 29 30 1 4271
39 36 51 48 1 4890
12 16 15 13 3 3921
50 58 56 54 5 2418
86 76 68 81 5 926
66 68 59 56 3 2091
31 20 29 24 2 4592
100 100 100 87 1 2232
40 55 41 45 4 3500
41 30 37 36 9 2608
98 96 100 100 6 4674
28 32 30 26 7 1176
62 62 68 58 8 4659
53 42 45 32 5 2785
71 98 85 72 7 2861
27 22 31 32 9 1491
85 99 87 100 7 2645
73 53 66 79 2 2716
17 12 13 18 10 5115
100 100 100 100 8 4714
11 11 16 17 9 343
59 46 41 65 8 1083
75 59 68 96 5 2466
76 75 68 66 6 1780
12 12 10 13 4 4644
20 29 22 19 4 1748
55 59 45 52 7 289
88 91 82 61 4 4375
47 56 53 55 2 3606
25 19 24 32 8 4675
16 21 17 17 1 4940
35 43 57 36 1 451
54 59 43 68 3 2278
91 93 72 65 10 2980
11 11 10 15 5 2645
14 13 11 13 1 4043
50 39 39 41 10 3365
100 85 93 79 3 1452
38 64 45 50 5 3758
50 41 53 49 6 2312
52 52 53 57 5 538
100 89 81 83 2 3943
64 71 53 63 3 2157
20 18 28 28 9 599
38 24 41 34 8 1759
100 99 100 86 10 1317
25 19 28 29 9 3312
37 38 39 52 1 5085
58 64 70 46 6 408
47 64 72 68 9 199
58 79 80 80 1 2433
10 14 11 10 5 2772
100 99 96 100 10 1298
13 20 15 24 5 4866
39 38 27 28 6 2148
50 57 35 38 1 658
38 27 39 27 7 3262
15 16 16 19 4 3182
71 70 88 78 4 2406
83 67 87 84 9 1408
71 69 53 78 3 1169
13 15 10 11 1 2487
44 66 51 54 1 1937
22 29 25 26 7 1944
96 89 64 89 5 2622
78 92 74 77 9 4598
90 69 60 84 1 4167
33 33 31 37 2 1953
24 20 22 15 4 4940
84 68 80 85 6 2985
69 88 100 100 9 664
96 100 100 85 4 2832
68 82 65 100 9 4142
36 49 42 37 2 3762
39 40 47 34 8 1272
63 78 95 69 6 4487
56 75 75 96 9 4060
32 23 30 29 5 3460
48 56 34 34 7 2959
69 67 74 100 3 1375
93 74 77 84 7 5006
19 20 25 27 7 3670
20 32 26 26 7 656
80 73 55 87 10 761
44 39 31 32 2 2472
42 31 29 27 8 655
100 100 79 75 4 1792
79 71 83 100 5 4937
43 44 44 52 7 5031
32 38 46 30 7 4931
59 56 55 56 6 1295
54 72 57 72 7 4968
65 61 49 53 4 5022
36 29 23 30 9 4199
100 90 74 75 6 262
44 26 43 28 1 1447
92 84 92 75 2 5047
64 50 50 46 10 2283
31 27 25 22 9 707
59 67 50 59 8 4580
44 44 47 54 1 348
41 45 44 33 2 2688
98 57 93 55 9 3125
22 22 38 24 5 687
72 76 62 87 3 914
100 67 100 100 9 4729
32 35 56 56 4 4493
12 13 11 11 3 2388
49 57 38 46 1 3753
82 64 65 48 8 2539
58 77 100 72 7 2478
10 12 10 14 6 1664
15 10 12 14 9 4821
51 53 34 41 10 4838
24 22 29 19 10 1081
39 46 49 47 3 2738
33 29 31 29 8 2898
59 55 49 41 10 4580
77 100 100 80 5 2297
48 37 33 42 9 3103
90 67 100 68 8 1355
58 61 94 59 7 3213
74 57 67 62 2 1190
39 70 67 58 4 2601
24 23 22 19 9 4991
59 74 68 92 3 1904
60 59 56 44 2 2449
46 47 47 43 9 3070
19 28 28 23 3 2059
87 89 64 78 5 4146
12 13 16 22 2 1246
78 91 82 74 10 1204
16 15 20 14 5 2379
25 22 21 18 10 4872
57 68 52 77 7 1069
69 75 65 88 4 4283
55 44 45 68 8 2026
12 14 16 17 10 4837
45 46 53 40 3 4723
21 22 21 26 2 3079
51 72 70 60 4 3654
65 60 59 63 3 4400
79 70 64 74 1 4234
51 39 34 39 5 2442
63 78 68 55 5 2766
12 11 15 12 5 716
93 77 100 74 5 2612
54 43 67 42 4 1353
40 47 43 61 4 1055
65 74 79 88 6 3916
49 47 58 37 5 3721
45 42 58 59 5 1624
91 71 100 76 4 700
31 28 27 27 1 838
23 41 33 41 5 4507
66 100 100 100 6 1722
77 89 86 75 3 3754
37 36 48 51 10 1590
27 32 24 36 6 1664
100 100 70 75 2 1930
84 70 48 48 7 4179
29 31 27 30 10 1923
76 60 66 59 4 689
99 86 100 92 4 3214
23 20 20 17 3 4408
19 25 32 22 6 3916
24 16 18 17 5 4255
12 14 17 15 3 4997
25 19 22 20 10 1216
59 76 53 49 4 4753
69 70 59 72 2 3582
68 66 82 100 3 4954
35 49 42 52 10 1028
37 40 31 36 2 2186
95 97 100 77 10 5036
46 43 42 39 2 4599
