200
14 14 14 18 9 350
83 66 74 65 5 1111
66 46 61 40 1 3746
50 50 49 34 4 3212
49 41 57 46 7 2669
56 78 88 87 9 2518
15 14 15 10 6 822
45 63 49 42 9 2067
88 87 74 70 5 199
82 100 100 89 1 3492
69 70 100 100 10 3261
90 100 91 100 8 710
64 86 74 83 5 3275
44 54 32 52 5 2226
25 17 17 17 10 1630
74 100 86 92 4 2229
89 100 90 74 1 1167
83 64 98 100 10 2309
85 99 56 91 9 1206
29 19 31 26 8 1568
54 71 55 59 7 3114
48 55 52 62 6 3035
25 17 21 21 10 318
100 100 100 100 3 3021
81 100 100 90 4 1438
31 31 32 27 10 1106
87 77 74 78 9 3137
51 43 45 39 6 1525
98 74 79 73 8 1248
92 61 64 88 5 793
77 100 100 88 6 3091
22 18 15 18 3 3351
52 48 40 38 10 1600
22 25 27 18 3 3028
10 11 11 11 10 525
64 78 68 73 8 2734
12 10 12 14 10 1373
12 18 13 20 2 3189
26 25 21 23 6 443
97 90 68 88 7 1373
48 49 40 66 10 2863
38 42 44 47 9 3551
72 44 71 42 10 673
89 91 94 71 10 2405
62 72 72 46 6 2669
53 49 42 56 2 3168
89 97 74 69 1 730
27 24 30 30 8 2173
36 45 41 40 9 2698
61 75 63 83 6 3254
52 53 38 35 8 619
100 80 81 100 2 869
14 13 19 12 2 1558
38 30 31 26 4 2233
100 59 57 75 4 956
57 74 93 80 9 788
76 55 50 62 5 1461
42 70 53 51 5 2131
82 70 100 95 9 3750
34 25 22 34 3 772
17 17 15 14 1 2633
60 65 53 79 8 943
66 61 46 79 6 565
100 71 84 60 5 2771
53 36 45 63 9 3724
62 63 74 83 2 2286
58 64 57 56 6 2248
44 38 42 33 9 2000
100 97 85 100 7 445
85 95 88 63 4 3605
34 28 34 33 6 3396
68 68 100 100 1 106
72 73 69 62 2 907
64 92 100 85 1 1529
79 82 55 89 10 3727
33 28 22 19 10 335
56 99 79 90 10 895
66 61 45 51 3 2942
47 64 53 63 6 3087
87 100 100 72 7 2172
93 91 82 75 4 1304
66 74 76 50 3 688
100 81 100 69 10 1178
36 50 61 50 7 3705
53 63 73 67 2 2598
27 29 19 24 5 1622
42 40 50 48 1 2156
24 19 29 18 4 57
54 50 57 32 3 1541
95 63 90 70 4 2107
83 53 88 64 10 262
36 48 38 48 2 2162
60 70 57 67 7 3501
92 74 75 88 8 2471
100 100 100 89 5 502
22 18 22 22 10 1919
100 65 69 82 2 3361
19 11 17 11 10 666
11 15 16 11 6 418
23 39 23 26 2 2210
32 22 27 24 7 2474
100 97 100 100 2 1115
50 66 51 44 7 2437
70 100 94 95 5 1559
68 100 97 92 8 1620
51 45 50 48 8 3565
53 42 49 36 7 383
52 57 61 65 4 2180
100 90 84 84 5 1175
98 66 77 100 8 347
83 66 75 100 7 2536
13 10 13 13 9 2271
64 53 69 55 3 158
39 43 50 45 8 664
70 91 71 75 10 2273
63 42 70 77 1 1521
27 36 33 27 7 3325
46 52 70 54 8 1356
62 71 84 73 4 2334
55 32 32 35 2 3753
67 65 53 51 5 1185
36 34 32 32 4 300
95 67 100 78 3 161
75 96 76 71 4 1059
58 92 98 94 7 187
65 70 94 94 7 2794
100 73 75 99 1 3700
59 67 42 64 4 3623
57 65 57 68 4 2601
71 100 69 99 7 1314
19 18 21 18 4 1566
26 32 35 28 3 730
90 100 71 66 7 918
25 21 27 22 6 3535
26 40 41 31 6 2315
47 34 44 38 8 2277
46 56 43 65 6 2444
24 31 23 28 5 1268
64 62 96 73 1 1630
24 28 18 29 10 675
72 62 66 57 9 3284
45 75 77 62 5 617
63 84 53 51 9 155
100 93 83 65 2 1577
16 20 18 23 2 1718
21 31 20 33 9 1320
75 81 57 64 5 2565
30 34 26 40 7 3247
59 49 40 39 6 1907
51 44 56 51 3 3437
82 95 79 100 5 3080
76 81 82 92 7 3315
100 95 79 94 1 2886
14 10 12 10 1 3350
26 20 21 21 2 1880
13 15 13 10 7 657
26 22 25 18 3 2955
30 42 41 35 5 2245
54 64 44 47 6 1120
36 31 26 36 7 707
76 100 69 84 2 1875
75 66 61 94 10 2147
15 10 12 14 8 3482
12 16 19 14 2 3592
33 32 27 40 2 1360
13 12 14 14 4 2401
59 63 47 61 1 1910
56 76 59 69 10 2383
81 87 84 100 9 1997
71 100 59 59 6 225
58 93 69 55 9 2550
43 38 38 51 2 1140
87 100 76 97 7 2603
74 77 87 70 8 814
52 45 53 55 5 2089
34 27 28 42 2 2550
100 94 90 96 5 3363
27 27 36 24 1 134
69 55 41 73 9 1402
32 40 34 33 8 2461
38 37 35 59 4 539
16 25 21 18 4 1674
66 75 45 57 9 266
88 100 100 78 10 206
61 55 56 56 3 3207
100 63 100 99 2 2702
19 20 19 21 3 521
99 100 100 90 3 1452
90 79 100 93 10 2581
73 100 88 93 2 2991
86 64 100 79 10 2641
66 95 85 97 4 1666
36 37 44 41 5 815
34 37 30 27 5 2578
34 26 45 43 2 3521
39 56 37 53 9 1193
74 46 42 73 5 2725
58 60 54 44 5 425
63 63 36 53 5 3276
97 94 100 100 8 3713
