500
5 3 3 3 10 816
9 9 9 5 7 423
15 3 11 3 3 797
2 3 3 14 9 24
3 2 1 2 4 704
3 2 2 3 6 311
1 14 2 5 4 582
1 4 17 6 2 36
4 1 5 3 2 367
5 5 5 7 7 517
6 13 7 14 7 813
3 13 2 8 1 206
3 5 4 3 8 165
6 6 4 6 6 368
2 8 14 8 4 111
12 20 20 12 6 406
4 5 4 5 3 570
3 6 5 7 1 180
4 15 14 15 7 535
10 8 6 11 2 587
5 1 5 4 4 815
2 7 2 10 3 328
14 8 6 5 3 662
8 4 1 11 5 468
2 4 2 4 7 575
4 8 6 4 7 212
5 14 10 7 10 803
14 14 20 6 8 276
4 4 2 5 3 148
2 9 2 6 7 12
1 6 15 11 9 182
6 9 2 4 9 219
1 4 4 2 1 563
7 6 7 4 4 556
7 7 3 13 8 386
9 17 13 5 10 670
4 1 5 5 8 153
10 1 7 5 3 354
9 13 2 5 8 562
13 2 7 8 5 236
2 4 4 3 5 825
3 10 7 1 3 342
3 7 3 10 2 377
3 9 17 12 6 441
2 5 2 4 1 409
10 7 4 9 2 808
11 7 13 3 8 521
17 8 11 13 8 619
3 5 4 1 4 508
3 8 6 3 10 198
5 7 1 13 5 461
15 20 13 16 1 314
3 4 3 5 8 841
3 2 6 6 8 42
15 4 12 15 3 758
9 16 15 16 2 463
1 2 4 5 4 817
3 9 2 1 1 346
8 6 12 12 3 260
17 4 6 8 6 138
4 4 5 5 2 196
1 1 9 5 10 695
14 7 9 14 1 214
4 20 12 13 8 583
3 1 5 3 8 521
6 7 4 8 2 56
5 10 2 7 4 405
3 11 7 19 3 673
1 4 5 5 5 423
5 4 10 10 1 392
7 6 11 9 7 137
18 13 18 20 2 801
5 1 2 5 9 128
4 3 2 8 4 664
8 11 1 8 2 619
1 11 18 16 8 845
2 1 5 2 6 280
10 9 3 8 2 357
4 8 3 6 3 481
12 6 12 18 6 786
1 5 5 4 1 361
8 1 7 3 4 389
7 7 14 10 1 769
16 11 6 19 2 416
1 4 3 2 1 41
1 8 3 9 3 791
5 12 12 1 8 238
14 5 19 12 8 388
3 2 3 1 9 15
4 1 10 5 5 150
5 8 13 6 6 162
19 9 1 16 7 686
5 4 3 5 1 318
4 7 5 7 2 573
2 3 3 5 5 845
12 13 11 12 9 3
5 4 3 5 1 375
3 3 4 8 4 686
11 3 12 13 2 602
12 10 14 3 9 797
1 2 3 4 3 225
2 6 7 6 3 367
9 7 11 3 10 583
19 5 11 20 7 466
5 5 3 2 7 103
10 1 7 4 3 550
13 12 1 7 1 243
12 13 16 18 6 746
1 4 4 1 3 829
9 6 8 7 9 619
2 10 14 10 1 565
15 17 19 16 9 344
5 5 3 2 10 196
4 10 3 10 3 259
5 1 14 4 7 367
1 10 11 10 7 14
3 2 2 1 4 769
5 3 8 4 4 337
7 12 11 7 2 149
3 17 14 4 7 78
4 5 1 5 2 468
9 1 4 2 6 256
6 9 11 9 3 643
13 8 15 11 2 649
1 3 4 3 10 124
8 6 10 2 4 139
5 15 15 3 8 240
9 14 11 18 5 703
1 1 5 4 7 165
3 6 8 5 1 708
5 8 1 12 5 398
10 11 4 7 1 329
2 4 3 5 5 357
3 8 9 7 5 173
1 15 10 12 1 273
2 19 6 9 10 82
3 1 4 5 6 342
1 10 5 2 8 42
9 3 15 2 8 725
10 4 10 10 1 679
5 1 1 3 9 628
4 5 2 3 9 511
2 11 6 12 3 748
12 16 11 14 8 228
1 2 2 2 3 565
8 10 3 10 5 454
5 1 6 10 2 456
2 16 9 13 4 15
1 1 1 2 9 449
5 4 2 2 1 97
12 15 2 3 6 606
2 14 13 18 8 776
1 3 2 1 10 398
4 10 4 4 3 256
3 1 13 11 8 690
2 7 2 6 10 32
3 1 4 2 1 152
9 2 1 4 10 184
2 11 2 10 8 426
20 11 7 1 7 497
5 2 5 4 9 214
8 3 7 1 4 847
4 10 10 4 7 462
15 17 6 4 4 565
4 3 1 5 4 124
3 5 7 9 9 598
1 4 8 15 5 148
6 11 5 17 10 92
1 2 2 1 7 98
2 9 8 7 2 431
13 1 14 3 5 501
2 10 2 11 3 95
2 4 4 3 7 219
3 9 4 3 9 631
9 15 14 1 4 584
1 6 15 8 10 781
2 4 1 2 10 174
3 7 1 6 4 307
8 1 12 10 2 355
7 20 8 15 5 453
4 5 5 4 4 166
4 4 4 10 8 259
3 12 12 13 7 349
5 4 14 2 3 247
1 5 1 3 5 123
7 1 4 9 7 31
9 15 11 6 5 840
6 4 2 6 10 270
4 5 2 3 5 515
10 1 1 9 4 370
1 6 2 7 4 380
17 19 20 20 7 835
1 3 3 5 7 822
7 1 5 2 2 229
12 5 13 7 6 695
16 7 10 8 8 307
3 4 2 5 1 30
7 5 8 7 1 223
1 2 9 4 3 690
9 19 13 4 2 681
5 2 3 1 8 709
3 6 2 4 3 62
12 12 14 14 7 628
13 17 3 5 1 653
3 3 3 1 2 242
1 1 8 1 3 333
5 13 15 15 7 461
8 19 3 15 10 640
4 5 2 3 2 343
8 8 3 1 6 735
2 8 9 3 7 393
18 14 13 13 10 380
3 3 4 2 1 257
8 2 8 10 6 698
8 11 2 5 10 753
6 17 10 8 1 56
1 4 2 1 1 303
9 10 3 8 9 46
13 3 15 13 2 54
8 8 10 7 8 702
5 3 5 3 5 484
7 6 4 3 9 289
3 6 5 14 8 24
6 7 2 20 5 248
2 1 5 5 3 610
10 9 10 1 8 451
10 4 10 11 4 840
7 19 6 12 6 499
2 2 3 4 7 490
5 7 2 7 7 361
11 14 3 11 10 142
16 5 12 13 10 455
1 4 5 1 2 577
7 5 6 8 2 52
10 2 1 9 10 737
19 19 17 5 4 744
4 1 3 1 9 730
7 6 2 4 8 136
14 6 9 5 4 243
10 1 14 8 6 696
2 5 4 3 10 564
3 2 6 3 5 146
5 4 3 5 10 376
14 19 8 18 6 560
3 2 4 2 10 122
9 1 3 1 8 77
6 5 12 4 4 347
5 16 11 9 9 688
4 3 2 4 5 674
1 6 8 7 4 780
1 11 3 6 7 376
4 13 2 14 2 554
2 2 2 1 4 412
8 3 6 6 9 148
7 3 10 2 4 258
16 13 19 11 5 654
4 1 4 4 8 322
1 1 9 3 5 375
9 9 1 6 4 431
3 19 15 20 8 317
3 4 2 3 10 564
9 9 8 7 3 7
13 9 7 13 10 283
14 6 16 17 6 635
3 5 1 4 2 402
6 7 10 1 9 403
13 12 15 10 3 220
12 9 13 20 2 831
5 3 2 4 7 282
1 1 3 3 7 110
8 1 9 8 2 551
11 18 2 2 10 435
5 5 4 3 8 364
6 7 1 7 9 212
7 13 13 7 5 423
7 16 13 19 5 687
5 4 1 5 5 717
10 10 6 1 2 327
3 6 15 9 8 173
6 20 8 1 1 103
5 4 3 5 5 704
6 5 5 9 5 290
7 7 10 13 6 166
17 4 14 19 5 461
2 5 2 5 10 297
10 7 6 6 1 311
10 7 10 5 9 35
18 8 15 4 6 626
2 2 3 5 3 245
4 1 4 7 3 440
14 8 9 3 3 338
17 4 2 15 4 145
5 4 5 3 7 26
2 4 6 10 2 342
3 1 8 9 3 336
2 5 14 3 3 476
5 5 5 1 5 255
8 6 1 10 1 610
5 11 7 10 6 101
20 11 14 18 2 60
3 4 5 1 6 325
1 10 3 4 2 489
11 1 11 8 4 596
20 9 18 6 7 708
1 1 2 2 4 251
4 1 10 2 10 473
15 15 5 12 9 118
16 20 18 2 2 728
5 4 4 2 7 601
4 7 9 3 7 16
3 3 10 6 6 635
4 4 5 4 10 366
4 3 3 3 10 396
2 5 5 5 7 563
6 13 12 8 10 235
19 7 4 18 7 522
5 1 2 3 2 619
9 2 2 8 2 751
7 3 12 2 6 300
7 5 18 7 1 732
4 2 2 5 3 617
9 7 3 4 5 526
12 12 15 12 2 228
12 17 4 16 6 129
4 3 1 1 6 202
7 7 6 3 7 630
3 4 12 8 5 628
2 17 3 5 5 206
1 4 2 3 9 160
2 8 9 2 5 802
10 13 7 7 1 2
7 7 15 17 3 582
2 1 2 5 8 281
4 4 1 9 9 529
2 8 6 2 5 568
12 8 7 11 7 797
1 1 2 2 2 31
8 1 5 1 10 475
9 4 3 4 4 325
3 6 8 5 3 93
2 1 2 5 9 733
7 3 3 5 9 314
14 6 13 4 7 140
8 20 13 10 1 486
3 2 3 5 3 708
3 8 10 1 2 7
14 10 8 6 6 161
6 19 2 10 2 744
2 3 3 2 10 427
6 2 1 10 3 727
4 13 8 4 8 613
5 11 15 1 7 609
4 1 3 2 7 200
1 5 4 5 6 536
11 1 8 1 6 412
8 5 6 19 2 319
3 4 2 4 8 503
10 8 4 10 7 711
8 4 2 2 2 583
7 16 10 3 8 159
3 2 1 2 4 52
9 10 5 9 4 351
7 7 10 9 1 333
10 17 8 12 5 771
3 1 1 2 3 464
5 6 9 4 3 289
12 13 6 8 8 618
12 1 1 11 4 329
5 3 1 3 3 97
9 3 8 6 6 225
10 4 10 3 8 152
15 7 13 17 5 343
1 1 2 4 2 80
10 4 1 10 2 486
4 8 8 11 8 824
11 8 20 1 3 608
1 3 2 1 2 425
3 7 2 1 10 599
14 11 9 2 7 85
11 14 5 17 10 496
2 1 4 2 5 277
4 9 3 8 8 24
11 11 13 12 6 31
14 8 10 13 6 498
4 3 5 2 1 502
9 4 4 10 4 782
7 2 1 14 10 66
12 4 18 17 9 201
4 2 2 3 7 115
7 9 6 7 3 707
3 15 15 14 6 505
7 6 1 6 1 645
3 5 3 5 8 17
2 2 8 4 8 95
3 11 12 7 3 113
16 4 16 13 4 248
5 3 1 5 7 346
3 2 10 10 1 142
9 15 11 11 1 502
5 16 14 13 6 454
4 4 1 1 9 212
6 8 4 5 10 545
7 15 9 14 8 408
20 17 6 1 6 329
5 4 5 1 6 42
8 7 7 9 1 64
5 5 10 2 1 783
18 12 17 12 2 753
2 4 5 2 8 842
8 3 1 1 7 620
1 8 8 11 10 626
4 8 3 3 3 157
4 5 5 3 2 244
8 7 4 5 9 95
8 7 3 11 7 145
9 19 15 11 10 62
1 3 3 4 4 782
4 8 7 6 7 770
12 11 4 14 1 337
5 12 19 18 6 357
2 3 5 1 9 455
10 10 4 7 4 739
7 9 3 15 7 27
15 14 1 13 3 832
1 3 3 5 9 310
5 5 5 10 4 578
12 14 15 12 3 528
14 5 2 4 6 548
5 3 3 3 6 836
3 2 5 8 8 463
1 1 3 2 2 515
20 17 17 11 8 633
1 4 1 5 10 40
10 9 9 4 7 234
15 3 13 3 5 454
9 11 8 19 7 252
5 2 2 2 9 160
2 1 5 8 8 249
9 5 4 11 9 232
16 18 20 13 10 346
1 3 4 1 8 147
8 8 9 2 8 838
5 12 8 13 5 651
13 18 18 4 6 660
1 2 2 1 8 142
6 1 3 10 1 747
13 1 11 2 2 597
12 18 9 2 5 50
3 2 3 3 5 182
6 1 7 6 4 162
8 5 13 6 9 796
5 6 3 3 6 750
5 2 5 4 7 500
6 8 1 9 3 169
1 11 3 1 10 424
5 1 13 9 8 397
1 3 2 1 3 330
7 2 10 6 4 82
7 14 2 1 10 404
19 6 17 14 7 654
5 1 3 2 2 184
4 8 1 4 10 671
15 12 3 10 5 74
15 2 18 11 7 500
1 1 4 4 6 594
5 1 10 8 2 541
9 13 13 8 6 51
7 2 15 11 8 264
4 1 2 4 3 257
4 9 6 5 5 711
15 1 3 2 10 467
10 9 13 13 8 716
3 1 5 2 3 432
4 8 3 7 9 445
15 5 3 3 10 441
1 6 11 11 10 723
4 1 3 2 10 230
6 3 7 2 9 555
7 3 9 11 3 717
4 19 3 9 10 328
3 1 1 3 9 4
8 7 4 8 4 390
2 4 9 5 7 312
8 19 14 13 10 259
4 5 2 4 6 29
5 2 5 6 8 747
5 15 9 3 3 724
11 6 5 6 9 749
3 5 2 1 10 283
10 9 10 3 3 636
10 10 9 14 2 62
7 5 8 14 5 708
3 2 5 5 2 616
7 2 5 6 8 504
1 4 8 6 1 497
10 10 12 5 5 800
5 2 5 5 8 361
4 10 5 7 7 488
12 13 13 1 1 138
1 2 20 11 3 274
