200
24 14 61 26 4 47
94 44 2 88 7 29
92 44 56 58 9 155
23 67 95 67 4 92
67 96 82 14 6 84
59 6 97 99 10 22
73 74 60 100 7 63
2 70 5 64 7 99
47 17 68 45 6 112
37 17 70 41 3 36
54 32 99 35 9 93
71 19 35 84 10 36
4 23 46 25 9 52
18 33 47 32 10 68
73 58 6 44 7 54
40 16 79 45 9 126
99 55 46 70 4 54
9 85 70 3 8 112
37 3 95 98 3 72
62 25 46 26 9 70
96 95 68 78 10 153
91 74 99 51 7 198
89 93 31 92 5 113
93 20 22 23 3 176
23 35 88 34 3 175
64 88 46 92 2 62
69 38 48 80 2 111
47 13 89 94 9 148
22 74 9 6 1 97
64 66 97 49 10 125
88 47 76 14 7 123
10 75 98 97 2 158
78 6 80 75 5 132
4 44 81 50 8 132
68 53 7 58 7 40
68 59 51 35 8 82
75 37 71 20 8 132
48 67 83 69 8 165
89 59 47 21 6 140
63 5 36 55 10 117
45 7 36 5 2 75
4 80 41 37 7 104
42 7 8 57 10 106
99 91 43 50 4 140
20 14 3 72 10 36
43 80 54 73 7 120
30 69 84 28 9 141
47 100 75 36 6 51
48 54 10 26 3 92
97 26 54 46 10 33
48 30 63 8 1 58
67 56 59 97 6 156
62 16 89 18 7 56
49 84 32 92 3 182
35 52 5 83 1 13
46 69 38 59 8 85
65 38 13 70 1 118
47 62 71 1 6 95
1 98 26 4 4 7
90 94 33 63 8 36
98 84 12 1 10 116
39 98 87 62 8 46
81 27 77 44 4 31
28 63 45 26 4 112
51 11 80 97 7 93
8 51 67 65 5 111
18 36 45 87 10 29
11 70 20 9 1 50
6 86 50 12 10 120
61 73 29 40 10 51
16 26 68 65 4 109
9 42 86 4 6 137
94 98 2 32 10 97
51 27 35 14 2 19
73 52 39 69 7 56
36 13 9 76 8 149
63 78 53 63 6 127
54 41 6 83 3 101
17 64 94 32 6 151
22 9 39 15 7 76
21 56 90 86 10 88
35 87 66 22 3 128
66 74 96 96 9 76
44 37 1 21 4 19
94 16 52 28 3 17
49 65 67 62 8 86
54 66 79 15 2 38
44 44 67 86 10 158
43 5 10 22 5 41
61 31 52 85 10 148
88 48 31 33 10 98
52 78 62 28 4 68
40 26 70 99 2 122
90 77 37 15 7 133
38 62 21 47 5 123
37 31 69 40 5 81
92 86 36 16 1 32
91 26 57 1 2 46
78 1 55 96 4 80
50 37 20 93 3 91
90 69 24 64 9 97
56 20 84 43 7 60
29 47 41 30 10 53
87 76 23 70 3 174
81 76 60 53 5 116
87 64 82 77 1 114
90 19 87 89 6 44
88 92 52 99 1 143
26 7 10 48 3 96
96 21 28 15 2 77
10 34 54 9 3 89
21 33 100 42 8 192
60 21 41 81 2 67
26 31 15 93 1 176
91 50 88 12 8 62
41 3 13 39 9 27
33 5 18 26 7 43
28 78 63 70 5 60
41 92 17 61 6 103
81 45 27 58 7 42
93 72 35 89 9 36
96 59 54 83 3 137
45 6 52 76 3 50
95 53 69 82 1 154
59 81 24 36 3 130
29 27 94 84 1 120
78 56 39 45 3 133
4 45 87 70 5 111
53 47 49 58 2 52
70 44 65 8 1 78
83 65 96 73 5 132
64 6 36 99 9 21
86 30 90 99 5 43
34 67 96 52 1 118
49 23 99 17 10 175
57 13 34 9 6 86
72 52 13 62 4 61
1 74 6 59 5 1
92 36 40 43 7 80
32 74 66 49 4 76
97 80 80 21 9 93
71 12 77 72 1 79
99 84 91 52 5 59
43 32 12 14 2 47
50 73 73 37 1 94
33 29 10 13 7 36
47 20 10 50 2 96
28 30 7 73 3 73
60 96 88 93 8 111
37 46 94 87 5 187
88 80 40 19 2 120
61 61 52 82 1 80
84 8 39 78 10 155
14 30 63 61 8 22
23 79 81 70 8 69
40 95 35 73 5 103
66 97 47 89 9 184
59 84 92 3 2 161
48 60 25 8 1 39
78 87 11 54 6 35
80 63 21 59 9 149
66 46 65 28 9 97
73 50 56 49 2 54
71 26 90 90 2 155
53 52 60 81 7 125
54 39 77 83 8 44
98 6 24 49 10 140
31 25 37 26 5 41
84 52 64 32 2 70
74 1 74 7 6 91
10 78 64 42 1 86
32 44 88 31 2 119
92 75 82 17 8 174
28 48 93 86 5 65
74 51 87 24 9 25
63 78 27 3 1 75
85 98 73 83 10 194
29 48 16 55 2 29
35 84 67 52 5 88
9 78 5 77 7 86
3 63 52 70 6 128
93 65 69 73 7 181
56 34 18 3 4 75
62 75 32 22 1 46
1 21 3 30 6 31
35 6 97 69 1 178
68 13 33 90 9 160
17 48 80 86 3 120
67 15 15 74 8 109
39 61 53 22 4 93
85 26 10 17 9 130
2 60 99 51 6 145
60 13 5 87 5 98
7 87 71 51 9 121
15 55 82 38 1 110
36 40 60 72 9 58
8 84 93 37 10 13
30 15 25 13 1 44
20 50 67 62 5 68
99 97 72 39 6 45
