250
86 97 60 26 36 3282
46 41 64 33 32 1203
46 75 92 80 17 3770
92 45 66 69 34 3537
79 43 87 19 26 1053
68 20 52 27 43 3112
8 6 4 53 30 190
42 66 72 56 4 2208
74 72 22 73 24 803
83 78 44 16 8 663
31 12 60 19 21 2618
66 6 55 8 33 1367
66 21 25 85 14 415
28 98 55 66 6 3279
59 7 21 40 12 3473
51 70 19 29 26 3313
87 98 70 2 39 3375
70 98 69 47 42 799
44 26 69 54 47 3585
31 43 9 78 8 2345
32 83 52 35 37 1627
3 2 92 48 39 718
91 26 94 19 43 2265
1 66 60 36 14 3664
52 82 36 88 47 2528
58 38 37 51 17 321
91 56 14 73 37 2893
5 89 77 100 2 1949
27 33 82 18 14 2217
22 94 21 83 21 1250
84 93 36 38 40 2048
82 45 64 15 21 1464
10 74 83 32 24 103
36 91 8 68 13 3302
13 23 91 35 40 885
78 33 78 19 37 1591
32 83 93 27 24 551
56 13 27 97 18 199
79 25 61 46 42 3844
25 67 89 6 36 440
68 39 64 96 48 2127
30 45 73 79 10 1480
5 70 77 15 15 1385
24 72 76 76 9 116
32 63 32 33 47 1946
68 13 27 43 34 2996
44 47 40 17 14 1776
90 14 10 6 49 2145
78 54 80 37 6 795
26 20 47 83 16 490
37 37 82 30 20 191
55 56 26 93 14 1568
58 1 98 79 46 554
79 55 40 83 50 3567
20 33 8 87 39 3710
42 80 20 6 32 1199
98 7 16 32 15 2140
70 80 67 31 23 2301
87 42 30 97 43 244
20 97 38 99 12 1842
57 76 12 47 48 1578
56 22 74 10 25 3305
83 85 5 42 3 508
35 22 30 67 9 2479
38 71 10 100 26 3737
11 15 79 62 50 2737
49 90 64 86 16 2467
71 41 12 12 36 2927
76 31 21 29 38 341
41 11 40 60 24 3135
22 87 49 57 27 1497
38 28 77 79 43 1098
64 13 57 41 25 3054
65 82 60 5 36 799
70 95 37 48 33 711
63 77 61 34 1 3233
21 26 46 43 33 3971
23 89 91 59 42 2320
68 42 14 67 43 2531
95 99 22 32 42 699
81 98 67 59 16 174
96 55 55 3 50 2087
19 30 54 67 41 2771
96 14 9 94 10 1444
55 80 37 58 31 649
70 88 79 100 35 2813
55 30 54 14 26 1716
8 74 90 67 23 3411
77 80 58 46 31 925
38 87 72 88 37 2976
26 89 4 30 20 781
76 34 9 28 23 988
33 54 23 84 49 634
33 84 100 49 40 3466
89 47 67 26 38 2889
63 38 47 96 16 821
23 24 44 90 17 2846
97 95 10 27 37 2863
10 44 40 56 19 143
7 71 54 69 14 1425
6 58 59 20 25 3798
39 11 92 69 40 3107
5 95 41 89 19 3490
91 52 41 24 36 3670
58 40 33 71 14 1190
16 54 49 71 40 412
38 49 11 61 44 3836
67 8 1 27 26 3431
65 6 67 52 22 2529
85 84 49 43 22 2468
69 27 19 19 46 167
78 95 71 84 42 1126
58 60 86 60 45 2257
55 9 33 79 48 334
34 43 44 5 38 700
1 76 62 24 0 2742
83 12 89 46 13 2094
29 41 80 67 34 550
66 75 86 36 30 3194
49 38 40 7 46 3946
71 23 67 58 47 2571
87 47 35 2 33 3042
12 72 82 70 30 2875
73 95 41 11 34 1595
82 66 1 37 15 2810
96 81 47 2 5 872
15 60 2 45 47 3472
2 94 92 37 1 2120
13 56 58 17 16 3314
61 39 99 31 3 3333
81 49 87 34 16 3314
81 31 42 77 37 2978
27 16 15 11 3 3102
97 30 6 9 24 2800
86 14 35 20 45 2057
64 83 48 29 32 2578
41 15 37 61 9 1270
20 25 3 79 48 3084
54 74 23 98 13 1715
48 20 28 2 13 330
31 20 20 60 23 2601
14 21 67 88 39 1351
96 65 40 14 33 1676
71 61 67 24 37 2688
65 43 53 93 39 385
17 70 52 50 19 1060
70 36 43 26 6 2988
96 34 57 27 29 201
64 94 69 76 18 1606
50 92 24 31 18 1815
2 60 39 99 15 1536
22 13 59 24 30 920
78 52 48 91 47 2886
68 54 8 5 25 3872
8 3 56 35 43 1852
39 59 8 74 44 828
60 66 29 12 15 165
17 65 16 33 0 1655
68 82 65 4 34 2386
60 59 33 45 45 3526
4 36 10 95 11 768
29 46 47 15 48 1505
32 66 70 97 23 2004
6 43 91 32 22 1207
21 27 85 31 40 1967
17 40 32 4 41 2712
78 87 87 14 33 2961
18 81 69 79 16 2287
100 75 81 28 4 2489
66 16 53 22 19 2035
63 29 75 72 1 359
50 29 94 79 9 1236
4 44 84 36 44 1489
88 36 27 24 7 3422
50 30 79 52 14 167
70 7 4 27 42 1737
33 7 1 42 43 2501
92 76 80 13 6 3218
42 10 5 42 35 1927
61 10 93 52 50 2822
16 17 29 3 6 2015
100 91 19 91 46 3051
81 54 95 90 30 3885
60 68 87 61 48 718
75 79 84 96 40 1440
44 93 84 54 43 3401
92 54 10 45 42 3083
8 72 37 43 46 2189
89 85 20 21 6 815
43 23 5 8 43 536
71 12 38 12 39 1010
40 45 43 53 20 1376
60 13 88 1 28 914
21 32 83 47 5 3369
72 31 98 53 4 955
43 58 81 68 48 2675
99 82 4 53 0 3258
74 96 17 19 36 532
84 36 57 94 10 1304
98 26 58 33 38 447
54 17 63 94 37 3861
95 81 59 66 29 526
86 17 81 15 43 1097
27 91 44 52 49 2845
13 39 81 13 24 656
79 80 89 50 11 1360
36 27 29 21 23 1359
86 41 96 41 7 1619
40 56 22 87 10 1217
15 88 100 40 42 3397
13 87 4 74 17 3383
22 67 8 26 18 1430
16 30 67 71 7 2923
58 78 11 28 48 1843
18 14 44 91 25 412
28 1 15 100 23 3629
53 60 86 51 50 3675
41 80 36 83 37 1599
7 81 31 17 15 2422
40 85 41 30 12 1646
59 96 34 3 1 2772
10 13 35 43 33 3307
100 26 61 44 39 1439
53 91 8 79 45 2628
95 71 14 81 50 3876
99 39 38 69 46 3289
53 68 60 31 38 2907
3 87 57 36 32 566
46 12 67 55 39 1331
49 76 71 36 48 2876
15 75 25 45 17 1377
37 91 52 91 14 3683
91 9 39 30 10 1723
24 59 33 15 21 1225
45 72 38 98 9 1930
68 47 84 93 21 3873
35 32 31 35 27 1566
40 68 29 11 27 845
6 47 96 9 21 2817
84 49 83 1 8 3638
21 27 5 74 32 870
71 31 94 45 12 2869
13 6 6 10 50 3995
95 84 35 9 40 2692
47 19 77 37 26 677
67 91 29 94 12 277
23 99 79 29 24 1265
33 21 13 28 20 3179
14 97 13 62 28 594
78 26 29 90 9 1621
