100
3 4 5 3 3 46
9 8 8 7 10 159
15 4 14 10 8 124
2 4 17 12 6 131
1 1 4 5 10 178
5 4 10 8 7 53
5 10 14 7 10 149
17 17 6 3 4 109
1 3 3 2 9 67
4 10 6 3 7 169
11 14 4 14 3 53
18 9 17 14 6 141
5 3 3 4 8 119
10 3 1 10 2 74
2 7 7 3 5 3
11 2 14 14 3 130
2 2 4 4 1 171
4 3 6 4 9 126
11 1 15 8 9 117
1 7 14 17 1 155
3 1 4 2 10 162
8 2 3 10 7 210
2 8 10 6 1 35
20 6 16 3 3 166
3 3 4 2 3 73
6 7 4 8 7 152
14 4 13 6 1 156
14 10 9 16 10 136
2 3 2 5 7 46
3 5 8 2 10 6
2 7 6 7 8 171
13 12 11 2 9 4
2 4 3 4 8 95
1 7 1 3 1 63
6 13 7 3 5 200
20 1 7 14 10 198
1 2 1 2 2 73
5 7 10 10 8 210
2 11 8 3 6 73
8 2 14 6 4 81
1 3 4 3 6 65
10 9 1 5 8 38
13 12 12 13 6 187
18 1 14 5 5 31
3 5 4 4 1 123
4 2 9 6 5 154
9 6 6 10 2 59
10 6 10 1 3 155
5 4 4 2 8 66
6 3 10 6 1 146
1 6 7 6 10 214
11 14 18 6 10 169
4 3 2 1 1 76
7 2 2 2 4 112
11 7 11 5 7 114
19 14 18 13 10 49
5 4 5 1 2 0
10 10 9 1 3 2
7 9 3 4 4 104
12 11 2 8 5 77
1 2 4 5 6 66
9 1 5 5 10 89
15 9 5 13 8 75
16 3 13 11 4 141
5 1 3 5 10 52
9 4 4 7 7 163
7 6 1 11 10 58
18 19 8 6 6 120
2 3 4 3 3 210
5 4 10 4 7 72
2 4 15 1 3 194
1 11 2 4 7 5
2 4 2 3 4 74
1 5 10 10 10 122
6 14 14 2 3 194
19 11 19 17 4 71
3 5 5 1 5 52
9 5 1 9 8 99
3 4 7 3 3 113
1 17 1 6 6 162
1 4 3 4 3 165
8 7 6 10 1 49
2 8 15 3 6 101
6 3 16 14 6 20
4 4 1 1 9 209
10 7 7 4 7 45
1 2 6 11 7 0
5 10 8 2 1 54
2 2 5 1 7 85
5 3 5 9 3 115
6 4 15 13 4 140
15 14 7 11 5 49
3 3 1 2 2 2
7 10 6 2 7 78
15 4 10 12 4 3
8 11 5 12 8 165
3 2 1 4 2 204
5 7 3 2 8 7
13 12 12 8 7 219
7 1 6 1 3 175
