400
32 58 99 77 8 156
53 31 100 14 2 93
63 94 25 21 6 23
14 57 26 82 7 69
71 83 48 15 2 114
53 88 88 92 1 72
1 12 77 9 2 27
19 9 73 61 10 37
68 3 86 12 3 160
33 41 58 100 6 103
72 86 2 77 6 135
36 65 29 75 10 136
2 34 78 23 10 95
39 49 2 76 1 63
72 79 42 52 6 92
15 4 24 34 6 25
91 67 90 64 2 108
43 91 5 96 4 116
28 68 31 32 8 59
35 8 3 10 7 22
29 57 68 58 5 108
9 19 57 35 10 64
33 89 16 63 8 56
72 14 2 85 3 32
11 44 55 23 6 65
77 8 28 4 4 48
23 37 19 79 6 48
82 53 69 58 8 57
8 20 28 72 2 63
90 64 20 47 1 20
19 99 11 96 7 167
23 73 58 74 3 62
81 88 1 45 5 27
15 80 70 28 7 101
77 6 58 10 6 93
16 25 34 89 3 129
27 41 39 100 6 140
22 34 4 52 8 85
7 82 23 74 3 38
88 25 49 62 4 111
33 55 91 45 9 77
100 66 19 82 6 44
81 16 75 1 1 110
14 80 61 61 9 105
56 49 61 60 10 72
22 15 48 90 1 87
68 21 27 93 1 159
64 56 38 45 1 69
90 21 45 31 5 50
32 1 31 8 1 12
6 48 79 71 4 109
39 61 28 18 8 48
84 35 88 2 5 112
90 31 52 68 3 43
76 16 37 81 5 20
71 34 33 25 7 95
12 91 31 77 6 175
6 18 84 35 1 89
11 37 47 32 7 47
51 27 42 100 4 125
11 92 63 19 2 118
100 74 92 34 3 150
58 87 85 81 7 136
80 36 19 56 6 19
81 97 61 34 9 194
73 59 63 54 2 125
35 40 56 48 9 106
4 63 99 83 7 51
96 80 94 66 3 153
100 42 86 35 1 91
98 94 13 86 1 82
13 84 29 92 8 65
100 14 82 34 4 69
92 14 1 54 7 171
37 66 35 53 8 115
63 63 69 86 7 155
5 96 68 34 10 165
42 6 10 50 2 24
11 79 67 49 4 98
44 13 80 33 6 120
82 44 86 18 2 61
10 100 55 86 5 157
94 4 10 74 4 88
60 61 92 40 1 119
95 61 84 64 2 152
6 22 100 97 4 28
40 8 71 65 5 125
64 47 19 48 8 79
92 62 24 36 5 98
66 34 48 70 8 38
86 11 89 17 3 156
26 22 85 21 2 168
14 36 46 26 6 49
69 71 5 1 2 91
14 74 35 54 10 76
6 16 84 33 3 33
28 65 3 2 8 119
95 40 29 49 6 67
65 15 93 46 3 159
71 91 77 74 7 175
64 68 78 69 6 104
28 65 31 8 1 66
64 20 38 37 3 80
36 15 65 43 9 89
71 94 50 10 2 38
49 66 23 67 5 132
38 14 22 37 3 57
92 93 52 95 8 166
25 78 84 35 10 46
47 28 1 76 5 86
11 17 90 82 7 28
93 1 36 72 9 167
93 26 41 6 7 12
51 84 94 6 1 48
92 31 12 68 1 54
63 81 95 34 8 36
5 6 7 73 2 128
26 97 20 55 1 137
7 84 38 88 9 97
92 44 50 83 8 77
66 100 75 9 8 158
12 21 89 32 9 108
90 20 93 35 2 136
61 100 13 47 4 112
91 92 39 12 2 149
43 75 37 41 10 102
64 4 13 82 5 17
69 39 94 52 6 45
49 61 11 35 6 77
2 80 32 19 9 133
96 78 86 31 5 153
59 65 74 37 6 56
47 42 37 60 2 72
61 26 3 6 7 9
23 80 37 10 9 78
73 55 46 96 8 185
50 13 16 55 2 37
45 68 67 54 3 130
4 2 51 38 9 80
49 39 56 77 6 43
1 39 52 9 2 100
94 44 41 6 9 24
52 92 65 34 3 59
56 46 85 42 8 77
8 20 10 25 7 31
12 66 54 93 1 133
22 27 63 78 5 111
87 50 27 4 9 72
91 60 47 16 4 134
90 82 53 44 8 139
45 53 5 40 6 79
38 54 100 64 7 38
75 16 62 34 2 23
48 73 81 97 6 79
28 32 43 12 4 69
29 92 16 2 10 178
90 77 28 72 7 108
20 84 83 99 9 69
46 54 68 84 3 77
44 82 57 10 3 11
1 18 98 63 9 73
51 48 13 60 5 23
55 17 64 12 7 126
99 29 63 78 5 49
87 15 92 78 2 169
19 42 34 10 7 71
66 89 59 23 5 114
79 89 80 100 9 145
48 28 2 90 9 157
46 20 73 62 8 39
47 88 48 39 8 133
18 76 86 53 5 156
44 80 63 85 1 48
80 45 77 10 2 97
2 81 91 51 7 7
44 53 25 13 4 15
50 28 23 82 4 94
99 25 47 15 8 166
93 3 43 97 7 188
64 86 38 28 8 45
9 19 16 29 4 43
85 28 34 48 3 125
69 32 53 36 4 113
76 72 99 36 9 138
20 67 59 11 8 55
40 94 18 98 1 142
76 55 23 40 1 30
91 75 85 27 8 114
29 74 85 2 9 52
64 25 40 87 9 145
60 56 10 100 7 129
66 75 54 34 1 68
3 79 47 22 9 114
35 12 54 84 2 52
47 1 61 68 3 72
33 53 98 89 1 171
72 8 53 21 6 134
43 70 7 79 5 82
85 33 33 24 9 135
18 19 19 91 4 84
51 63 66 36 2 125
78 100 95 25 8 125
41 98 54 13 3 182
4 73 65 99 8 80
89 58 45 92 2 165
65 5 41 93 4 59
21 81 88 68 8 69
56 26 64 99 8 105
35 37 5 66 8 114
8 92 3 66 4 12
11 50 18 99 2 34
51 84 54 87 1 85
73 60 26 79 7 122
55 96 44 55 7 117
17 5 80 83 10 37
67 67 7 50 7 74
6 69 54 77 7 7
98 45 90 1 2 184
82 72 72 73 8 103
76 68 77 40 2 91
91 53 27 72 2 60
83 52 9 53 7 37
66 76 46 88 2 74
39 7 67 85 4 37
87 100 43 64 5 87
57 6 14 28 9 100
15 87 8 25 8 151
17 30 32 32 4 52
83 74 67 68 10 142
25 59 77 80 10 62
28 3 61 85 3 158
77 18 90 24 8 96
76 23 33 40 7 23
76 27 44 61 8 40
64 84 23 83 2 163
94 23 53 41 6 63
95 15 38 41 3 74
14 68 73 87 2 55
52 93 67 46 6 174
97 70 77 53 9 119
18 80 11 12 5 157
48 93 32 85 2 72
41 71 71 95 5 152
69 8 33 38 5 126
6 64 4 62 10 91
50 26 63 23 3 89
24 66 10 75 1 117
96 93 38 63 1 149
92 24 79 77 8 92
92 69 44 79 7 160
91 57 63 86 3 143
67 93 73 40 9 83
58 14 17 50 2 65
44 43 23 84 3 74
11 61 89 19 10 54
94 28 99 93 2 117
10 91 57 29 7 29
29 86 54 66 10 78
27 63 62 98 4 80
22 47 94 47 6 94
37 45 93 26 7 182
93 65 9 74 6 53
67 79 95 86 6 120
78 58 56 4 3 105
67 20 98 62 8 63
53 40 81 14 1 122
39 2 20 81 4 144
72 4 65 94 5 148
81 42 60 49 2 107
65 17 60 75 4 49
66 30 34 37 4 95
61 86 53 14 4 161
56 98 34 29 4 110
41 26 12 57 4 14
39 2 67 49 5 8
73 94 8 66 3 143
34 1 27 2 2 39
2 30 11 60 7 67
17 34 46 4 8 91
74 65 49 98 2 164
80 62 44 87 1 111
98 52 74 44 7 159
92 33 21 17 2 74
6 7 71 19 3 8
34 8 39 97 5 48
46 32 74 84 9 148
62 88 22 38 2 30
8 93 79 96 7 13
14 94 41 95 7 178
54 81 90 70 10 161
12 15 63 43 7 99
21 34 99 95 4 123
63 92 17 96 7 99
26 9 57 7 1 52
39 64 53 64 10 121
92 25 58 31 6 145
45 78 46 4 1 88
22 26 71 59 4 88
38 31 33 85 9 116
1 71 84 45 6 68
26 5 84 84 5 54
12 62 35 37 2 53
16 61 83 100 1 27
70 19 89 34 10 147
78 27 16 83 4 34
100 92 77 29 3 145
51 50 80 85 5 169
36 3 98 97 8 106
19 8 86 14 3 9
70 22 5 22 9 64
25 96 60 10 5 162
7 97 37 53 8 151
87 63 85 86 6 117
36 57 40 58 5 95
63 66 14 86 1 154
2 47 66 2 3 85
11 37 100 45 7 153
9 13 30 1 1 28
2 26 60 11 5 54
3 36 26 15 9 43
94 32 64 45 3 40
41 87 60 98 6 98
9 53 84 63 6 92
41 46 52 89 4 95
96 84 36 82 5 174
6 27 46 7 10 39
84 30 58 23 10 31
70 98 22 47 2 78
35 10 41 31 4 10
28 35 43 74 9 143
20 47 82 54 10 34
31 43 50 68 8 64
75 85 72 33 2 137
42 42 73 86 1 166
53 88 16 30 6 168
47 79 59 58 3 79
77 4 30 73 9 35
86 38 87 53 10 94
8 62 62 99 6 60
97 57 9 26 10 163
15 11 55 35 7 67
50 26 17 66 9 83
97 91 4 5 10 189
91 3 40 35 3 67
91 89 29 36 2 182
79 47 46 43 2 140
95 89 98 1 2 148
42 49 53 71 7 72
52 94 51 20 5 135
22 40 75 83 9 44
89 26 25 83 10 107
3 41 5 20 9 20
98 44 28 75 8 143
36 94 10 88 1 132
46 90 41 38 5 153
44 24 83 24 10 39
67 60 86 41 6 125
74 33 50 63 6 106
73 8 75 14 2 24
87 57 37 65 7 38
52 33 26 53 10 87
93 91 45 44 3 52
64 7 62 92 10 41
96 52 100 59 5 170
53 59 72 67 1 70
65 57 43 90 9 141
93 4 50 8 4 181
22 33 87 50 2 97
64 11 4 23 3 4
65 9 77 1 3 30
22 62 56 36 3 31
94 89 66 74 3 101
44 52 22 43 8 46
92 12 39 14 5 142
54 51 59 86 7 153
18 5 1 94 8 175
66 74 8 61 7 67
18 26 26 46 2 63
49 26 28 39 2 96
36 18 44 44 4 72
39 31 95 83 2 46
42 37 37 93 2 144
54 100 65 19 2 187
57 37 45 91 3 51
56 40 8 29 5 56
73 12 86 97 7 12
15 95 67 73 10 22
11 80 88 57 6 90
55 81 95 44 6 53
19 34 40 92 10 117
77 67 64 4 9 91
17 63 75 17 3 89
13 33 11 2 10 64
33 21 100 30 6 96
84 86 26 1 3 36
32 73 28 36 3 130
67 99 65 66 6 143
98 49 41 7 1 196
57 49 16 28 8 109
60 83 56 33 7 117
