200
98 36 145 93 110 643
163 89 199 74 124 1104
85 113 107 42 107 2948
107 50 136 66 138 2162
100 119 101 47 133 877
200 136 89 196 135 1940
25 101 184 194 137 365
39 87 38 62 98 2052
102 64 169 183 118 3284
25 85 121 137 78 667
187 91 153 117 84 1853
163 60 87 110 74 171
118 41 30 108 131 1310
76 99 135 163 94 777
45 65 71 126 104 2405
100 178 88 180 139 223
28 149 176 145 142 583
129 151 74 102 109 2011
30 161 43 61 134 2460
62 95 166 174 137 571
169 118 20 173 105 633
167 185 114 104 103 819
95 163 36 113 50 3269
62 160 92 106 98 2922
188 183 47 121 83 2976
85 152 85 28 128 2245
150 38 135 133 127 1182
118 181 31 185 107 965
31 64 71 120 94 3340
81 59 104 23 99 369
135 24 183 142 70 2301
73 179 51 178 97 2844
106 140 193 139 140 483
128 76 118 128 118 682
144 87 196 27 89 1451
175 144 113 52 61 1803
162 105 61 97 144 3372
100 187 28 135 150 430
151 26 199 153 124 64
194 48 25 59 120 3340
61 181 160 83 50 2670
139 60 163 138 82 732
86 135 20 155 144 315
197 59 73 36 94 2738
182 71 133 190 80 3351
130 133 34 62 59 1333
34 185 73 134 77 580
127 34 114 191 73 861
55 174 82 25 118 2159
60 190 136 94 109 1196
182 91 74 157 69 1329
99 37 145 137 113 2057
168 161 147 144 110 2291
88 25 180 87 128 1647
193 120 74 112 102 799
182 127 27 186 148 2287
41 34 85 159 65 3162
132 164 21 90 147 3014
155 109 75 83 122 2419
50 108 111 96 93 234
111 24 178 135 121 1090
54 85 136 127 128 1072
70 45 135 102 78 2701
52 63 157 148 98 149
75 104 75 128 150 3070
137 173 106 119 104 1898
29 57 107 162 90 2297
119 109 66 42 73 2781
27 120 122 120 64 3005
159 53 104 136 110 124
58 26 43 164 112 1760
23 186 149 127 89 3213
114 81 66 200 87 1146
78 123 70 170 146 1767
53 93 57 49 128 2814
74 182 186 99 96 1439
57 48 39 124 141 2492
196 107 71 37 89 1230
96 112 62 172 74 975
106 66 182 167 147 1567
120 148 183 45 127 1816
199 39 29 58 113 1572
34 108 146 155 138 3081
138 24 43 100 112 1900
114 128 170 179 105 1774
175 24 72 195 92 1174
155 164 109 25 137 1579
148 130 38 91 80 3323
68 132 142 199 69 127
179 44 138 116 53 146
160 29 122 159 117 906
69 135 106 191 71 2356
90 60 184 168 106 157
131 57 54 41 104 449
39 65 189 180 88 466
121 147 151 37 143 631
199 69 130 119 93 930
27 77 21 85 145 893
123 176 94 35 88 1483
136 154 66 169 104 3248
123 115 182 74 114 2975
76 105 73 173 79 2875
95 100 82 165 143 3003
70 150 180 68 78 1995
141 182 37 161 96 2320
29 58 148 159 99 479
193 126 44 50 56 1611
150 75 45 85 126 2830
28 154 94 111 122 711
132 157 81 155 64 725
139 26 199 132 93 634
200 47 105 53 55 215
165 198 148 156 102 2424
108 27 194 121 76 2606
121 127 64 140 67 3240
112 124 25 133 126 2446
33 117 162 25 105 3034
82 110 171 26 122 2334
21 116 49 60 131 2227
75 101 145 31 58 2811
147 115 170 176 124 2164
162 181 144 188 53 605
29 102 101 77 129 72
100 173 134 30 93 2538
127 61 45 43 107 2941
47 47 92 26 62 1362
111 136 188 184 119 402
101 81 197 108 65 311
191 142 47 98 112 2991
81 127 90 141 84 1178
45 43 139 38 97 1469
105 163 82 57 123 1030
153 83 34 135 78 2437
56 116 100 144 57 1379
195 193 124 71 76 644
103 60 48 88 90 2556
46 98 181 125 115 515
119 189 105 104 67 2317
33 73 152 197 84 132
160 118 182 52 117 1619
162 62 154 34 129 1303
32 29 92 59 80 1891
83 181 123 182 148 3277
125 127 59 140 121 1776
45 187 100 93 113 851
43 98 83 182 80 1790
84 80 147 63 87 1424
119 96 56 91 88 2003
132 90 158 148 88 342
59 60 47 136 143 1632
30 149 85 128 56 2259
108 128 127 98 84 1272
183 40 114 186 57 1258
29 59 137 36 104 3360
94 161 46 188 94 2979
138 114 156 181 110 568
100 141 112 52 50 350
95 38 151 21 52 2929
74 194 104 61 94 3067
118 70 190 55 77 698
130 171 115 47 129 1330
21 51 61 37 108 2856
68 130 137 153 125 2504
75 54 133 59 69 2883
135 93 91 70 80 1091
171 45 36 47 129 58
139 58 161 162 61 890
167 145 175 91 62 1079
24 87 134 150 136 2937
163 110 48 134 107 2648
83 76 162 175 92 2710
165 200 146 93 55 185
83 89 37 53 134 173
95 23 178 22 59 977
74 170 37 34 118 2047
131 129 103 125 150 2292
36 140 131 95 126 2676
58 26 23 75 90 1305
114 114 55 51 57 2963
135 194 35 59 132 1807
147 45 154 120 132 1405
100 95 88 118 150 2624
200 106 155 49 56 2770
105 171 193 119 77 166
81 106 87 148 64 1822
20 88 178 25 97 2572
128 81 132 123 59 1925
60 150 43 26 146 1197
187 116 157 58 121 2117
142 114 178 89 106 3167
89 67 154 100 87 1140
84 86 151 36 62 1881
47 102 163 171 114 779
75 117 50 82 64 748
137 176 112 89 120 505
79 66 114 50 52 2200
140 24 164 113 52 2575
29 136 50 116 67 661
113 72 93 166 80 3118
86 128 66 33 138 1734
