500
20 43 45 38 70 2124
49 48 32 5 100 2004
27 20 32 39 80 4919
34 15 34 37 60 4388
42 45 25 47 100 2815
39 48 44 41 80 357
6 34 13 29 90 146
29 12 24 32 100 2438
29 14 29 41 70 2327
33 14 26 44 80 1349
9 37 48 43 80 4025
50 26 21 42 90 2701
7 30 29 45 90 20
49 17 18 44 80 2430
17 26 34 13 70 4074
48 34 37 48 70 2576
17 38 39 15 60 3943
32 45 22 29 80 3539
44 41 38 30 90 3054
31 24 25 8 70 4755
36 9 8 49 80 4412
37 42 20 46 80 4111
20 29 23 35 100 2046
49 38 19 28 50 3961
41 43 6 9 70 877
35 25 9 10 60 4301
11 18 6 47 60 3019
49 30 38 18 70 969
8 26 40 5 60 4589
33 43 41 43 100 4127
44 48 31 9 90 407
42 25 15 39 60 2928
46 39 15 11 50 3056
35 21 44 16 50 2517
30 25 44 47 70 160
48 17 13 5 90 710
39 11 34 34 50 17
34 13 10 8 60 1750
22 24 39 30 90 4019
49 26 20 43 70 4547
42 13 36 41 60 4909
47 30 38 35 100 2751
49 14 39 34 70 3992
11 23 34 12 70 308
38 41 16 46 60 4664
46 28 8 27 80 3925
16 49 48 13 80 3753
30 23 49 20 90 2594
7 16 10 30 70 375
49 16 7 36 80 2754
25 35 28 37 80 1183
12 27 31 14 90 972
37 36 30 27 90 859
7 24 38 8 90 4974
38 27 21 24 70 3261
47 28 48 16 100 833
14 48 19 49 80 3581
22 23 11 20 60 861
37 17 43 49 80 325
26 40 38 46 50 1601
26 48 39 18 50 1457
18 33 36 6 100 3316
44 15 33 28 80 4161
13 10 47 49 50 4964
11 29 41 8 70 4696
12 25 40 15 90 1786
37 50 11 27 70 1710
36 41 13 23 80 1774
22 7 34 27 90 544
28 37 8 32 50 3717
40 42 23 39 70 3007
15 9 21 29 50 2177
22 5 35 33 60 4950
27 29 31 5 70 4562
20 39 29 26 100 1036
5 48 32 44 50 3220
25 44 50 32 90 2716
31 22 47 29 80 1696
23 6 24 38 100 1086
50 16 8 9 70 871
24 14 42 20 70 120
31 30 32 35 70 3023
22 26 18 34 100 3459
25 34 9 13 70 4225
16 5 50 28 80 4689
41 12 22 13 80 3228
39 41 29 37 100 2446
29 40 20 15 90 386
35 7 16 40 50 375
34 33 35 23 80 3965
48 40 21 10 60 3587
21 22 50 9 90 3712
37 12 26 12 80 1945
44 12 46 44 50 2694
21 7 23 33 70 828
43 50 29 34 100 1924
9 14 47 25 100 4522
46 23 28 44 100 618
16 48 24 28 100 632
21 27 45 30 80 1893
21 45 26 39 90 3129
29 20 31 18 80 3246
40 45 24 10 70 2577
47 38 10 43 100 1737
16 6 21 30 70 1079
17 8 30 23 80 3460
27 41 33 34 90 1881
21 18 41 34 50 4306
37 11 41 46 70 727
10 30 26 16 80 1794
32 13 38 43 60 4084
5 49 48 30 100 4529
49 28 7 33 100 1805
21 45 47 25 80 669
32 23 36 32 90 468
21 8 26 18 60 2866
8 39 23 28 90 1553
8 22 12 40 100 3050
42 31 22 25 70 4246
23 24 35 38 70 2752
10 22 47 30 100 2874
43 26 32 50 90 3123
13 28 41 16 90 1695
29 9 37 50 70 4395
23 32 43 45 100 4844
19 25 14 44 70 851
23 43 15 41 80 325
20 14 18 48 60 3232
48 33 49 18 80 3442
20 34 27 8 100 2819
17 40 42 37 100 1184
43 32 10 37 60 3725
17 44 27 17 60 4385
32 8 8 24 100 2603
18 30 30 16 90 3770
37 21 18 47 90 571
48 18 33 27 60 4170
35 5 41 38 50 1808
34 36 38 43 70 690
15 11 48 40 100 2642
41 33 42 48 80 1392
41 32 11 45 70 1293
23 22 41 5 60 4159
13 10 16 47 80 2570
22 17 41 20 100 26
50 30 21 22 60 443
38 12 14 35 100 233
44 41 6 8 70 3959
37 22 47 23 60 2252
28 31 21 6 100 2790
25 16 9 15 50 3465
46 38 25 6 90 584
49 32 14 35 50 3251
47 7 49 14 60 301
13 19 50 8 90 4012
43 26 31 32 50 2376
20 50 19 26 70 4920
26 33 38 22 100 1309
39 49 8 7 80 1548
34 13 30 27 70 1564
37 36 9 37 50 51
30 22 13 41 50 2536
46 8 5 8 70 16
40 37 36 15 100 3766
33 8 31 42 80 2570
35 14 39 18 90 3412
19 45 20 40 60 1769
21 43 13 41 60 1941
50 37 18 48 50 1092
19 33 18 29 80 3356
28 16 40 26 80 3072
10 28 9 22 80 2393
39 7 27 45 70 1018
34 26 9 45 90 913
37 11 40 33 100 2316
29 21 20 6 60 4937
8 14 23 16 60 4222
37 13 40 8 60 108
11 31 39 50 70 3541
32 6 46 13 90 1458
19 7 37 40 50 22
14 48 32 30 60 3541
46 45 39 38 70 2567
11 18 27 39 80 4015
11 47 17 26 100 4944
49 32 37 33 80 2296
12 13 34 29 90 250
7 17 32 26 60 553
48 21 12 22 70 404
40 38 37 29 80 3448
36 28 35 9 90 473
48 33 28 44 100 2099
31 42 18 19 70 1435
46 13 50 39 100 1773
44 36 13 41 80 1192
37 21 18 34 80 1753
38 42 39 47 50 940
8 22 45 9 60 2965
11 21 50 16 60 1895
9 39 25 8 60 2148
35 22 50 34 60 1145
41 48 15 31 90 1582
33 48 36 23 70 3707
23 46 35 44 70 812
11 36 42 38 50 2943
23 9 20 10 90 4803
15 25 23 23 60 2984
17 18 19 10 50 1613
31 33 9 46 50 1699
46 36 15 29 50 4174
34 12 33 26 90 2356
26 9 10 12 100 351
14 36 11 27 90 2112
14 15 29 26 90 3310
47 10 9 6 70 3751
32 44 17 26 100 294
31 26 19 33 100 445
35 43 45 48 80 3209
14 28 36 25 100 2403
7 32 5 23 60 3568
47 8 32 38 60 1365
9 14 13 29 60 4263
7 45 8 37 100 2883
26 22 9 18 50 2303
40 21 28 37 90 2626
11 13 42 28 70 728
40 36 31 5 60 3329
6 46 37 19 90 784
22 5 7 41 90 3593
43 22 44 24 80 3882
50 15 5 30 90 2560
12 24 5 13 60 4995
41 30 6 26 50 3224
11 45 37 20 60 3786
33 38 42 6 50 4547
8 35 6 20 50 1583
8 10 17 40 80 684
33 30 24 23 60 1717
20 39 22 42 90 4011
20 34 5 28 50 3312
27 39 28 40 90 3529
26 31 18 8 50 3283
5 47 30 37 100 2548
34 27 12 26 100 4258
29 35 16 9 60 245
29 42 9 11 70 2246
25 33 25 35 80 2864
32 20 47 39 70 3517
14 8 30 25 100 860
44 6 16 40 60 2435
40 24 35 31 50 3408
11 12 38 32 70 3544
13 35 21 22 90 364
39 47 13 13 100 4958
26 46 20 42 50 1097
40 25 44 48 60 3995
7 31 48 36 80 3943
5 14 9 26 80 3173
42 35 10 7 50 3456
49 36 27 40 50 2494
8 43 36 45 80 68
5 23 15 21 50 1634
44 44 24 47 90 4560
16 38 41 16 80 1026
39 42 13 30 50 32
29 49 20 36 50 4375
28 21 48 21 50 4557
40 10 35 50 50 3265
9 34 30 39 90 798
40 38 14 33 50 3595
18 29 10 12 100 2364
12 34 19 25 90 1536
31 32 38 32 100 2014
40 17 44 36 100 3826
42 33 30 42 100 960
39 12 35 50 80 2057
31 48 32 46 80 957
19 6 21 12 100 3852
21 15 37 7 80 4101
29 50 47 43 90 2775
6 6 35 17 90 1983
14 28 46 13 100 3140
47 40 41 49 80 3577
27 40 42 36 50 1587
34 27 40 13 80 110
10 49 36 42 70 723
16 19 50 34 80 3536
9 40 28 7 60 80
25 50 17 24 70 2375
44 13 25 36 80 2566
36 37 42 29 60 1405
30 29 14 33 90 4911
6 13 8 15 100 2785
11 27 26 43 50 4139
19 5 12 14 70 4212
29 24 35 13 80 2352
33 7 46 10 100 1475
20 21 27 16 50 4625
16 18 20 38 60 4749
9 41 48 11 80 4235
34 18 9 15 70 2828
40 26 44 7 90 2498
21 17 30 43 60 3059
12 23 35 11 90 1609
34 5 36 6 60 674
17 28 5 41 60 2647
48 49 27 43 90 3637
22 40 24 30 80 2332
10 21 28 6 70 4136
35 31 26 43 70 349
39 39 32 6 90 4004
5 43 35 23 90 1829
29 49 37 32 60 2733
37 12 7 50 80 4078
28 42 48 25 100 3583
21 28 45 49 100 2004
14 35 31 33 90 864
9 27 48 47 60 4976
49 19 34 29 60 1553
32 5 9 14 90 4211
49 39 12 12 80 4302
45 35 14 38 50 4529
34 45 11 6 70 1857
8 34 18 30 90 3562
40 19 5 28 70 4550
30 40 8 10 90 1836
24 5 27 37 100 3094
16 46 19 42 90 2256
32 13 42 27 50 589
46 29 14 18 100 2113
26 50 12 45 90 2168
36 27 30 47 50 4746
27 9 6 41 70 52
42 39 37 14 60 4435
34 47 9 37 80 182
40 32 37 39 90 3575
34 7 36 22 50 4618
40 7 13 34 60 1188
27 17 49 9 50 3509
41 24 41 14 80 1031
37 25 44 30 100 91
18 13 37 38 50 3354
23 30 31 15 50 2834
39 30 48 40 70 4692
14 37 28 30 60 1202
47 34 6 16 80 4740
46 24 6 21 60 1181
27 21 29 10 50 651
14 42 43 12 80 2714
19 41 39 43 90 2629
14 17 10 19 100 2262
44 41 17 17 70 144
5 31 21 49 90 2621
12 41 11 46 80 575
24 36 18 5 60 2535
46 41 39 34 100 616
43 22 19 13 100 4021
14 39 25 25 100 2731
47 20 22 6 60 2804
17 40 10 38 50 2550
18 37 20 48 50 4620
8 19 42 10 90 3164
17 5 25 18 80 3548
15 37 32 41 50 4688
49 29 44 13 100 4666
5 20 27 27 90 4839
21 32 41 10 60 4148
7 18 18 44 80 4794
46 22 42 47 50 3939
44 42 6 46 70 1273
14 16 17 19 100 2457
33 9 33 42 90 505
40 18 18 21 90 2010
17 23 48 19 70 4710
25 12 31 24 100 2776
47 50 37 47 90 3847
10 39 11 50 70 916
32 20 30 26 60 3665
45 17 50 30 90 494
14 19 43 37 70 1037
29 14 47 30 60 3159
7 21 29 15 50 761
11 32 23 11 50 316
38 49 42 21 70 2980
49 36 48 41 60 3819
14 29 7 10 80 3637
39 16 29 9 100 1138
20 44 44 22 70 2127
26 40 33 8 60 1218
13 50 33 40 50 2529
5 8 23 15 50 4777
47 43 24 29 100 1847
10 14 16 28 80 3650
13 37 32 18 50 3091
40 39 15 48 70 3189
23 33 25 41 100 1945
22 28 34 17 100 1550
27 5 27 48 70 1801
43 8 5 35 50 2158
38 45 15 36 60 3149
43 26 12 39 50 4619
14 38 40 8 90 1368
23 17 42 6 60 616
10 21 6 19 90 595
25 22 18 41 100 3085
27 15 22 13 60 1347
21 17 22 29 100 397
45 14 20 14 70 3432
40 46 25 37 80 184
24 23 26 29 80 1565
38 34 43 14 50 4026
17 42 41 41 50 4363
30 49 48 40 50 191
11 47 31 19 60 4168
11 39 20 18 60 3926
7 6 41 12 50 1308
11 11 21 31 80 2340
30 7 31 20 60 4906
26 46 42 39 60 3022
45 44 12 6 70 4081
18 16 21 28 80 2571
40 38 43 26 100 1715
6 23 49 10 100 4574
28 22 36 15 80 2783
47 25 12 17 70 4448
47 29 40 8 80 424
7 38 36 22 80 24
43 15 8 22 80 806
47 40 9 14 80 1107
13 9 10 17 80 2281
25 14 40 25 90 1991
17 48 6 15 100 2041
38 32 50 24 80 276
42 38 8 39 80 61
12 29 27 45 60 3414
43 24 25 38 100 240
38 29 9 45 100 269
35 37 32 40 60 3659
49 6 27 20 80 1186
26 7 40 20 50 2921
48 41 32 27 80 4429
23 14 6 6 50 619
15 38 43 10 70 4679
14 25 20 18 60 1763
33 7 9 46 60 2271
47 10 26 15 50 759
42 20 34 6 80 3503
12 41 44 47 100 3146
33 37 15 9 80 1451
30 25 39 38 70 2402
12 23 36 39 80 4284
48 49 5 46 70 4315
21 9 48 35 70 2541
31 11 18 39 90 1165
22 23 6 45 90 935
39 14 29 29 50 444
32 11 18 46 80 3099
37 24 16 43 60 1615
14 8 6 6 50 3018
13 27 43 45 50 4894
28 40 36 47 60 1366
48 20 34 31 100 2728
46 33 42 31 80 222
16 12 33 48 90 4613
8 18 16 28 70 3160
20 7 48 45 100 4783
41 48 39 36 100 421
47 37 38 16 80 1490
38 38 50 9 90 3472
40 27 27 34 80 584
25 27 25 13 70 4550
21 24 6 30 90 2433
15 21 46 25 80 357
20 21 43 20 80 2877
19 25 32 11 60 3720
48 32 31 10 60 1845
18 31 45 8 80 1560
31 30 7 37 80 3827
36 6 18 12 90 2310
21 6 25 48 90 1203
12 45 38 37 80 3310
24 10 6 43 60 3289
30 35 12 18 80 4485
9 44 24 20 100 793
35 21 41 18 90 4382
38 17 5 29 90 2810
26 37 5 23 60 3373
48 20 40 44 80 4825
34 38 50 10 90 1669
26 43 9 26 80 1644
11 37 35 36 80 4180
40 17 29 18 60 4490
16 35 34 46 50 4238
14 9 24 13 70 3031
10 38 38 10 50 2095
49 31 5 22 80 4101
20 7 9 46 70 3215
36 8 33 11 70 4224
46 6 8 44 100 3918
7 35 15 19 70 3124
