450
24 31 25 25 8 6574
60 42 40 60 10 4987
42 39 29 26 3 481
34 26 28 28 6 5674
90 82 63 53 9 1972
29 26 28 44 2 212
34 56 47 48 3 7906
28 38 27 33 6 5443
21 15 18 17 2 7828
93 94 96 73 5 6769
86 100 85 100 10 6680
28 19 21 19 1 5184
10 10 14 13 10 2747
97 75 96 100 8 811
44 44 39 45 4 6271
63 70 65 63 3 6305
19 19 23 21 7 4136
28 34 33 30 6 7905
85 77 87 89 3 7391
31 31 32 30 9 1343
56 57 48 51 3 889
12 10 10 11 7 2222
69 68 94 84 1 5335
100 77 99 97 6 6088
78 95 76 81 5 3552
37 34 44 42 8 3470
39 52 42 45 6 993
53 72 57 79 3 472
15 10 14 12 8 2795
21 31 22 22 6 3493
53 39 52 58 9 6669
87 97 91 71 5 3040
26 41 26 26 3 2536
15 13 19 23 6 5364
27 31 22 18 10 1498
82 59 87 72 3 5576
58 47 65 44 9 6784
42 29 29 52 1 4452
66 80 79 52 4 7409
10 10 10 10 4 7389
16 23 21 23 4 670
25 22 15 22 8 3830
83 66 81 100 9 1716
70 73 99 74 5 6317
57 50 38 62 2 1356
79 98 79 95 9 5721
11 13 10 14 10 966
68 91 64 65 8 5511
83 58 55 66 3 3150
83 92 89 100 8 6305
84 100 69 80 10 1563
12 13 10 10 4 7226
63 82 89 59 8 2935
31 49 49 28 2 5123
68 100 64 95 9 7733
33 35 37 26 3 8151
80 59 54 67 8 1881
92 100 100 84 2 7986
100 100 100 82 8 4987
55 50 55 74 4 2518
15 15 17 22 4 5613
10 13 11 13 7 1890
67 60 65 92 9 3984
31 33 28 25 2 1915
14 10 12 14 3 1214
29 42 32 42 9 6991
31 27 30 25 7 6815
42 59 43 51 7 7689
46 35 27 34 10 7983
90 69 76 69 9 3093
74 68 89 75 6 492
72 45 72 69 2 716
89 72 77 65 7 6455
28 39 37 29 2 5026
100 100 81 89 3 7272
69 95 95 74 8 3476
94 93 100 90 4 985
20 16 19 25 7 4182
41 43 51 41 10 6742
65 51 83 53 2 334
10 10 13 13 9 7952
80 100 100 70 2 6383
100 63 73 86 8 5862
90 57 58 83 2 3253
15 19 16 20 1 824
11 14 10 16 7 4683
27 20 26 28 10 1563
36 47 52 33 4 5731
22 26 21 17 4 3091
68 86 90 71 10 3314
41 45 27 33 1 5087
42 36 31 39 6 6204
55 81 59 54 2 4264
56 48 58 54 10 935
28 35 38 34 1 1997
74 91 66 100 8 712
36 33 31 24 7 3841
15 11 11 12 8 7389
20 33 24 30 4 5387
53 35 36 34 9 3641
66 93 61 85 2 2990
98 100 81 83 8 910
97 70 79 77 1 2736
83 63 67 63 9 412
48 45 53 44 9 4077
55 51 37 31 10 1791
78 57 90 98 10 7267
50 80 70 59 4 6746
60 62 61 70 7 7330
53 42 49 62 2 1606
16 19 15 22 5 6705
22 22 24 28 7 3075
25 41 44 28 5 4197
58 95 59 63 1 1139
38 29 38 36 9 3842
100 100 100 100 3 4094
65 85 55 76 7 3250
42 44 41 46 5 7841
74 74 87 63 8 7357
70 55 87 64 6 1004
56 45 44 60 10 1901
99 95 100 94 10 6306
86 65 83 86 8 4331
59 60 45 38 9 4638
92 100 79 93 5 5235
37 42 35 24 6 7937
99 78 100 87 7 6699
10 15 14 10 7 4813
39 51 45 40 10 423
75 100 86 84 2 5033
72 48 70 71 2 7125
33 44 27 30 9 6164
20 12 13 17 8 4840
39 48 38 38 9 7437
19 22 14 20 3 3983
57 74 63 80 6 6005
98 70 78 94 2 1274
52 67 52 55 3 148
66 64 82 75 9 6635
42 48 43 50 6 1151
62 67 40 51 9 6486
53 60 65 55 7 3521
100 79 72 97 7 6589
71 52 54 64 8 4417
62 48 62 79 1 733
100 99 91 89 10 3724
26 25 27 28 10 4749
49 52 51 51 1 5620
100 70 71 100 4 2189
96 84 100 76 3 211
78 88 100 94 10 4955
90 98 60 100 8 5069
95 63 89 64 9 360
42 36 45 43 6 758
25 23 25 26 2 599
59 54 70 59 3 6956
49 43 67 46 6 5479
38 36 30 47 2 4333
93 100 95 85 9 688
33 30 34 25 2 6910
22 24 19 25 7 3391
67 59 50 73 1 1301
55 53 49 65 7 3329
66 79 62 84 3 3403
15 19 21 16 2 4853
10 12 12 10 8 5128
60 90 74 86 1 7949
82 67 82 67 8 7315
80 89 88 71 2 7814
100 71 100 100 1 3271
59 85 59 58 6 3875
47 44 29 48 4 7886
89 65 67 90 8 7805
55 66 64 41 10 1387
84 84 56 70 5 7135
90 74 84 82 3 1518
33 50 38 51 10 2838
66 67 78 71 7 4810
38 48 66 47 4 7081
56 45 49 33 4 6171
10 10 10 10 9 7541
67 64 44 40 9 3879
21 12 13 18 8 7547
72 72 63 62 4 541
88 100 86 100 3 3908
47 36 38 39 1 5476
85 58 63 57 7 3493
47 32 27 32 2 3541
11 13 10 11 10 888
25 19 21 15 6 7019
55 61 79 55 7 1810
58 67 56 60 2 1312
74 70 91 100 7 5037
77 83 100 79 1 4257
85 100 88 96 4 2966
71 64 70 62 1 2735
10 13 12 10 8 4480
100 70 100 100 2 7028
73 73 72 50 7 4521
64 100 72 80 2 445
19 19 14 23 8 7095
11 12 10 10 4 5740
28 40 37 37 8 5405
100 78 80 100 1 3311
12 13 20 17 9 7972
20 16 12 13 2 4915
10 14 12 15 6 57
62 62 57 65 8 7234
58 69 70 56 10 871
11 18 13 19 8 1602
12 16 20 19 6 6626
99 98 75 84 2 2919
71 82 78 55 1 4978
75 44 53 62 1 3896
12 11 13 12 8 7620
100 78 80 72 4 3697
40 45 55 40 10 7791
68 62 45 59 3 7119
55 45 35 45 10 1724
52 50 38 35 8 843
61 50 48 77 7 4192
10 11 11 12 3 6199
100 100 78 100 6 4435
32 27 24 26 7 5215
34 37 39 24 2 7470
50 71 51 53 6 886
100 100 100 100 6 4094
70 96 60 62 7 3203
96 100 70 100 2 5596
13 11 12 11 5 1087
97 70 100 99 1 843
100 79 61 83 6 4493
41 30 43 40 5 1826
21 13 14 16 8 2923
66 76 75 68 7 5695
21 21 19 15 2 6912
67 43 42 60 5 3911
100 87 93 98 3 1768
24 26 34 23 4 1843
45 37 29 25 1 6901
53 44 66 59 7 5818
60 74 66 75 3 2068
60 67 48 85 8 6489
49 53 46 40 2 3140
88 65 61 100 4 1278
40 49 43 43 6 174
18 11 12 10 8 1906
44 42 52 35 8 2449
18 13 12 18 8 5151
59 78 69 91 6 267
23 20 19 30 3 1050
33 30 30 29 10 5344
54 63 38 47 6 5727
71 85 79 53 8 6725
81 95 80 78 10 5612
25 22 17 25 1 4250
79 64 100 74 2 4997
45 48 48 68 9 3430
52 72 73 91 10 2731
71 100 89 69 1 5632
77 86 68 77 5 597
39 48 41 37 10 3017
61 71 76 73 10 4272
42 46 42 56 4 1648
50 47 51 54 6 5377
71 87 88 53 4 5119
58 73 84 84 3 3482
68 53 86 84 8 3110
100 69 87 72 9 1222
55 48 31 48 4 3282
92 100 99 100 7 6120
79 81 57 73 3 7552
10 19 18 17 2 6424
18 18 20 19 10 3238
47 31 43 46 4 7919
43 42 31 26 1 2529
75 75 72 51 2 7806
57 77 84 67 9 1350
26 15 25 20 8 1920
51 57 44 45 3 371
59 87 69 67 3 499
85 95 97 95 1 3426
97 100 100 88 8 6140
45 31 32 31 10 3530
89 100 100 100 3 244
33 28 25 19 1 5260
78 52 63 75 1 7934
27 25 29 23 7 2352
56 94 72 97 1 1935
70 73 93 100 3 656
41 28 28 44 4 3583
18 24 27 24 9 3698
100 100 85 84 5 1612
100 68 100 68 6 2541
42 63 48 69 4 4122
22 18 25 20 10 3510
37 32 26 31 10 7760
96 73 100 71 10 3367
51 43 49 49 3 1277
70 100 100 94 1 3287
73 97 100 79 9 7211
61 69 55 74 6 471
50 59 54 43 3 4334
19 23 20 19 3 2896
26 31 34 34 4 7906
60 64 60 40 5 446
85 88 99 69 10 6474
47 40 53 65 6 2560
54 59 50 42 4 1361
17 19 26 24 6 6273
77 89 100 89 1 4003
76 100 80 70 5 157
60 46 35 46 3 5193
50 67 72 74 10 1793
53 59 58 84 2 2478
27 26 29 46 1 5906
21 19 21 16 7 7835
20 24 21 17 10 790
67 100 73 99 6 2704
10 10 12 10 9 7583
100 69 100 100 3 1101
56 47 67 42 4 5316
100 82 93 86 5 3590
97 100 100 93 1 7176
35 37 35 32 9 424
37 26 34 28 3 6200
93 72 100 100 2 2269
85 81 89 77 1 2201
46 50 64 46 4 2213
65 65 40 47 6 5848
52 47 62 75 7 6170
34 36 30 51 8 3636
66 43 55 68 5 1393
45 39 51 52 7 6656
35 29 34 23 2 2763
78 54 62 92 2 1390
98 97 100 76 10 8111
48 51 46 44 7 7629
88 100 100 92 4 8112
32 28 36 21 5 4147
93 64 100 100 1 7679
100 100 96 64 10 6616
60 56 73 62 5 7280
36 49 58 53 8 2158
96 74 80 72 4 3659
15 18 14 22 6 3224
56 67 75 62 3 2307
96 92 100 100 9 2168
24 17 15 23 4 6777
13 11 12 10 9 5336
95 74 100 70 7 427
41 50 49 50 7 6116
38 44 29 42 8 4680
47 55 53 58 2 4115
71 76 85 100 7 1872
48 62 56 69 6 8081
46 56 52 73 4 863
66 56 44 52 7 3572
78 47 59 65 2 7728
55 78 82 52 5 5017
33 32 32 21 1 5216
100 100 89 87 1 4371
23 35 25 22 5 6015
72 58 60 53 9 8080
68 59 70 75 1 7322
80 68 82 53 6 216
25 20 21 27 3 3808
100 100 74 93 7 4139
100 71 100 100 5 436
65 66 73 51 6 6161
63 72 75 100 3 6307
52 61 57 59 8 1863
27 26 23 39 6 170
35 47 41 35 7 3866
84 61 65 82 1 916
34 24 21 32 7 3754
81 67 55 55 3 1023
31 40 25 35 8 7020
10 10 10 10 7 3578
47 47 43 55 9 2006
71 86 94 100 3 2046
11 14 10 11 6 8002
27 30 31 25 4 3343
35 61 54 37 2 3045
48 50 54 73 9 1441
80 99 100 97 3 6310
73 49 56 45 5 2269
38 27 37 41 1 7695
10 13 11 13 4 1311
10 11 10 11 3 1552
43 32 28 28 10 5932
53 48 61 43 1 6742
74 55 58 69 10 3857
44 43 45 44 5 2702
18 20 27 27 1 6853
63 84 94 57 2 4106
90 99 100 69 10 6773
93 100 100 100 5 6216
71 79 48 70 8 3440
24 39 26 29 1 7172
48 58 62 59 4 715
98 66 59 90 7 7215
82 100 63 95 4 2381
51 47 79 59 4 2855
61 51 56 55 6 6429
63 72 67 69 2 2614
67 99 90 63 2 1192
52 60 55 45 5 6452
53 69 61 63 3 6608
34 28 34 25 8 3103
48 35 40 57 10 6698
30 28 25 25 4 4658
70 76 81 81 10 4105
71 71 80 65 9 7131
48 41 40 50 3 727
42 45 44 47 4 806
96 100 76 100 1 7970
33 26 46 44 5 109
12 14 11 18 6 1903
74 63 69 73 5 3535
32 31 34 31 2 1822
100 100 100 100 8 6370
58 39 42 44 5 5244
50 82 53 72 9 5506
81 59 93 66 7 3018
70 68 99 75 10 2314
100 91 69 100 8 6094
51 46 45 31 1 6023
65 45 62 61 1 7382
37 21 37 22 4 3288
84 100 100 100 9 1244
69 45 75 64 10 2400
33 53 45 45 7 2120
19 25 22 14 10 4569
98 92 81 75 9 6690
60 63 67 54 9 4164
62 49 55 48 8 8021
18 26 26 22 6 4905
70 62 90 60 8 2278
20 22 22 30 8 3922
55 65 69 69 3 6652
69 50 59 67 7 2739
94 79 96 70 4 7002
53 51 70 65 2 2445
69 98 97 99 9 7268
60 79 79 73 10 3113
62 41 43 63 4 6455
32 27 26 31 4 7672
100 100 67 100 9 6882
53 58 39 63 6 4690
