300
23 36 99 53 5 3529
56 81 78 98 3 123
68 76 10 87 29 2316
43 40 69 36 42 3257
63 53 30 87 7 2473
71 59 56 55 13 2445
87 19 64 91 23 2761
75 50 29 88 20 2218
26 19 89 7 30 1530
83 95 30 1 8 4666
77 96 49 34 10 3292
9 80 16 64 15 3803
20 18 17 33 19 1778
73 10 82 53 30 3457
1 85 5 6 27 606
20 35 76 17 20 4382
51 8 25 91 35 3005
90 87 30 15 46 3963
60 38 69 57 20 1545
22 32 84 20 30 3193
29 48 67 64 44 3641
40 92 62 71 1 2366
78 76 66 47 4 1235
98 80 4 10 37 1319
35 89 49 26 13 3633
74 59 54 88 20 799
42 45 57 80 37 2896
55 91 89 74 48 346
87 38 1 27 32 1551
87 68 54 10 45 3816
22 80 10 75 8 3324
1 58 35 20 38 4284
37 33 84 66 18 4590
66 85 88 46 22 1293
48 81 26 47 1 4240
43 28 49 70 25 1456
8 18 61 12 16 157
62 25 37 42 50 3946
34 11 28 15 14 655
30 13 73 49 27 4608
44 64 26 51 38 3684
35 76 49 55 41 3784
26 57 88 45 25 1843
77 66 69 56 5 2042
13 41 76 17 41 3324
65 92 14 71 34 1437
6 42 99 60 30 3822
82 62 63 84 49 2815
96 26 6 12 13 3358
30 41 15 28 1 1158
12 79 76 64 28 3799
5 52 15 41 12 2452
77 10 65 28 39 2705
30 75 74 26 44 1508
39 24 88 17 3 2178
42 59 50 11 14 483
82 77 35 32 26 4267
93 42 44 49 15 4005
48 3 8 38 48 3883
49 85 54 52 29 3368
92 37 88 67 31 2648
40 56 13 16 9 1940
76 32 81 31 5 1955
71 6 29 11 24 2268
100 11 21 53 39 1888
5 57 30 62 0 3921
10 52 16 87 42 4495
20 86 73 17 37 4671
9 59 70 93 4 1556
97 2 41 57 39 2729
89 79 43 30 43 2173
37 10 49 10 27 209
14 76 72 46 1 2882
75 33 42 62 16 2805
75 7 80 52 25 3987
98 89 85 2 39 615
100 13 67 80 2 4420
81 81 80 21 14 426
20 84 25 91 29 3590
84 97 65 83 47 4407
20 21 87 58 37 1960
78 82 14 95 7 2909
55 39 55 76 12 2944
100 85 16 34 7 4181
94 51 25 90 42 3529
42 7 25 53 20 2766
92 14 46 71 50 4161
54 24 68 15 50 4596
88 48 5 56 40 1752
64 9 22 75 35 3684
71 57 4 36 35 4111
10 63 95 24 13 1823
87 78 75 79 3 848
88 50 63 99 5 1449
46 23 42 95 1 878
48 69 82 60 31 3699
59 12 24 81 21 2451
20 90 80 10 22 3818
27 60 82 20 48 2680
44 10 74 62 5 2895
91 49 46 97 47 2153
46 52 60 78 45 1604
4 24 24 72 2 3740
1 13 58 36 23 1410
33 38 42 22 35 3546
83 60 77 20 43 2705
77 52 95 81 10 900
14 10 48 16 4 3427
11 57 12 17 3 719
60 41 51 65 2 2477
59 62 76 28 40 4446
33 10 98 54 33 2448
17 35 96 41 14 2198
34 5 90 1 47 148
93 68 7 9 46 4247
84 8 3 92 15 2171
33 8 19 91 2 3566
14 78 41 86 40 3157
53 11 3 22 43 2645
82 82 57 17 2 2780
32 96 72 46 41 3656
14 13 57 51 3 1763
55 29 79 5 19 3200
69 81 22 57 13 995
63 5 39 97 36 542
57 69 60 58 47 172
87 3 7 99 25 1319
98 29 64 99 11 2825
57 56 96 93 8 760
92 27 67 94 24 317
11 75 31 40 10 3059
63 78 46 71 7 2377
34 15 75 24 34 3097
89 76 53 70 12 3220
67 84 56 31 29 3807
86 60 69 57 46 3017
4 46 43 43 50 2389
52 71 55 94 21 4492
55 50 89 8 11 2068
42 20 61 86 19 4709
90 96 16 33 13 3550
20 51 60 99 16 2104
63 83 5 60 14 409
12 29 77 83 40 3465
38 44 5 3 41 3926
37 30 87 19 31 4792
31 100 14 7 0 4756
33 1 32 58 42 1984
75 100 83 54 21 3384
5 99 32 33 28 3194
82 13 56 99 40 4312
52 83 11 88 1 2434
20 67 3 100 43 3324
95 71 21 93 35 4185
12 36 10 62 49 2097
11 83 42 28 42 1000
39 86 46 6 18 2363
45 88 74 48 22 3415
47 78 93 74 48 281
65 45 24 99 48 3625
7 27 67 34 22 4331
58 21 2 78 49 169
68 78 67 93 15 630
73 10 62 79 39 2990
7 3 71 74 20 877
13 85 31 94 46 740
40 58 87 65 45 2736
93 87 76 90 31 4013
94 60 81 2 6 4349
19 16 39 77 46 2212
37 81 85 64 3 3541
85 32 37 46 32 323
72 81 60 93 13 4172
78 90 5 59 4 3456
6 13 60 73 17 222
1 50 18 20 46 650
98 84 27 42 5 2272
18 6 79 48 7 2064
8 84 62 18 46 3625
43 70 95 83 8 960
43 97 27 90 0 2138
56 73 67 39 38 3604
79 61 42 96 36 4002
14 43 38 87 45 3275
56 40 98 90 32 2404
98 33 38 48 4 1060
82 19 29 21 40 336
92 28 100 95 43 2468
78 33 21 21 34 1064
12 94 33 87 26 3987
7 60 55 75 35 1750
27 40 37 20 23 3125
11 64 80 6 24 142
74 81 59 3 18 1324
32 17 73 41 32 1481
43 6 43 83 3 3328
79 11 62 14 33 1239
97 6 83 82 46 2598
99 50 98 72 10 2022
53 35 1 10 28 341
80 51 56 43 12 4584
29 98 47 10 29 1468
81 54 33 21 29 1072
31 12 43 35 49 1517
45 42 42 34 2 3563
25 80 89 97 34 1563
12 63 51 38 44 3847
75 20 82 76 6 909
47 88 60 7 19 3476
42 30 36 78 32 740
72 42 51 96 4 4775
92 44 8 76 8 3200
55 35 3 69 13 748
55 77 67 36 34 4711
99 6 44 86 47 4429
51 25 65 1 25 4169
12 2 85 43 37 2499
87 11 35 82 46 2699
83 6 50 98 7 2363
16 23 60 34 3 3218
5 65 19 75 14 4262
4 15 18 89 42 1967
35 65 52 14 6 4050
93 56 32 52 32 1533
1 75 50 63 12 3224
39 50 54 79 35 682
94 98 31 14 8 1997
61 50 87 50 50 1452
66 33 29 44 9 3740
86 21 19 70 48 3885
87 2 45 35 34 2864
84 99 23 42 30 4525
64 41 30 20 47 408
23 66 44 53 36 4770
96 93 48 15 10 332
69 99 79 30 25 4169
24 74 10 1 32 2268
12 77 14 60 19 2561
63 71 42 59 44 3706
7 64 49 94 2 980
58 25 50 84 32 3635
92 37 31 56 29 622
50 10 44 51 18 3480
78 72 15 89 31 3325
28 44 87 97 4 461
57 22 11 54 40 3530
75 27 66 97 50 4084
94 19 19 79 1 4430
15 48 33 76 12 923
21 94 88 31 6 4796
34 22 49 99 32 4769
48 5 66 22 34 1705
71 21 70 89 25 1242
73 57 61 64 10 3584
97 79 89 36 35 1944
80 64 81 63 18 2106
92 17 56 35 15 1775
5 82 30 16 2 3823
51 9 1 20 38 580
7 70 77 17 49 3557
96 24 58 9 4 729
5 44 28 61 2 4752
20 19 9 16 39 1218
59 39 37 2 26 3901
78 68 58 31 23 2670
96 91 81 46 8 3046
46 72 37 72 0 4117
55 41 77 76 9 2356
6 52 77 53 6 3319
58 11 48 93 5 3399
46 7 14 80 44 924
51 19 98 26 34 2384
60 62 16 65 34 1220
62 93 43 11 39 426
94 73 2 40 47 788
40 5 93 92 22 2622
17 25 56 88 44 4600
21 87 9 11 11 2428
89 49 45 21 22 1528
1 4 53 37 40 4664
48 58 59 73 21 4370
19 74 98 84 29 1827
29 21 53 58 44 282
20 79 93 96 44 1540
56 33 2 38 38 4017
49 45 10 65 44 2533
17 65 84 96 9 2802
16 77 1 100 41 4481
51 42 77 87 12 415
4 99 46 1 18 1818
39 71 45 99 11 2301
98 60 20 53 15 4204
8 33 25 34 42 2584
25 78 11 80 37 2592
16 37 83 76 22 126
52 15 80 61 40 4268
87 86 19 63 33 4121
21 1 36 48 1 757
26 23 26 45 4 4061
100 40 27 48 8 3577
