100
8 7 13 19 10 940
17 5 2 3 9 77
13 17 3 9 8 689
23 9 12 10 3 332
17 2 14 4 9 288
12 12 14 17 2 354
3 19 25 15 2 874
15 18 7 12 9 511
9 24 15 24 6 493
17 13 7 13 5 863
11 9 25 20 10 396
16 12 24 5 4 269
7 8 13 4 9 655
10 22 3 20 7 680
3 5 12 7 3 342
5 23 23 24 9 25
23 8 19 10 5 541
21 25 23 14 7 674
24 10 9 3 9 645
25 7 19 17 6 756
10 25 16 22 1 425
2 7 9 12 5 256
14 23 6 7 4 148
14 25 11 7 6 194
20 11 12 19 7 131
14 8 15 21 3 805
2 8 13 9 6 468
3 17 4 12 1 396
2 4 11 2 7 707
6 15 13 10 5 374
12 8 25 21 5 70
13 25 21 7 9 755
19 5 6 5 3 204
3 20 8 24 4 368
21 3 7 10 4 223
20 19 15 21 8 692
24 17 4 24 10 712
23 9 20 14 7 553
14 24 25 9 2 496
8 22 23 24 8 382
21 15 2 16 9 63
5 18 14 18 7 846
11 7 18 14 1 904
5 3 16 24 5 491
11 10 3 25 7 209
6 4 22 10 6 430
5 23 22 9 9 382
14 4 18 6 10 632
7 18 20 25 10 12
23 24 22 15 6 31
21 14 5 11 8 823
23 16 20 18 5 901
10 6 25 22 6 793
15 5 5 19 2 885
17 12 3 8 1 159
3 5 16 12 6 962
13 18 21 18 5 636
11 4 9 18 9 135
6 11 12 19 7 728
7 12 20 19 9 631
21 24 8 4 1 117
25 23 16 4 6 737
10 17 20 19 7 573
10 15 4 18 6 653
13 11 12 17 1 955
13 13 17 20 4 637
7 24 21 3 4 759
19 10 23 13 6 845
17 21 24 13 8 491
7 11 21 14 6 441
6 18 12 24 1 140
12 15 13 5 10 223
20 4 11 22 8 351
9 25 24 10 8 907
9 10 3 6 8 117
24 18 21 21 6 995
5 22 18 16 10 959
8 5 18 14 5 551
25 20 4 18 10 966
6 6 13 4 7 476
16 4 20 23 6 820
23 24 11 10 1 257
23 12 10 9 4 871
3 10 8 14 4 909
17 23 7 18 10 683
19 12 17 7 6 660
19 3 12 10 10 134
16 7 12 6 2 586
7 15 13 15 4 774
25 4 20 20 8 468
5 7 24 3 2 144
2 16 5 23 8 836
9 12 16 8 5 923
23 9 16 12 6 563
11 8 10 13 2 971
2 13 16 8 7 42
22 16 23 14 6 754
11 13 12 12 8 414
9 12 7 15 1 712
16 11 25 20 6 592
