450
16 48 86 34 5 19
26 96 54 64 1 30
21 88 13 60 10 13
11 98 90 93 5 12
54 52 77 15 2 30
71 67 56 67 9 126
24 50 19 96 10 43
46 22 47 41 8 43
75 14 62 79 6 43
55 94 19 49 3 54
82 22 58 61 10 77
50 86 46 29 7 79
34 38 51 59 7 123
76 36 58 99 6 145
61 33 38 19 3 69
16 41 91 39 6 65
27 96 29 20 7 117
69 89 87 82 4 369
72 36 41 17 2 85
75 82 77 57 4 257
30 81 87 67 6 181
48 81 75 42 7 287
98 69 31 24 8 149
64 93 34 58 9 229
27 70 22 59 2 171
14 20 94 85 2 100
27 64 24 93 6 185
97 48 94 63 6 376
68 82 54 85 5 434
26 80 14 27 7 108
77 41 75 17 10 162
45 49 75 26 3 229
47 10 59 65 10 92
93 26 87 66 4 220
44 68 92 20 4 183
58 10 12 96 10 105
26 13 65 65 7 127
65 13 33 14 7 140
52 76 47 84 4 454
90 60 99 90 1 718
22 51 80 64 3 229
91 44 55 34 10 393
86 56 59 48 9 603
50 34 30 71 3 312
89 38 56 86 7 424
48 16 13 52 3 182
57 97 63 43 7 599
32 96 48 23 5 256
90 95 89 65 9 988
64 80 16 100 8 193
87 26 40 70 5 361
25 91 79 92 9 346
87 45 69 46 3 755
73 71 94 90 2 1076
65 90 29 49 5 372
88 84 86 27 5 395
65 86 19 11 4 195
42 58 22 85 7 357
27 30 77 36 6 471
61 91 99 44 6 765
96 34 23 40 1 388
68 88 38 98 5 554
51 40 98 84 7 716
95 97 93 22 4 325
31 25 51 32 6 420
87 61 55 24 9 405
18 30 56 99 10 278
96 21 37 70 9 321
99 75 21 85 9 353
62 30 29 26 4 519
74 60 36 85 2 592
60 81 59 66 1 1152
54 57 18 16 8 359
98 86 34 13 1 246
61 27 58 85 5 562
16 94 28 90 5 305
45 54 95 25 3 519
20 83 67 28 3 445
30 94 38 22 5 491
99 68 55 45 2 1076
14 77 79 12 4 249
89 96 24 76 10 464
21 37 85 53 10 416
18 44 32 36 8 360
74 69 52 80 3 1314
24 69 36 51 10 497
11 38 78 15 9 249
32 99 11 50 1 265
36 49 80 38 6 895
67 63 89 54 1 1352
90 18 64 67 9 378
89 35 13 68 3 358
85 16 87 46 5 399
72 75 98 86 5 1756
19 65 25 77 2 435
42 47 83 40 1 873
48 65 74 69 5 1161
15 40 66 52 3 347
46 46 55 81 4 1170
48 90 36 54 4 1060
23 63 20 69 6 621
94 99 16 68 8 447
45 30 78 35 1 853
34 89 30 44 2 891
61 84 68 57 5 1427
52 56 86 98 3 1655
11 11 11 61 1 278
38 22 90 28 9 551
32 21 27 51 5 655
30 100 93 85 9 992
26 50 46 86 5 783
11 29 49 71 5 311
55 26 26 11 2 290
23 55 50 34 2 688
63 56 32 17 6 505
70 82 72 12 7 415
100 78 12 83 10 334
35 61 62 80 10 983
76 36 74 19 7 551
48 51 77 39 3 1109
17 24 39 83 7 506
91 54 63 72 5 1521
41 24 24 75 8 695
100 10 66 66 1 356
77 34 49 88 8 993
95 12 93 45 1 420
32 76 16 15 5 516
50 90 43 58 3 1259
83 94 51 38 8 1269
34 63 70 54 4 1226
46 99 22 45 5 661
16 70 64 88 5 475
99 85 32 16 6 543
21 100 85 15 6 494
24 19 61 40 6 755
75 81 17 24 4 644
13 11 66 56 3 392
52 75 53 97 10 1711
36 96 58 43 5 1287
60 51 92 98 10 1785
70 29 22 76 3 939
25 58 91 91 9 862
96 92 75 49 5 2100
100 75 11 13 3 359
99 72 24 11 3 429
55 82 30 62 3 1203
16 54 22 34 4 568
12 54 74 37 3 471
18 69 13 49 9 521
51 18 52 32 8 780
21 27 14 93 9 565
28 32 19 54 6 733
78 54 79 24 8 1062
17 62 46 67 10 768
57 30 91 24 4 992
14 60 26 77 2 588
86 13 48 90 3 561
76 60 90 26 7 1147
51 89 78 18 1 797
79 31 80 80 4 1174
19 69 92 82 2 796
53 77 80 46 1 2075
96 94 84 56 4 2088
29 20 79 12 7 452
76 48 13 20 8 513
72 96 24 15 5 592
55 62 65 29 7 1165
45 59 14 74 1 703
82 79 31 53 7 1254
84 71 47 40 3 1668
35 77 36 94 10 1444
82 43 85 60 7 1961
18 98 45 92 6 899
44 20 34 15 10 711
14 71 26 51 4 715
71 22 53 36 5 933
40 10 85 57 1 492
81 11 84 94 4 524
84 38 85 89 6 1951
48 12 84 70 3 638
45 65 13 65 6 595
22 98 86 72 5 1191
11 39 71 76 7 459
18 45 31 90 7 803
22 28 56 69 5 1205
15 11 83 43 9 570
63 15 24 85 1 687
40 43 46 38 9 2132
56 49 54 45 9 2578
49 92 65 90 10 2713
35 62 21 13 7 704
16 55 100 83 8 892
30 51 30 48 9 1536
61 90 44 38 10 1861
38 99 17 77 9 986
96 67 31 48 5 1572
80 69 26 73 9 1507
84 75 90 35 7 1722
91 100 12 24 10 611
25 96 28 93 2 1410
72 58 63 98 3 2758
45 72 11 18 8 510
15 43 87 17 4 848
39 34 11 35 10 615
69 43 61 20 7 1030
33 58 87 93 10 1929
96 16 86 86 1 948
62 55 74 37 7 2143
46 76 61 96 4 2807
100 49 56 29 3 1665
79 68 82 57 6 2764
11 84 67 44 3 659
12 62 85 41 10 626
77 100 56 53 6 3195
73 17 54 69 7 1047
85 74 15 40 8 753
92 76 63 87 10 3686
75 13 96 20 3 759
53 61 39 39 1 2382
91 12 86 81 6 634
16 68 47 34 3 950
61 11 94 14 3 557
36 12 94 14 5 716
13 67 21 48 9 703
81 89 67 86 7 3748
60 32 73 45 1 1814
43 17 38 99 8 1120
44 70 69 34 4 2319
44 56 52 85 7 2680
22 93 78 24 10 1211
12 70 58 52 4 814
57 29 76 68 5 1862
49 11 89 40 6 699
30 83 56 49 9 2039
90 61 65 48 1 3049
38 86 27 57 9 1509
73 59 36 27 10 1512
31 46 40 15 5 1019
42 52 48 14 4 948
61 75 94 97 9 4164
84 40 46 91 1 2202
100 23 59 81 5 1595
99 52 42 96 2 2503
96 50 60 90 3 2840
41 84 14 65 3 900
65 82 36 50 3 2635
89 89 54 17 2 1109
17 40 65 74 6 1226
100 85 24 38 6 1498
21 90 24 94 10 1583
42 73 100 48 9 3044
11 13 91 51 5 825
83 68 79 59 4 3533
54 45 76 42 10 2868
94 81 33 55 5 2103
41 76 22 67 3 1573
82 71 26 42 1 1992
38 28 10 71 9 739
34 24 96 85 2 1552
78 75 58 22 4 1294
84 26 62 57 2 1810
11 30 56 55 9 821
40 13 24 37 2 923
41 29 49 71 9 2250
81 86 44 30 6 2038
27 48 33 36 1 1872
55 37 11 72 6 679
88 41 84 73 5 3293
66 69 49 25 8 1686
74 66 75 26 5 1747
76 41 98 36 2 2401
17 84 19 96 2 1118
51 64 51 74 8 3767
79 66 37 57 5 2672
53 73 16 96 9 1074
36 39 29 54 6 2120
72 44 38 48 1 2991
33 24 93 17 2 1359
96 91 53 20 1 1373
62 35 15 93 1 1250
25 10 55 57 9 680
18 83 76 94 6 1183
25 25 44 92 3 1647
84 76 30 71 1 2232
89 73 33 35 4 2194
66 98 65 43 5 3093
91 100 11 60 2 906
68 63 22 39 4 1617
90 37 19 67 5 1298
79 90 80 30 5 2264
100 91 37 19 8 1417
32 39 50 38 7 2359
43 76 12 75 1 1035
82 64 26 86 3 2074
49 47 75 90 8 4000
21 98 64 13 7 892
67 57 14 97 5 1183
25 69 62 89 5 1783
28 40 46 78 4 2420
24 46 59 19 10 1552
64 85 57 22 7 1751
20 79 74 79 10 1557
72 83 47 70 9 3558
99 81 28 41 1 2094
28 18 13 12 5 950
24 87 11 73 5 924
48 16 40 34 4 1229
51 95 28 57 1 2029
38 50 49 85 2 2949
22 84 34 100 2 1585
74 69 50 24 2 2089
84 38 52 86 5 2903
26 96 71 79 1 2312
62 95 10 32 10 801
10 94 18 45 2 810
48 75 39 86 5 3217
77 80 59 40 5 3132
48 43 57 69 7 3821
65 23 20 46 10 1583
58 38 25 23 3 2086
89 56 61 16 2 1168
89 61 10 34 3 838
66 37 100 61 8 3316
97 90 91 18 8 1475
47 26 64 53 3 1972
13 60 38 76 3 1158
88 22 41 59 10 1905
67 53 21 50 9 1736
77 79 40 29 2 2534
19 86 70 42 7 1798
95 66 27 33 3 2075
46 50 75 15 3 1128
96 22 25 89 1 2086
95 70 11 56 6 1041
71 49 64 60 1 4227
89 61 44 94 8 4137
77 39 25 30 7 1915
18 28 98 44 7 1682
86 48 51 58 5 4072
40 90 14 43 2 1251
60 97 93 70 8 6018
59 60 10 81 1 1028
51 58 36 30 6 3087
75 65 75 28 9 2287
81 23 99 80 8 1812
55 75 36 94 6 3687
90 89 48 84 5 4080
15 52 86 30 1 1229
76 15 39 87 10 1196
38 47 32 97 5 2990
79 62 52 36 7 3348
79 96 40 16 10 1636
68 79 78 23 3 1993
54 45 34 81 1 3161
36 31 31 87 8 2677
30 95 50 89 9 3100
18 81 100 71 6 1499
10 90 88 89 6 903
21 73 78 46 5 1717
59 61 20 78 3 1819
91 26 25 39 2 2678
96 25 93 82 2 2489
78 92 92 99 5 7456
78 94 19 12 5 1188
11 73 26 61 7 1130
59 100 67 10 4 946
31 56 58 14 1 1384
42 23 71 55 9 2443
98 12 32 80 3 1072
62 88 55 68 9 5370
64 76 94 61 9 6060
43 50 24 44 1 2488
70 19 58 100 9 1975
96 12 11 24 9 1016
83 79 11 76 4 1150
80 21 90 97 10 2112
93 45 53 87 2 4526
75 28 85 20 3 1865
82 81 90 74 6 7483
99 41 26 37 2 2357
96 66 33 71 7 3047
71 76 62 82 7 5724
74 70 100 54 1 5825
11 40 57 12 8 1015
96 83 87 41 8 3588
53 75 77 100 10 5742
83 49 60 85 1 5149
99 100 65 11 1 1021
92 68 74 44 6 4350
32 50 67 91 1 3535
80 35 90 82 4 3335
44 53 67 94 6 4219
97 38 78 85 3 4277
63 91 57 34 10 3544
69 16 92 62 10 1558
49 51 21 41 5 2124
11 63 32 16 6 1144
38 53 25 87 4 2290
10 49 17 59 2 992
30 62 15 10 3 1021
63 75 26 36 1 2711
50 20 99 62 2 2161
10 79 29 16 9 1165
54 41 40 94 9 4067
99 19 95 83 8 1999
86 93 21 65 2 2044
49 83 47 79 4 4324
74 89 29 95 9 3428
41 17 41 69 7 1744
31 76 93 86 4 3329
96 60 88 94 7 6930
26 10 99 48 10 1178
84 66 15 90 5 1481
10 23 35 80 5 1112
20 71 56 33 4 2323
95 57 92 82 7 6761
61 18 98 31 3 2239
95 74 69 14 7 1697
47 79 42 20 2 2449
67 53 13 86 8 1299
18 76 68 58 4 2228
19 79 37 32 3 2021
47 33 85 88 7 3711
15 98 73 76 2 1758
69 86 44 26 9 2831
96 27 90 92 9 3200
82 21 70 85 8 2100
56 44 42 35 6 4290
38 11 91 45 3 1283
72 98 49 66 10 5941
55 53 25 29 7 2917
23 77 71 33 1 2734
44 23 39 18 6 2136
67 30 61 40 9 3721
87 54 77 82 5 6189
16 87 92 50 7 1836
80 96 83 18 9 1999
62 23 13 88 8 1479
79 93 55 68 6 6385
28 74 55 19 3 2479
76 10 80 51 6 1309
10 49 84 48 7 1028
41 13 74 27 5 1631
93 90 78 83 9 9728
67 22 35 46 9 2769
72 43 31 64 8 4152
65 16 19 89 4 1994
23 50 51 37 7 2457
41 44 43 22 3 2413
70 66 49 90 6 5042
