450
48 49 66 40 17 1079
28 40 48 63 26 2231
26 57 90 6 56 4496
25 15 16 17 82 2992
41 86 72 27 57 1628
8 57 38 29 22 2923
2 100 40 76 52 5407
12 12 71 28 44 4727
40 42 55 12 94 2303
91 21 88 87 9 4292
38 5 49 47 55 3225
94 76 19 39 37 3194
15 87 11 21 4 5510
2 8 53 2 27 4785
53 53 64 45 49 3474
81 55 42 65 70 4997
95 80 42 70 88 259
99 35 5 1 43 4031
26 85 44 12 57 917
18 19 20 39 81 814
18 25 55 77 10 577
8 87 4 12 2 4634
46 17 75 82 11 5268
68 12 66 15 52 5137
86 57 34 62 50 2019
92 69 8 27 14 539
7 69 61 66 37 4439
7 83 54 32 8 1317
61 87 21 1 33 628
23 8 31 62 51 483
16 17 11 34 7 621
42 74 93 20 39 2913
28 38 76 91 41 2954
67 63 28 28 72 5515
89 42 86 45 82 3784
3 63 61 44 86 1189
47 28 6 61 95 2936
29 100 70 20 78 3047
82 60 48 76 6 5526
88 74 87 50 48 3844
90 52 82 74 76 3025
75 95 11 44 47 4861
93 56 88 64 100 5343
83 28 36 87 48 2317
7 16 81 42 99 1856
94 53 26 58 31 968
21 19 92 51 48 3258
1 71 34 35 99 1774
17 98 32 50 49 4522
36 51 94 18 28 2534
40 15 79 3 60 1347
34 22 63 86 65 3910
57 35 48 94 90 2765
51 37 24 57 80 4143
84 93 98 63 36 2470
22 15 27 6 18 3611
99 77 72 8 20 4289
39 48 30 46 63 4523
33 76 42 92 80 4300
58 9 93 39 67 5361
62 98 48 86 73 4642
90 66 5 24 60 5243
55 38 52 72 2 2069
62 9 13 4 50 3862
53 83 23 25 100 3503
66 91 52 93 78 790
10 66 25 81 62 4759
45 92 79 54 74 188
95 36 61 30 16 1076
95 54 70 75 64 4187
18 47 22 58 37 1365
70 72 98 89 44 276
15 88 34 28 69 107
36 27 68 30 53 2634
43 92 59 91 5 697
95 55 4 41 66 476
98 28 93 16 58 5603
89 68 30 1 38 1367
49 67 65 22 71 4416
5 49 6 77 20 5456
3 93 78 51 96 5090
65 55 59 71 78 4187
55 64 2 59 91 4721
35 53 70 70 5 695
75 16 34 45 15 4787
40 41 100 95 8 5477
27 71 95 17 55 502
16 90 19 63 9 106
16 73 17 90 93 160
90 36 74 79 85 5468
38 85 93 10 41 4627
53 63 58 43 77 2579
24 49 84 20 46 2540
45 60 6 92 69 3023
39 43 60 37 73 3383
6 4 48 32 26 482
60 5 56 46 46 1581
68 82 33 64 14 3655
36 36 61 30 33 2439
61 44 77 42 50 3698
44 41 18 21 51 4137
56 15 80 57 43 4479
8 66 42 91 62 133
67 66 36 78 19 4196
12 90 93 35 10 5006
93 64 68 32 72 4298
35 14 77 21 84 4328
29 88 38 55 83 3226
33 14 80 97 62 4414
58 6 85 36 65 4275
74 69 10 43 74 1924
61 48 39 100 100 1920
97 11 42 50 29 5618
82 66 22 77 80 2664
99 100 39 85 72 3738
74 79 58 63 12 917
56 29 18 35 9 3587
91 43 69 46 34 5119
60 48 62 93 86 1729
66 97 2 62 53 272
31 92 89 74 4 1142
75 21 20 1 37 1632
88 87 59 72 55 2990
75 90 23 10 100 374
87 8 22 92 63 1134
74 91 64 2 46 2609
23 78 2 55 57 4269
39 31 87 78 20 3081
65 41 64 12 64 5224
54 50 96 69 74 3607
64 11 4 74 38 3624
7 72 34 1 41 408
50 60 28 72 26 5516
4 78 33 96 82 1370
79 42 9 19 65 1450
94 98 23 35 6 1442
42 41 37 86 38 3235
15 99 47 92 85 226
8 3 28 2 37 1629
32 6 84 9 57 1378
15 72 68 65 97 2781
50 29 47 57 58 623
31 80 66 48 28 1333
99 7 94 96 50 3693
22 12 38 55 7 3397
74 84 10 91 72 1583
6 38 71 2 42 5624
70 84 8 95 82 653
30 17 31 83 43 2010
61 8 31 67 97 2308
76 75 96 79 55 3645
19 26 40 51 95 5044
86 45 92 91 7 1491
86 4 46 82 25 4232
37 10 37 70 98 1754
13 95 51 17 15 2132
46 9 37 71 97 483
61 46 79 59 15 1568
27 26 96 8 28 4706
90 20 90 58 38 861
89 39 52 35 3 1422
21 67 16 35 8 4654
1 7 27 91 11 4056
81 76 91 81 86 1694
84 81 1 95 14 141
8 25 19 56 21 569
37 48 77 87 34 2323
4 31 89 100 16 3746
16 74 95 95 92 692
57 38 67 66 43 1093
40 74 93 28 50 785
46 29 69 19 73 3972
48 87 78 81 5 4547
40 29 27 6 94 437
17 26 39 56 11 1777
58 95 36 9 11 4382
75 98 2 67 86 3038
61 6 37 66 9 373
46 63 66 79 33 2346
76 41 29 50 4 2546
97 84 13 58 24 1795
98 1 38 21 61 1303
86 8 11 46 58 845
26 35 20 50 44 877
34 38 13 87 4 3209
59 77 99 60 63 967
98 59 43 32 34 3051
90 12 34 79 7 4147
14 79 34 84 91 4858
80 34 17 4 48 4005
28 8 29 61 71 1313
39 25 22 34 81 4559
15 81 99 49 51 2953
11 44 54 52 35 4566
46 61 7 46 67 5078
79 8 37 80 81 4459
74 38 49 32 37 5066
54 35 49 1 53 1965
45 9 38 74 39 3627
81 23 46 45 20 3087
73 46 15 33 19 938
52 100 11 90 8 4278
52 63 99 46 40 4160
99 50 91 44 16 1816
89 99 90 42 80 2831
16 12 33 58 55 2742
18 87 40 93 65 3836
97 66 57 90 19 4292
18 9 35 81 40 1076
7 66 21 3 62 3837
10 22 54 46 78 3513
86 97 69 1 66 4225
66 18 15 71 45 4819
31 14 28 4 77 1014
65 53 4 97 86 3281
48 3 10 100 77 2782
58 75 58 16 19 724
9 4 33 41 56 1487
67 59 19 59 18 1474
75 33 96 75 89 1430
88 2 59 25 7 2789
66 96 89 56 82 3960
55 5 77 100 39 1949
83 23 42 19 97 4510
92 10 37 5 28 1855
76 79 3 64 96 4004
66 52 83 29 29 816
32 93 6 70 75 4796
21 56 77 87 10 2974
18 33 33 73 20 1902
21 90 78 59 55 2670
7 67 51 2 98 1335
92 62 25 16 59 1492
30 50 57 86 16 3093
30 45 53 75 92 3458
34 18 69 28 69 2402
72 55 92 89 55 1126
58 97 56 73 33 2874
24 45 83 51 97 3801
69 82 44 11 39 4792
38 51 57 1 38 1351
60 4 9 11 19 1300
51 53 78 6 38 1528
38 72 83 7 39 471
54 88 39 38 4 2616
71 31 90 26 35 1249
64 56 8 29 84 4474
45 17 84 4 81 1366
49 29 53 58 6 3061
24 87 80 84 89 3038
15 92 44 72 2 2719
70 17 34 81 15 4273
12 70 97 95 35 856
42 59 33 14 80 966
71 59 10 45 10 2754
27 98 40 12 65 3146
1 64 77 2 19 322
42 46 35 38 6 1089
5 74 34 32 7 5220
100 66 84 72 21 2157
80 17 23 83 30 4499
59 79 99 99 78 3009
68 51 68 39 72 421
48 76 31 68 47 461
61 35 21 99 70 456
74 77 7 8 96 3069
93 29 10 8 6 1764
25 80 16 10 11 3450
32 2 63 87 77 1572
14 68 43 98 14 4058
61 26 28 9 30 5549
83 91 16 26 60 2098
96 4 91 65 40 3355
24 95 21 89 8 3716
44 41 69 92 47 5319
78 53 48 57 41 4460
74 14 67 43 77 744
77 46 50 58 51 5154
1 82 49 66 71 4521
98 32 16 55 79 1240
70 45 25 44 57 2974
3 100 81 99 77 3328
40 5 71 81 61 1250
4 44 64 56 24 2104
79 21 6 81 64 2371
92 33 35 28 37 1318
4 55 17 68 15 4763
22 60 90 68 77 2937
47 56 30 26 41 5300
89 29 97 39 76 3697
59 32 73 80 92 2075
54 23 29 3 27 5314
87 90 51 53 64 3322
11 69 57 63 92 5208
1 74 21 91 59 360
53 70 37 95 59 2742
14 66 88 2 61 1477
36 77 57 49 74 2360
13 7 65 46 29 4376
80 83 91 80 24 1167
38 62 54 23 86 4573
5 67 60 81 62 1556
78 79 17 20 64 5192
6 5 54 26 17 949
63 31 88 17 32 4038
94 98 13 67 53 5128
90 80 75 67 73 116
94 23 43 67 17 3309
30 25 40 59 23 3624
80 79 99 39 46 3796
45 3 64 45 11 2677
63 60 33 63 1 4852
3 64 77 14 77 700
67 53 43 4 53 1695
26 82 21 88 55 4607
74 94 17 25 46 3720
35 95 93 26 70 957
25 47 63 6 42 2149
10 40 97 37 28 2912
100 12 80 5 38 4869
7 39 49 60 43 599
58 63 34 90 47 2076
40 41 9 62 33 378
55 89 38 56 95 1921
97 59 57 60 11 2691
86 2 96 68 70 2324
71 68 28 80 41 134
6 80 54 83 95 4511
44 75 66 64 28 1119
10 35 2 57 2 2494
53 9 58 94 44 2101
3 46 70 28 81 2608
7 32 73 99 15 1693
40 8 30 69 43 3296
100 82 99 36 17 3879
43 17 77 17 9 756
46 65 78 65 36 901
75 53 92 75 59 5185
78 25 53 14 9 3157
36 41 15 17 29 3882
10 53 93 36 25 710
62 66 3 5 1 3189
7 47 38 70 26 1606
48 60 72 17 54 1020
63 9 67 45 10 5402
91 68 26 41 66 1035
17 56 97 85 75 2837
52 82 88 78 73 4137
85 75 53 10 27 5501
24 24 81 53 81 4784
96 15 86 23 77 1693
87 26 45 92 52 4628
72 37 39 64 47 3098
82 64 97 29 49 1089
59 23 44 16 2 1728
22 53 18 75 99 1150
82 88 37 90 90 1724
15 75 95 49 35 376
67 36 23 85 14 2645
7 76 3 50 93 4414
60 26 52 38 43 4817
31 97 61 34 49 3339
69 11 8 7 13 1795
36 51 48 68 82 4485
79 94 43 14 26 2078
97 71 63 1 65 616
21 56 78 95 60 2222
56 18 3 4 47 2681
63 37 65 15 14 3006
75 7 64 94 62 3448
5 73 72 47 45 4691
25 19 35 56 72 563
38 61 15 68 33 5245
44 79 80 1 29 1435
42 68 39 59 79 5201
58 5 59 41 7 2305
78 31 53 45 61 1582
50 41 11 43 67 121
4 92 30 97 22 1235
12 12 3 23 93 2375
42 31 36 36 70 397
57 97 6 94 17 2176
23 99 87 56 100 2403
29 86 86 29 59 2079
36 48 57 91 98 1762
74 27 70 98 38 1963
75 47 79 76 47 2094
14 46 32 20 65 120
99 47 84 34 85 1434
60 97 75 85 79 4105
81 97 93 99 19 2901
91 37 49 54 87 800
53 22 31 20 73 3331
10 28 28 94 51 5137
24 87 91 100 85 2036
85 93 37 13 29 4879
8 68 17 80 77 4406
62 7 41 85 95 4023
96 64 73 30 98 5226
86 100 91 31 26 3578
35 5 42 43 19 416
28 36 93 13 66 4958
50 81 76 82 41 3128
66 74 84 26 69 3621
94 42 12 1 98 1170
51 71 62 65 35 4456
93 33 70 55 26 4131
12 98 31 24 22 2492
12 54 28 95 50 2727
24 5 17 74 6 1768
77 86 68 61 93 1745
91 85 49 88 14 2404
82 88 30 27 13 1725
66 2 22 14 2 4483
35 29 35 98 27 2437
49 83 70 29 51 3047
34 96 22 17 63 3206
55 80 44 97 95 825
4 45 4 95 20 2050
19 14 63 6 61 3076
63 93 48 47 70 2697
29 75 95 60 67 4660
54 64 29 80 40 4283
32 15 11 75 22 2510
70 62 3 54 97 2220
82 58 7 25 23 3954
68 97 24 46 33 3463
17 32 21 94 70 556
30 78 70 37 95 4535
31 74 56 82 55 1486
11 48 6 14 16 381
40 74 74 33 72 2427
22 86 99 96 10 645
49 60 94 27 24 3653
85 36 12 90 25 860
53 38 42 76 32 1060
98 85 85 32 98 4048
21 95 60 80 100 4809
34 13 7 85 36 4876
48 100 79 22 68 2383
86 40 63 81 27 1922
68 53 46 92 46 3741
40 71 99 52 49 3820
71 96 71 75 8 2074
68 33 84 77 94 5614
19 36 35 92 29 5161
22 95 86 74 52 1286
77 31 97 10 41 4498
65 78 69 62 10 107
82 72 46 100 41 122
