100
48 91 15 67 3 17
66 82 32 41 3 37
15 78 57 93 6 14
99 90 46 59 2 54
72 59 93 94 9 114
33 81 59 62 8 69
66 98 59 85 8 123
49 68 86 64 2 92
32 73 27 82 5 94
89 71 16 12 4 36
64 52 60 32 5 114
53 17 84 34 2 49
20 75 79 68 1 95
27 100 10 19 1 39
89 59 70 83 3 230
92 99 98 13 2 50
17 44 84 34 2 90
89 91 87 73 7 401
16 10 38 14 6 55
43 44 10 78 9 48
46 30 81 33 1 207
90 56 64 16 9 91
45 46 42 19 7 118
44 12 53 49 10 67
89 49 77 95 1 390
41 21 44 85 1 150
53 53 77 71 1 437
50 20 78 41 8 166
23 20 11 72 6 97
22 69 99 89 3 165
17 90 15 34 8 108
44 95 47 12 3 114
46 63 90 39 7 399
61 47 50 37 5 373
26 51 55 59 4 271
95 66 71 76 5 705
19 22 29 19 2 188
40 72 36 57 5 330
61 67 77 17 3 168
46 12 95 43 8 134
11 34 75 14 5 116
37 87 53 34 9 433
93 30 52 53 8 383
37 25 66 57 3 297
15 46 13 37 7 169
73 56 40 35 5 384
59 45 14 62 10 175
74 37 91 10 8 119
97 93 84 12 2 170
15 86 68 56 7 196
22 72 79 46 10 322
25 32 17 53 7 233
25 24 90 79 9 320
66 84 90 95 9 1049
73 98 13 10 10 163
37 44 68 88 4 480
93 61 42 76 9 746
84 31 59 89 2 497
50 49 49 84 2 711
86 26 76 74 5 455
80 39 30 27 2 453
41 24 18 41 9 333
55 52 64 97 8 855
19 17 78 62 1 262
59 65 50 19 5 350
31 92 18 81 4 363
95 69 61 25 10 412
77 38 23 18 2 359
41 22 13 97 6 240
66 68 11 41 2 190
68 93 78 29 10 615
89 25 46 61 5 408
19 85 93 72 7 344
43 25 26 26 7 499
55 28 40 45 5 533
63 23 88 19 5 340
61 21 42 11 9 232
83 51 36 47 2 744
47 66 69 10 2 212
29 58 34 66 5 585
47 42 82 44 5 945
10 61 10 29 3 194
12 55 17 51 10 235
55 20 22 97 1 484
51 35 100 70 3 793
73 34 54 25 1 542
44 23 73 71 5 467
61 79 36 50 2 716
25 86 26 96 9 604
54 93 91 43 9 1131
17 84 32 92 4 406
93 65 67 27 2 632
22 12 47 94 8 282
12 74 69 100 1 335
96 91 84 77 1 1900
99 10 17 23 6 219
85 16 99 21 6 459
82 23 66 70 7 598
81 79 31 26 9 600
63 17 61 61 9 464
