500
64 44 90 94 4 13947 
70 81 94 73 3 22981 
93 99 45 43 5 12175 
72 96 46 79 6 7130 
53 66 80 71 5 20287 
42 27 45 64 4 13048 
32 20 30 41 7 2291 
49 64 84 47 7 21676 
57 92 92 59 7 23544 
65 93 90 84 9 13582 
63 66 52 82 7 12441 
45 85 58 25 6 17048 
100 73 59 67 4 16872 
40 59 54 84 4 7642 
32 57 72 72 1 23853 
48 28 76 75 3 18811 
72 52 44 66 4 22198 
83 65 80 70 1 10339 
95 68 47 24 4 1431 
26 28 74 24 9 5705 
58 55 88 50 8 10390 
21 87 75 24 10 14315 
21 38 28 75 3 13141 
45 43 46 91 1 22065 
67 64 46 70 3 5159 
22 55 60 54 9 7950 
21 94 20 85 9 24757 
68 65 66 22 6 2095 
38 30 36 45 3 8279 
96 72 51 22 5 21865 
87 65 60 78 4 17726 
37 77 76 48 10 19513 
27 50 91 50 1 861 
60 100 100 38 7 10822 
66 23 30 57 3 6494 
49 56 42 46 7 9914 
46 23 30 47 4 12103 
55 87 58 55 3 8871 
33 45 40 38 10 20359 
33 92 30 83 4 6620 
59 36 47 82 9 9992 
27 64 33 40 9 996 
55 62 65 97 9 24189 
20 92 76 30 3 22678 
54 39 67 35 4 5330 
69 95 40 77 4 10751 
50 34 81 91 9 21685 
81 71 59 53 7 4947 
26 43 52 97 6 23671 
72 23 35 42 1 7867 
29 84 22 55 5 19317 
99 43 94 52 2 2089 
85 98 34 93 9 2921 
93 56 97 80 4 4095 
98 86 61 93 2 1564 
49 59 76 93 4 22730 
97 37 41 30 5 22584 
22 46 82 44 4 17372 
38 68 56 53 7 15642 
28 48 75 57 3 23272 
23 39 54 92 2 5613 
94 87 72 74 1 8808 
97 70 84 92 4 8557 
30 94 97 76 2 12657 
30 44 20 38 5 21991 
65 20 32 79 8 4199 
69 77 63 58 2 20518 
92 46 57 100 7 19009 
36 93 56 37 5 18471 
37 92 77 56 7 10420 
64 65 84 83 5 3465 
73 99 58 32 9 15399 
81 54 28 57 9 4802 
22 87 62 66 7 11173 
78 48 60 83 8 18766 
70 68 84 83 5 6393 
96 37 50 67 10 13864 
20 77 55 83 3 18233 
82 85 21 93 8 16049 
77 92 73 91 5 23265 
97 76 54 72 10 2949 
52 80 54 95 4 20605 
97 65 86 64 5 9781 
22 60 69 71 4 10527 
90 34 96 72 3 7864 
50 43 43 82 1 20490 
70 75 77 21 6 4738 
63 51 41 91 6 12220 
95 29 41 24 3 808 
51 75 81 21 5 20915 
90 52 30 21 9 6451 
96 44 37 96 1 23038 
70 52 30 29 10 13333 
77 47 56 56 3 3484 
27 82 44 39 1 20697 
95 75 23 87 7 7586 
95 94 56 48 5 21989 
83 75 58 32 10 22813 
59 21 61 84 1 11363 
69 44 32 56 3 19646 
39 36 62 44 3 3553 
78 96 35 84 7 22465 
23 47 35 28 6 9337 
36 57 87 40 5 2535 
97 23 31 92 5 21571 
49 22 54 62 6 2820 
50 75 82 81 1 151 
93 45 96 42 10 24895 
91 60 96 84 8 6642 
87 39 62 73 10 10252 
73 78 81 27 7 3058 
22 40 88 38 2 11900 
60 88 81 47 10 4112 
38 31 71 75 6 21466 
65 43 64 91 3 8984 
37 56 40 37 9 14442 
91 41 27 57 9 10550 
39 65 83 43 10 6044 
96 20 71 24 10 19807 
68 88 43 45 10 11222 
29 24 89 86 2 18508 
36 53 21 99 10 9407 
21 83 43 66 9 13963 
36 28 100 59 4 22770 
51 96 78 45 5 12764 
60 27 58 29 9 17215 
41 72 91 71 4 3708 
97 33 83 93 4 23155 
90 48 30 34 4 10699 
82 30 84 26 4 3970 
43 89 85 55 4 12593 
35 75 82 20 8 17225 
82 48 96 52 3 1615 
71 100 76 34 4 20883 
22 79 89 69 2 8669 
100 38 49 26 6 5290 
39 33 91 100 8 15804 
96 44 42 98 6 7837 
68 27 95 55 9 7054 
65 35 88 54 4 13324 
53 97 33 77 7 22951 
25 49 53 68 7 1136 
55 73 82 68 10 18870 
64 40 42 85 8 22995 
82 21 95 22 3 4495 
38 68 88 68 8 9769 
65 39 77 63 3 9622 
83 26 49 57 10 7099 
78 90 76 38 8 14580 
41 64 22 64 9 17946 
97 42 31 41 7 5179 
37 29 36 63 1 7698 
26 88 82 94 9 16674 
64 77 95 54 3 5085 
53 87 76 67 9 12866 
99 44 38 97 9 14098 
98 24 71 45 6 5883 
93 75 23 48 6 17352 
46 24 78 95 9 20341 
20 45 92 96 5 23070 
56 51 67 48 1 6682 
70 68 68 81 9 13509 
94 100 97 88 5 14856 
87 39 47 34 5 4068 
35 92 64 21 8 18335 
38 58 48 75 3 1383 
31 72 23 91 1 17243 
75 43 55 70 8 23904 
28 79 78 74 6 1916 
22 30 86 70 4 22921 
91 80 34 67 2 20880 
33 97 83 52 6 19147 
38 27 89 44 2 17779 
51 66 97 36 4 16867 
39 84 80 48 7 14968 
36 27 77 76 2 7321 
37 61 94 69 7 6026 
65 78 27 90 1 10189 
71 26 75 20 6 9234 
27 52 34 94 4 7423 
64 79 40 30 3 7713 
44 61 62 95 5 8652 
38 90 90 91 1 15927 
59 42 53 77 3 9660 
87 94 77 58 7 14648 
54 33 53 84 8 3756 
70 44 58 75 2 9840 
71 73 47 77 2 12006 
85 40 26 99 1 5699 
89 44 60 56 1 2927 
70 58 54 64 9 22043 
84 22 20 73 3 11420 
50 78 22 59 8 4788 
55 77 55 80 1 18205 
47 74 77 26 10 20680 
38 83 97 100 4 2185 
78 65 49 92 2 1366 
30 22 86 64 9 7457 
56 63 88 69 7 15571 
85 94 23 24 7 8293 
79 55 98 54 5 15616 
64 45 97 52 3 24953 
24 47 88 78 8 14172 
38 60 95 84 6 6257 
78 96 35 94 3 9787 
46 21 89 59 1 24537 
71 74 50 89 8 4284 
41 33 24 77 9 8733 
57 42 90 60 10 4180 
53 52 65 99 7 17532 
86 26 50 25 10 13558 
48 71 25 100 10 24343 
28 96 81 80 2 3239 
63 67 82 60 9 8443 
31 56 84 71 9 2393 
70 84 42 96 4 20833 
27 55 97 28 8 3795 
53 46 85 52 6 7328 
86 25 76 24 3 16583 
28 21 24 58 10 10418 
51 39 61 99 7 11520 
71 70 64 49 3 24911 
90 41 69 56 4 3678 
95 52 73 63 2 16195 
39 26 71 39 6 13933 
80 25 21 59 5 14571 
35 47 31 70 2 1289 
28 86 29 33 9 14224 
49 63 66 78 10 17331 
43 24 82 48 8 20307 
63 41 44 63 1 8161 
89 54 33 52 9 10816 
56 43 50 68 2 9454 
97 27 30 39 6 15948 
41 93 71 92 1 17674 
99 45 45 57 9 3995 
60 24 95 41 10 14786 
72 71 69 78 5 6727 
38 86 75 95 3 2176 
41 56 96 26 5 8484 
88 77 86 99 1 5537 
55 24 39 49 6 2400 
85 56 44 53 3 3386 
30 32 48 30 5 19221 
36 73 37 91 9 19324 
24 66 96 73 7 16910 
55 25 56 56 2 5470 
43 47 28 73 7 10623 
35 24 38 32 5 458 
71 52 45 87 10 18604 
76 48 88 98 1 23953 
38 41 44 40 5 19539 
43 22 53 75 4 15825 
75 86 96 20 1 22579 
43 53 32 65 10 13353 
48 41 90 59 8 2125 
37 32 97 91 9 14662 
89 98 59 45 6 8081 
54 74 96 46 2 20306 
43 96 35 93 2 993 
41 69 27 25 2 16622 
32 71 32 93 5 15437 
58 91 25 66 2 14021 
51 88 24 58 5 11418 
60 88 23 68 3 19464 
54 71 62 71 4 5222 
89 69 27 64 3 17922 
58 62 83 41 2 13895 
64 74 57 51 2 5281 
92 25 39 87 1 23964 
47 83 35 72 9 538 
36 39 33 78 7 14357 
35 61 59 29 7 22172 
71 80 89 62 9 13720 
84 21 90 78 8 15791 
39 20 23 21 3 9402 
62 57 80 72 4 4917 
89 43 42 59 9 15943 
78 70 60 27 1 15903 
81 55 30 51 9 5649 
20 62 62 37 3 12117 
65 88 51 72 2 7497 
40 35 83 55 2 14844 
45 64 85 61 2 9200 
21 87 83 65 7 15916 
95 87 55 44 10 22390 
40 53 46 95 2 22027 
61 26 69 95 8 16226 
43 92 74 52 1 16458 
93 45 79 66 8 12781 
36 91 64 99 2 24071 
50 64 90 68 9 23447 
67 94 41 20 10 19376 
40 23 27 87 3 10921 
46 99 38 24 8 23014 
44 66 100 52 7 20511 
74 76 26 25 6 17892 
60 84 73 57 4 2805 
31 41 80 69 4 13343 
95 54 66 81 6 19595 
34 84 91 47 8 18913 
99 49 56 27 2 18704 
36 69 44 97 2 13811 
85 25 76 82 5 13625 
51 87 76 36 2 16001 
92 34 24 25 7 874 
32 74 23 42 8 18813 
77 23 42 94 10 2445 
86 84 44 73 9 14196 
52 58 90 56 6 7561 
20 70 46 62 10 10456 
27 55 47 69 1 19925 
39 36 88 54 2 5950 
99 51 20 31 3 21717 
80 65 53 32 10 9118 
28 93 57 54 10 23443 
76 67 93 20 7 19127 
94 45 35 83 2 20382 
57 43 64 60 8 7996 
86 40 28 54 10 5951 
65 31 70 98 4 21626 
74 34 80 57 8 20127 
25 44 72 21 2 21752 
54 37 44 61 3 5280 
20 75 52 72 1 7821 
50 25 56 34 10 21299 
27 23 42 88 8 8476 
97 39 29 50 3 3711 
81 51 29 50 5 5085 
58 85 79 88 7 2787 
56 91 51 95 9 24985 
36 47 21 89 2 2843 
31 40 55 26 3 7910 
69 70 78 54 8 11314 
27 61 56 49 10 17414 
91 88 85 83 8 1197 
72 47 68 35 9 21053 
37 34 56 44 9 5880 
88 83 66 94 2 6239 
35 47 83 52 8 13013 
46 40 64 98 1 15108 
67 69 88 90 3 12703 
50 21 27 97 1 17860 
57 40 38 44 3 20463 
73 71 62 44 4 24564 
85 24 79 63 8 10428 
26 26 63 77 3 21520 
84 71 31 84 2 6210 
53 74 62 93 8 24373 
31 52 42 20 9 15597 
79 43 70 80 7 21131 
92 59 80 53 3 23264 
91 21 83 88 2 12553 
67 66 34 62 6 15333 
80 43 54 32 9 11240 
52 64 42 33 3 4538 
65 27 91 57 6 13976 
55 80 80 94 7 5706 
75 73 54 72 7 8273 
26 56 33 50 10 16705 
40 74 40 96 7 4051 
52 52 75 84 5 16985 
42 44 99 66 8 16959 
97 35 48 64 2 10901 
30 23 93 73 8 18772 
87 27 34 78 9 16649 
26 74 99 92 3 361 
60 48 96 28 3 8634 
30 67 37 99 4 22327 
61 80 58 68 4 13932 
81 23 91 52 4 8858 
60 39 54 82 10 20377 
20 94 78 42 9 21589 
67 22 43 98 7 5673 
98 45 59 20 6 23897 
77 78 99 27 3 19866 
32 42 24 77 2 7414 
89 30 55 37 1 4996 
83 64 56 80 2 21036 
68 76 61 79 7 10903 
55 90 20 59 5 5605 
100 73 39 79 7 24544 
61 43 69 66 10 23887 
45 31 76 27 6 18665 
47 31 37 51 5 15429 
46 54 39 71 2 1044 
84 33 55 90 3 373 
61 27 37 70 5 18676 
72 45 39 52 6 4908 
44 36 79 94 8 3154 
89 89 77 94 6 6574 
76 44 82 50 5 13851 
48 31 93 39 9 23164 
100 27 64 69 7 11265 
57 58 63 78 9 14057 
37 72 51 75 10 21532 
81 37 70 99 7 16657 
32 49 83 23 3 723 
98 100 42 99 6 2453 
24 56 87 69 4 23148 
60 29 89 90 10 14502 
41 36 21 63 1 17534 
69 52 98 23 3 24396 
95 48 53 28 7 21236 
62 54 97 49 10 21847 
22 50 67 71 4 4858 
79 58 23 57 2 9209 
25 62 58 83 8 22919 
82 31 27 24 7 10717 
37 59 86 84 8 7963 
87 94 56 25 5 14554 
75 59 82 67 9 18774 
62 57 52 45 1 23452 
93 82 41 88 7 3558 
67 61 45 98 4 4929 
51 36 86 60 5 8208 
48 81 39 90 1 20226 
53 71 68 53 4 7801 
55 92 37 37 4 10969 
82 74 88 72 10 23590 
61 85 87 83 7 6727 
21 78 33 62 9 12824 
79 35 61 42 4 2503 
98 56 77 23 2 7442 
43 26 73 49 6 13506 
68 89 78 35 9 2224 
59 100 49 92 6 21107 
67 26 43 53 5 16141 
91 48 94 77 4 12285 
95 98 47 66 3 8524 
44 62 89 50 2 18701 
61 91 32 83 10 24629 
27 99 66 29 4 20898 
76 43 87 53 8 14316 
78 25 89 76 4 12136 
26 27 41 46 6 1727 
81 49 64 21 6 6872 
60 28 76 98 5 17614 
21 26 39 33 6 15474 
39 66 60 67 6 16315 
20 60 39 24 3 6609 
29 47 87 91 7 2527 
26 82 31 59 5 12330 
23 28 57 25 10 13604 
51 54 74 53 1 616 
31 23 42 75 6 9229 
21 35 25 64 4 10114 
26 59 79 31 10 10704 
71 36 75 34 4 20052 
92 49 72 31 9 5005 
73 54 89 41 4 10702 
46 91 35 63 1 11352 
49 62 56 99 9 21651 
20 47 54 67 9 9287 
88 46 66 20 2 12904 
31 94 67 48 2 20234 
73 82 72 100 2 8213 
58 56 56 40 2 7012 
80 52 96 43 1 6315 
88 97 33 87 8 2278 
78 68 55 39 7 2489 
28 85 81 90 9 13259 
71 82 89 83 8 1669 
50 45 31 72 7 8344 
92 49 86 63 2 22585 
40 32 67 50 3 962 
60 80 27 56 9 2821 
38 60 28 48 10 623 
52 57 38 99 9 7076 
77 77 55 32 7 6726 
68 72 83 59 5 24491 
72 52 36 39 3 4210 
76 60 91 52 9 5984 
51 76 32 29 4 6961 
29 69 56 69 10 24106 
55 69 33 92 2 12865 
34 31 66 53 8 10252 
66 89 39 63 8 4072 
83 99 62 50 3 24071 
87 99 88 81 6 6688 
68 64 32 84 2 873 
64 33 34 95 8 3383 
57 80 67 61 3 12035 
28 46 74 21 3 23291 
22 32 94 93 8 13264 
87 46 65 60 3 1744 
70 76 98 79 5 7476 
51 45 84 99 1 18144 
84 25 51 45 10 9356 
44 76 67 82 4 9150 
41 24 62 51 2 20568 
87 62 74 23 4 13903 
49 91 75 44 3 1997 
83 30 34 43 1 11485 
34 51 41 36 5 19391 
74 38 82 87 4 16599 
30 53 88 62 5 2884 
84 49 51 33 3 6075 
94 98 68 89 6 20135 
33 80 93 61 4 8281 
