150
80 18 1 54 48 1705
72 52 98 26 49 632
7 32 11 81 13 2350
70 23 41 73 35 1585
37 39 61 1 8 1195
43 12 8 49 16 438
49 53 91 95 47 2262
54 94 12 9 14 155
61 69 70 73 25 292
2 13 10 23 9 2042
85 46 86 8 44 1251
46 30 85 53 43 1494
12 10 18 66 20 206
61 16 25 51 48 1390
91 49 38 100 41 2336
16 14 33 70 7 836
38 71 11 4 3 123
2 36 57 28 9 1354
39 90 60 94 27 1126
28 84 63 21 45 1598
81 47 23 12 18 278
49 62 10 87 14 339
53 37 4 9 25 650
78 39 95 9 48 493
98 43 42 16 37 935
70 63 90 82 38 805
83 29 61 63 25 752
44 92 93 26 23 2035
5 52 99 66 0 229
56 27 35 43 8 738
81 32 59 78 22 1546
12 96 30 69 7 974
22 45 93 9 23 1861
66 17 90 68 3 355
29 26 41 75 35 111
88 64 51 48 29 262
32 45 64 25 35 2050
46 46 10 18 15 2021
26 71 26 54 42 330
8 66 15 32 20 1939
63 16 24 31 28 1276
65 70 67 40 10 574
45 46 36 97 39 1402
31 37 35 90 40 1447
85 3 100 79 46 796
46 21 17 69 11 1531
37 54 72 27 13 443
8 25 51 84 2 178
20 43 35 54 38 1917
45 76 76 45 41 125
99 7 82 15 19 760
21 64 58 92 29 107
16 63 89 6 42 1512
96 1 93 52 12 533
77 69 12 6 13 1795
45 12 4 40 34 2115
80 32 55 11 34 749
83 53 85 59 22 717
3 61 52 40 42 512
55 80 14 26 32 425
7 25 93 4 34 413
80 34 40 89 44 1934
93 85 8 25 37 1940
12 15 53 9 44 725
37 68 19 71 49 1462
69 90 84 40 21 2183
5 14 85 35 23 471
31 24 76 98 32 2019
6 42 40 94 33 692
30 94 41 68 28 779
4 61 61 64 36 2317
89 62 44 7 3 1691
44 34 75 76 16 808
25 1 77 2 31 521
25 51 37 31 1 2110
20 79 28 77 38 824
16 60 63 18 47 1161
100 47 78 53 1 148
17 12 40 97 45 264
5 79 65 71 44 1028
100 90 42 9 14 2078
37 9 6 79 0 1318
2 23 37 2 4 674
63 67 58 42 13 1056
4 80 8 64 7 731
49 39 49 15 46 2158
32 9 88 63 30 1917
6 1 33 43 21 2367
15 45 37 2 0 454
10 100 55 77 32 1881
85 64 83 29 3 1686
28 80 30 96 14 250
32 88 87 63 12 1922
26 42 30 76 12 1323
28 59 7 15 31 1212
68 42 37 57 36 1327
80 4 61 25 16 310
19 36 32 66 14 1001
59 81 29 58 13 1030
52 55 21 44 36 126
54 96 3 68 6 1384
9 97 89 69 35 1555
91 71 84 63 48 1025
77 82 17 21 49 2252
79 2 98 12 45 1286
37 83 42 46 0 1413
17 32 39 46 23 260
59 21 48 36 19 2349
38 66 88 56 50 429
19 33 23 16 16 1462
38 89 21 84 21 1810
48 20 68 82 39 1989
17 38 79 100 23 952
8 43 75 80 5 377
41 85 60 93 31 1497
14 9 41 11 34 1997
96 94 10 14 37 2107
36 59 1 65 47 1683
79 53 96 99 24 791
5 61 99 79 12 790
74 80 53 4 6 1508
29 10 95 86 34 287
81 34 69 57 32 2255
38 31 20 6 16 1704
58 5 6 18 14 278
11 86 15 89 26 1055
41 82 61 45 2 173
9 72 9 54 3 1469
45 52 37 51 7 1643
69 45 41 96 24 211
31 42 17 37 45 1521
97 67 91 36 38 741
87 7 60 99 39 769
37 61 48 28 9 704
43 80 39 83 6 637
87 51 16 33 36 2040
40 13 31 95 30 1374
44 89 31 13 42 1581
62 45 93 11 33 762
26 70 43 85 13 1881
1 40 33 24 23 1330
62 56 42 16 18 568
86 97 67 41 19 669
10 19 66 56 9 1698
62 97 54 39 30 539
84 58 11 69 23 1430
32 27 47 49 41 871
71 5 61 51 34 949
23 48 97 26 36 602
25 31 88 49 23 1231
