500
2 16 30 37 1 94
50 12 23 12 1 98
30 12 47 38 3 176
6 20 30 35 10 104
7 7 6 29 2 145
10 34 2 34 8 53
20 21 36 25 3 152
41 6 47 50 5 194
10 37 33 17 10 56
40 43 46 36 3 177
44 46 27 14 5 133
24 41 10 2 2 58
3 11 34 7 5 154
36 20 50 11 5 68
8 8 29 14 8 139
19 39 33 15 2 145
11 47 42 2 8 196
1 30 12 18 2 86
49 23 4 3 9 107
39 31 48 2 8 131
13 45 14 28 3 127
14 26 21 36 1 148
16 35 7 15 6 194
2 13 40 25 6 94
35 12 4 3 4 168
41 14 35 37 7 72
49 41 10 15 5 94
25 20 29 5 2 196
36 47 4 5 8 137
25 37 29 24 2 67
12 41 8 33 2 143
19 30 46 5 7 120
44 7 25 45 3 51
26 25 49 41 5 148
37 17 36 11 7 97
40 1 25 9 2 109
35 37 38 11 1 130
35 48 42 40 3 91
33 50 3 13 8 120
7 48 17 29 4 159
23 21 32 25 5 136
22 36 30 19 5 159
1 10 4 22 4 112
5 40 12 18 6 158
4 2 34 12 1 120
27 34 6 40 4 171
1 29 48 29 6 87
4 12 18 34 8 94
33 9 29 17 2 106
20 39 3 26 6 123
2 48 6 15 9 150
44 1 29 36 9 114
47 26 48 3 3 122
33 29 24 14 4 57
4 36 37 12 10 70
2 18 36 32 1 103
1 17 32 5 8 121
37 13 32 44 3 188
45 36 13 45 7 110
46 37 18 16 2 144
44 5 10 39 3 178
14 28 41 39 3 192
29 19 42 21 1 89
33 46 50 3 10 128
25 9 49 17 8 61
7 9 11 43 1 72
47 11 46 17 10 63
19 30 31 13 5 185
30 28 37 9 4 73
11 18 32 12 6 161
10 20 48 3 9 52
24 10 7 44 4 72
11 19 17 3 7 188
46 47 12 6 1 161
33 11 27 24 1 103
13 10 16 19 2 75
46 4 35 37 6 57
50 20 28 22 1 103
38 28 44 50 10 55
4 23 6 15 6 165
9 34 6 45 8 105
31 43 25 39 4 60
13 19 10 18 8 113
40 16 39 50 3 178
14 11 28 15 10 73
16 3 42 16 1 179
14 7 23 37 9 128
29 40 16 28 4 100
27 46 28 10 8 110
41 1 11 42 2 164
41 10 33 19 9 116
6 20 45 20 9 182
14 2 4 34 8 130
31 12 20 3 6 94
18 8 9 7 2 106
43 47 31 1 8 107
31 35 2 17 2 200
10 11 11 1 10 199
4 45 26 14 7 153
17 41 11 50 6 87
36 2 24 36 1 88
28 12 19 2 2 82
27 45 36 8 7 56
14 20 17 21 10 190
6 26 6 18 4 148
2 21 35 40 7 170
48 29 46 17 4 63
3 9 40 25 2 95
41 8 40 27 4 137
41 15 20 47 8 59
11 19 27 15 10 146
38 10 4 30 2 145
50 24 4 35 9 85
17 36 38 39 5 74
4 41 10 49 1 99
41 45 32 44 7 138
6 9 15 21 1 179
31 21 40 29 10 115
33 37 12 31 9 110
5 19 26 20 4 65
2 25 40 9 6 145
2 21 43 31 10 106
40 25 41 38 10 159
21 28 49 46 3 120
21 8 9 43 6 197
12 4 36 4 7 117
49 41 19 49 7 114
28 6 30 23 5 150
45 39 48 14 4 98
40 45 36 35 7 117
42 13 17 17 1 196
13 33 13 30 7 133
33 47 8 17 1 68
5 31 8 17 1 54
39 45 46 14 2 117
50 46 4 12 3 151
23 32 11 25 4 157
1 21 10 16 3 192
50 25 32 41 2 63
33 21 50 23 2 121
26 27 31 36 2 50
20 47 19 29 7 63
42 13 9 31 5 102
9 9 7 36 4 196
18 47 31 27 8 188
39 34 25 18 7 97
45 10 11 45 3 73
10 6 42 22 6 142
19 40 3 16 7 132
42 48 38 39 9 108
21 1 30 24 5 182
28 30 23 26 2 176
22 7 19 7 1 92
38 6 31 47 7 90
14 7 27 46 9 197
21 23 50 4 6 162
41 3 45 8 3 184
38 21 34 27 1 109
20 41 2 3 10 182
27 4 16 43 8 136
49 35 38 47 8 183
27 33 44 2 5 195
21 10 13 41 4 199
8 22 25 6 2 158
40 1 34 5 2 94
27 40 48 48 6 57
22 23 34 16 8 97
43 32 20 50 5 85
44 33 33 13 6 180
37 5 9 18 1 152
11 2 48 23 9 91
28 45 32 9 1 80
42 45 4 15 5 200
26 46 24 25 2 81
7 37 3 9 5 59
43 34 29 4 4 192
6 29 18 14 4 175
14 6 12 26 2 88
12 31 9 48 1 187
20 17 43 32 8 142
8 33 20 45 10 79
47 17 22 4 6 164
9 50 15 34 8 91
44 1 38 43 3 126
46 19 48 7 9 55
12 44 14 2 3 179
17 40 33 29 2 164
49 36 18 42 9 146
19 21 16 33 2 199
4 28 2 13 3 143
13 49 50 18 1 199
11 48 9 14 3 62
47 10 5 32 1 134
45 23 40 8 1 101
45 43 46 30 1 181
43 29 36 46 9 95
34 40 14 14 7 153
19 40 40 15 4 101
44 10 12 46 1 60
5 46 32 22 7 150
46 36 7 4 3 149
33 34 43 39 7 192
8 37 44 30 4 90
35 43 23 18 4 170
15 17 24 4 8 198
29 35 8 44 10 99
9 32 5 23 6 79
14 11 49 9 2 99
13 35 16 4 2 121
15 3 11 50 5 80
12 27 11 33 6 111
18 36 28 20 6 136
28 4 6 40 10 60
45 35 40 46 1 176
42 30 23 49 10 108
16 6 49 33 5 108
35 26 18 34 5 66
31 30 45 13 9 70
30 20 12 15 10 146
21 16 20 44 10 92
38 24 42 45 8 192
11 16 43 36 10 179
10 42 42 5 2 113
43 24 5 5 2 131
4 38 11 4 8 65
20 45 27 13 9 129
4 19 23 3 9 60
47 41 32 10 1 166
34 21 9 28 3 60
47 29 7 36 5 199
29 15 31 12 8 82
11 23 39 1 6 161
26 22 6 30 10 59
38 11 22 13 8 127
50 3 37 34 8 89
29 21 28 11 5 84
23 9 27 15 3 161
18 41 1 13 2 187
16 13 18 10 4 58
7 1 31 46 5 142
43 37 39 38 8 120
15 31 11 5 8 192
7 48 3 45 2 52
32 1 18 9 3 132
32 14 49 32 8 113
25 14 48 46 8 92
2 21 24 37 2 62
31 38 23 18 7 63
43 30 23 3 5 197
11 40 31 32 4 108
14 50 41 42 10 114
50 43 2 29 9 73
28 21 50 18 9 106
39 37 43 16 10 165
36 8 44 24 7 100
12 10 31 27 5 107
18 27 4 25 3 52
17 29 18 21 7 104
16 41 39 33 3 128
25 26 14 28 6 50
7 24 8 46 9 79
37 46 42 30 7 89
24 17 44 49 10 148
36 25 25 26 3 185
9 7 46 43 3 57
36 39 42 3 5 180
40 23 24 19 7 144
49 39 35 42 2 193
7 35 36 12 1 149
3 31 18 19 3 161
31 31 17 40 5 155
12 27 24 24 5 171
40 40 33 13 4 103
50 7 47 40 10 194
39 5 46 15 5 60
29 48 17 3 8 117
46 7 9 48 10 115
49 42 34 5 3 104
46 28 37 29 6 136
43 46 3 40 5 78
29 26 19 41 5 164
4 21 11 24 1 138
49 3 18 39 6 128
9 41 38 44 2 187
43 35 47 21 6 142
7 9 30 46 7 175
33 25 47 11 7 145
18 47 15 45 5 145
33 17 30 36 4 57
36 1 20 36 2 55
34 12 40 29 9 54
36 32 31 10 7 90
13 38 46 3 7 70
21 17 32 25 9 103
8 22 13 46 10 136
18 27 7 8 10 137
1 38 39 11 9 90
32 38 22 21 3 86
35 17 44 50 3 117
46 35 25 48 2 113
44 50 28 24 6 137
23 43 38 21 3 135
27 28 18 20 10 94
21 24 14 14 5 120
3 1 30 36 1 121
11 29 14 34 5 163
10 19 31 31 3 76
36 29 9 19 7 96
36 43 45 47 2 149
47 26 11 41 9 193
20 29 28 31 4 99
22 43 38 45 5 84
34 16 49 39 8 166
15 44 5 46 6 113
47 10 43 42 7 145
32 22 9 31 10 181
31 10 41 28 1 115
47 27 38 50 9 175
2 44 4 30 1 94
2 40 49 8 2 78
37 3 23 50 3 157
37 8 11 48 9 155
25 48 4 31 9 103
32 8 28 17 9 54
45 38 5 39 9 197
18 35 30 7 8 98
38 39 2 19 6 200
30 46 33 8 8 72
12 39 32 16 8 107
3 19 42 48 9 136
29 12 45 3 7 86
13 24 1 24 3 67
41 32 35 13 4 121
4 39 11 47 8 57
7 8 29 44 5 66
43 30 41 10 6 199
12 22 46 39 7 145
47 2 41 26 5 92
15 11 6 40 7 193
18 37 25 18 2 70
24 22 42 8 1 84
47 48 22 44 1 57
44 16 23 38 10 195
49 25 16 10 2 192
18 28 26 24 7 135
22 8 42 24 9 132
3 10 41 30 2 175
16 3 36 37 9 177
19 49 37 13 9 73
4 6 2 23 10 91
28 37 41 46 1 135
9 8 35 28 7 76
43 12 12 4 6 155
11 11 10 24 9 110
25 2 30 21 10 57
41 2 18 2 10 159
26 9 35 35 7 197
13 12 26 3 8 199
50 25 9 19 4 128
2 21 25 37 10 83
45 34 4 3 1 75
43 34 8 33 4 154
19 44 25 6 1 151
3 17 9 44 9 171
36 41 49 7 8 102
20 10 2 9 6 179
9 32 6 13 7 116
38 45 39 47 8 156
25 18 25 18 6 54
19 22 18 4 1 123
22 6 35 37 5 102
10 24 16 28 1 157
5 34 50 46 9 88
13 1 20 47 7 87
2 44 5 14 6 56
49 35 18 31 1 72
45 38 18 31 2 65
5 25 50 43 9 163
20 10 38 21 9 178
41 45 3 30 7 104
27 13 29 44 5 97
10 24 1 18 4 166
9 35 30 15 4 197
16 20 48 31 2 103
8 37 39 37 9 68
44 27 34 31 2 84
8 9 11 8 10 93
5 10 46 5 6 85
46 22 10 20 8 141
13 45 26 29 5 157
10 45 4 18 6 69
3 50 35 6 5 137
40 20 20 17 8 131
41 23 23 27 10 133
15 31 22 36 7 177
33 9 4 15 3 115
4 27 15 32 8 90
36 6 28 43 1 147
14 26 20 49 9 62
29 17 39 2 8 127
14 9 39 15 3 135
14 45 5 45 10 107
27 16 47 50 4 150
15 50 6 29 6 186
10 8 16 23 4 136
28 44 23 45 2 136
1 25 13 47 9 121
24 20 23 24 9 151
14 2 7 7 5 161
9 14 18 22 4 89
24 27 18 47 9 124
30 27 50 40 5 85
3 18 9 41 7 195
45 20 22 39 7 80
39 33 46 41 9 59
6 8 4 16 5 135
34 21 31 44 1 93
50 10 22 47 1 134
50 23 21 10 9 79
37 15 18 7 3 187
13 42 42 2 5 102
2 9 28 14 10 90
6 5 14 6 2 148
37 12 27 13 9 184
46 32 10 45 6 119
29 29 15 43 4 135
47 44 4 7 3 111
4 10 50 19 3 144
24 3 41 45 8 83
33 22 17 14 2 90
37 14 17 38 10 57
3 17 39 35 3 51
47 31 41 15 8 54
27 13 12 41 2 155
14 18 43 26 1 169
44 15 3 31 1 101
13 6 49 47 9 119
29 37 7 8 8 84
19 44 25 36 9 107
33 8 43 24 4 70
5 18 19 35 10 189
9 21 22 16 3 103
18 1 18 12 8 177
17 12 50 48 1 107
36 26 41 10 5 179
37 2 5 11 3 173
38 49 21 14 6 99
23 1 17 1 5 199
33 11 21 6 6 83
35 36 37 26 3 174
5 48 25 18 1 71
27 40 1 11 10 135
8 20 2 27 6 52
19 8 24 47 4 190
27 13 38 21 4 154
35 44 25 46 8 186
28 1 20 40 7 126
10 2 15 16 8 141
14 4 34 5 5 137
19 19 47 44 7 120
36 16 22 34 6 66
16 2 27 13 3 172
32 45 40 5 10 165
38 18 8 23 10 92
17 40 33 13 10 136
40 5 24 40 1 124
24 29 33 16 2 86
43 12 21 17 4 92
30 1 48 24 2 144
1 18 15 12 8 160
29 32 7 28 10 181
29 17 44 20 2 168
36 40 11 20 8 151
40 15 12 12 7 117
17 24 19 17 3 172
3 12 19 9 7 67
6 9 43 32 2 152
6 43 15 31 4 138
42 35 11 13 1 164
15 11 5 49 7 135
46 15 37 19 1 176
37 10 26 43 1 72
5 44 42 25 5 147
31 20 31 26 7 61
14 40 8 18 4 60
2 35 38 42 10 139
41 22 44 38 8 139
37 1 46 14 2 118
41 48 2 15 5 69
41 13 4 45 8 58
30 37 31 37 3 111
44 15 32 15 8 131
41 35 35 13 5 105
31 23 2 11 5 57
7 9 34 3 1 114
28 18 40 29 7 167
26 22 39 22 3 195
29 48 14 29 2 113
36 34 22 23 2 59
7 30 23 1 3 188
