200
19 7 83 73 169 186
64 3 89 8 129 179
4 59 26 75 145 195
80 6 48 87 99 168
75 24 69 60 67 193
11 70 19 85 74 158
73 100 74 13 241 197
27 96 11 16 149 192
67 75 59 64 243 152
28 67 2 21 134 196
50 61 76 98 60 143
88 40 72 87 99 147
47 40 60 13 243 134
31 33 28 48 211 206
94 64 68 55 86 131
45 77 73 90 114 177
2 29 77 92 126 204
23 6 58 56 69 195
92 55 75 80 90 125
98 86 86 33 199 117
31 5 50 49 193 151
69 53 95 92 247 123
86 82 40 74 102 151
58 86 9 41 205 214
40 62 76 13 152 204
24 60 50 94 99 149
83 3 78 13 157 134
86 55 14 99 151 204
84 30 60 91 244 134
31 91 79 10 181 201
58 5 31 37 79 120
92 36 64 63 165 167
20 67 74 69 149 203
24 71 7 81 229 153
85 47 10 30 239 163
59 38 56 42 86 139
57 77 36 44 188 115
44 46 11 67 231 215
25 90 45 12 182 209
78 37 81 35 70 155
66 58 24 9 90 189
38 36 44 18 71 166
9 11 25 46 243 169
24 39 44 55 155 154
53 15 51 6 51 206
43 28 73 62 224 156
24 83 97 87 107 212
68 1 33 67 98 146
83 49 46 21 85 132
17 45 76 83 155 193
74 99 20 54 144 198
2 5 43 40 180 176
19 12 92 50 121 186
60 30 31 23 208 214
36 6 95 21 238 111
24 79 35 38 179 149
20 3 1 26 200 205
71 33 35 38 211 210
87 36 86 31 111 206
24 72 97 3 250 173
72 59 73 63 219 110
62 98 2 92 67 189
43 94 20 91 107 197
57 37 39 57 222 174
30 61 71 15 179 107
54 3 59 60 197 193
30 73 87 87 152 178
29 91 2 89 184 122
100 64 71 9 159 152
72 16 3 81 225 117
81 59 27 75 182 159
8 98 28 74 135 209
87 39 80 78 248 170
79 51 34 39 224 151
53 69 10 18 90 102
78 59 14 100 100 133
15 28 74 55 163 185
40 16 65 20 223 164
96 12 70 9 89 113
74 75 50 93 182 136
89 46 73 42 162 167
39 92 84 82 50 134
99 79 49 28 224 148
61 94 86 61 106 160
23 63 52 13 104 203
37 22 92 61 96 123
32 79 53 59 163 200
45 65 53 43 176 100
97 59 35 78 87 151
28 57 61 87 68 104
40 86 58 14 118 144
4 82 57 13 165 119
19 93 38 51 229 123
89 38 92 95 165 154
87 27 43 48 121 146
18 68 15 64 105 136
22 46 91 45 88 107
57 13 69 30 185 205
25 29 38 94 82 113
56 63 5 24 168 159
12 5 51 12 65 152
35 9 92 64 229 160
24 67 18 94 162 179
47 14 40 22 154 185
81 46 23 20 176 133
67 35 91 65 198 101
88 86 15 16 81 150
69 31 67 68 159 153
14 1 84 100 235 165
28 50 54 10 166 204
49 64 38 94 242 138
7 62 46 62 189 172
79 7 1 98 54 190
95 38 73 46 221 183
17 9 58 34 207 109
42 8 7 43 183 126
68 31 49 71 70 170
91 39 29 43 52 160
30 15 58 55 211 211
53 6 59 17 188 100
88 52 84 7 128 215
64 82 96 36 143 199
11 1 28 26 104 160
70 97 4 3 219 101
57 96 23 15 101 185
38 40 28 64 78 191
67 11 95 34 162 154
82 81 18 50 146 173
45 59 4 93 184 127
45 37 1 5 137 212
58 50 40 39 154 118
34 98 54 56 199 103
79 48 22 5 186 137
76 50 72 54 239 159
67 77 43 97 206 197
22 39 82 62 200 115
8 35 89 76 224 159
47 14 6 67 160 111
73 14 79 5 123 207
64 47 34 82 157 165
67 96 87 64 135 211
100 95 45 90 123 117
25 44 82 45 85 157
63 65 35 21 211 176
57 24 57 21 246 185
47 47 24 32 127 186
54 73 60 95 100 169
59 56 5 56 108 160
57 40 10 81 141 171
97 88 50 49 211 181
55 28 62 74 54 172
53 7 48 82 138 133
88 90 91 38 76 145
87 80 85 89 134 172
32 83 36 25 182 202
62 93 35 5 156 197
58 61 73 82 53 131
46 77 22 9 81 130
9 44 39 58 225 192
96 12 64 20 111 193
91 52 82 44 101 133
37 97 8 65 122 101
23 79 34 49 153 186
100 95 100 66 239 142
47 30 21 2 65 207
54 58 73 23 162 214
5 14 22 33 155 212
77 22 20 7 64 146
95 94 79 57 223 105
97 1 87 43 250 127
1 93 55 50 248 133
80 4 38 61 223 184
70 42 49 85 72 183
75 79 67 23 171 146
32 39 50 99 236 115
41 52 100 74 175 212
76 58 16 33 146 164
2 96 73 31 115 211
39 63 27 20 197 107
24 26 22 98 106 152
46 43 57 13 236 207
6 16 15 22 204 187
94 60 81 54 53 206
95 75 49 22 223 108
74 29 54 17 204 185
15 61 85 34 242 171
60 43 60 72 164 156
39 32 33 49 147 159
33 81 72 22 242 103
36 1 94 23 114 179
80 48 82 45 80 132
12 89 8 86 204 188
9 56 40 32 217 151
19 31 7 16 106 198
100 27 2 71 214 101
93 95 41 93 187 108
81 88 88 79 217 160
17 25 16 58 196 179
27 80 38 97 126 106
9 97 4 73 74 186
