300
31 69 32 87 3 173
39 89 69 28 10 34
7 41 15 56 2 64
10 73 95 43 6 172
66 51 8 49 10 92
25 86 84 67 7 134
55 66 71 82 2 115
24 72 53 74 5 34
72 78 17 52 8 121
13 23 87 63 8 122
88 81 52 81 10 157
73 33 57 63 4 35
39 45 35 39 4 85
27 95 49 38 8 55
18 20 100 55 2 104
45 75 72 10 9 93
11 14 94 17 7 70
100 20 65 78 1 99
17 50 52 67 1 93
5 6 55 37 7 21
95 37 24 79 2 116
94 37 58 95 1 123
42 86 3 60 10 95
35 44 47 27 9 27
28 79 4 25 3 30
1 19 12 67 5 102
15 41 20 62 8 55
67 4 95 66 6 115
86 48 3 70 6 149
28 100 93 65 4 64
75 56 83 13 8 100
72 17 95 46 4 163
49 90 84 85 1 92
91 80 22 96 6 82
81 96 28 90 5 33
39 76 5 47 3 90
29 33 63 5 4 46
72 42 82 84 10 43
82 96 40 5 9 97
84 46 65 43 5 146
90 11 70 64 8 125
66 50 18 17 6 53
53 49 5 33 4 39
88 72 3 49 9 81
11 44 4 71 1 56
81 36 58 64 2 92
51 69 78 97 7 170
59 97 27 9 3 15
30 19 52 45 8 57
94 4 1 30 2 115
8 77 56 71 2 74
97 1 68 40 5 110
93 35 85 100 7 160
43 33 10 69 7 126
29 83 33 66 5 47
6 98 97 90 5 77
20 47 95 52 6 159
42 74 69 22 9 132
64 42 56 95 9 92
61 34 25 64 7 32
86 69 19 75 2 41
33 5 20 78 2 86
28 16 7 88 2 15
8 18 93 9 8 147
31 55 84 23 3 45
71 6 13 66 10 38
64 65 15 15 7 44
19 12 53 24 3 49
49 26 4 57 1 71
22 75 2 85 6 25
63 22 25 2 8 97
97 44 15 15 10 42
83 83 7 40 3 80
49 81 48 40 5 144
22 88 13 73 6 165
87 21 48 51 4 134
64 17 98 80 5 54
100 15 29 19 9 74
16 28 66 45 2 47
1 98 71 66 9 30
23 76 58 17 7 146
47 45 66 96 4 161
35 75 91 95 9 139
40 24 69 63 4 133
39 87 1 36 5 77
92 50 75 35 1 92
54 24 15 23 2 87
68 77 20 98 10 86
31 93 47 75 10 184
20 58 90 52 5 125
9 88 70 67 3 39
36 31 88 18 8 31
62 30 99 21 10 154
52 4 79 95 4 107
85 96 53 47 3 137
75 13 70 70 5 125
63 2 33 62 8 88
56 55 21 20 3 41
84 20 93 18 9 48
66 3 80 49 1 86
11 72 30 98 4 196
43 65 71 59 10 60
5 15 53 7 4 8
95 53 20 33 9 51
37 47 24 87 7 49
25 18 22 93 6 50
96 1 67 70 3 42
13 53 74 58 6 106
92 27 70 65 3 173
77 95 33 61 5 181
90 70 61 100 7 148
46 45 27 31 7 45
43 56 100 88 2 132
42 26 8 14 6 25
28 74 64 62 2 114
7 90 63 89 7 14
78 34 14 19 6 23
12 72 17 86 10 98
96 93 30 88 8 90
8 63 37 67 6 43
26 3 32 43 6 45
48 57 25 65 9 61
57 100 8 54 9 58
10 37 92 19 10 102
5 42 69 35 1 124
24 3 33 15 2 49
72 99 40 10 7 149
85 79 60 27 7 142
100 63 9 93 8 67
81 84 45 52 3 148
96 56 8 23 5 30
1 94 17 39 6 45
4 86 2 13 3 150
8 71 74 28 3 95
56 71 50 68 4 137
16 2 25 85 9 72
44 4 80 18 8 21
78 51 28 45 6 103
12 29 13 52 10 36
78 14 63 54 10 60
36 88 51 98 10 89
14 49 22 69 10 104
92 41 96 67 2 133
56 10 68 43 10 94
80 85 42 22 3 39
21 29 80 29 8 138
28 28 24 23 3 33
84 59 98 98 7 154
60 82 91 96 7 113
31 4 6 74 8 19
12 16 34 26 4 36
56 99 9 54 3 151
90 21 39 71 7 156
50 66 38 73 6 62
83 29 66 1 8 62
22 17 38 55 9 110
92 44 78 20 1 102
79 24 97 47 2 116
10 88 67 55 5 170
51 7 99 21 10 21
33 36 46 16 4 28
94 26 17 20 8 138
89 85 41 63 6 41
10 72 87 41 4 11
93 16 42 10 2 91
57 13 55 74 10 115
7 76 16 11 10 11
56 83 69 76 9 154
53 81 51 40 6 112
88 31 94 66 6 112
62 38 68 18 9 52
51 11 87 97 2 194
31 69 95 69 9 37
23 81 9 2 10 2
12 65 36 41 6 128
67 74 51 48 10 114
8 32 58 24 7 40
85 24 38 49 2 166
13 67 27 46 1 129
32 26 47 97 9 155
89 71 11 2 10 151
78 98 8 25 7 71
46 32 95 90 5 186
14 34 43 59 9 99
84 2 20 59 3 18
48 45 16 22 6 62
23 47 72 74 10 72
46 53 16 44 1 24
10 5 81 53 2 119
98 25 97 61 6 70
64 98 67 57 7 108
39 22 94 6 3 25
53 98 76 70 6 55
51 17 90 95 6 160
19 27 82 57 7 145
64 40 86 38 5 132
11 3 38 50 6 32
40 40 74 72 10 123
6 9 86 24 9 127
13 32 22 94 6 153
100 98 90 83 5 88
23 48 23 81 5 26
75 68 15 48 7 17
80 31 53 53 5 65
47 95 39 86 9 116
93 23 49 75 1 144
49 37 27 15 6 90
25 43 91 99 6 162
4 82 40 89 3 61
55 3 69 79 1 51
67 15 17 12 1 70
28 33 90 17 1 30
16 17 34 95 10 56
42 15 88 96 9 170
71 51 77 57 5 115
92 27 3 64 8 139
79 36 30 95 8 186
26 92 33 27 9 133
19 59 40 8 8 58
24 66 51 88 9 115
53 34 79 89 3 156
55 59 2 64 2 100
83 80 14 82 10 166
46 7 34 85 3 89
29 87 11 62 1 133
2 37 70 69 9 18
39 18 46 100 1 131
60 58 46 71 2 64
32 96 13 89 6 95
4 50 13 58 6 90
39 59 58 25 10 106
81 68 33 74 5 159
40 21 73 68 1 124
77 57 99 81 4 119
80 6 8 2 2 78
31 16 86 8 3 94
34 51 82 21 5 144
76 42 72 3 9 4
30 80 70 85 8 63
42 7 8 83 3 101
55 54 50 34 5 65
50 45 85 64 6 161
32 12 1 95 2 157
55 19 6 22 8 29
67 13 22 99 6 79
67 70 62 23 6 120
19 91 82 22 3 121
46 18 84 52 8 39
24 57 81 27 3 102
85 73 55 68 5 128
96 35 40 53 4 175
6 66 10 38 8 31
13 51 10 25 9 74
2 34 74 6 2 118
64 18 6 71 2 120
14 97 53 88 8 15
56 16 82 73 2 103
55 23 77 70 3 97
28 46 27 70 10 68
63 90 14 16 10 22
84 62 90 23 6 38
95 82 11 68 1 44
26 81 64 72 8 93
72 36 90 22 9 86
28 52 70 74 9 57
67 70 10 67 9 20
40 40 20 55 2 32
85 59 80 65 4 128
48 48 73 80 9 108
39 73 89 98 10 88
96 30 61 39 4 38
11 16 33 47 6 81
98 80 34 27 8 127
67 76 96 11 7 149
55 51 31 10 9 110
99 41 75 11 1 14
75 55 40 46 6 105
36 64 13 77 2 68
54 23 20 66 2 47
54 77 68 39 4 52
28 92 74 52 1 150
30 35 38 56 2 30
53 86 79 45 5 50
99 99 35 43 5 196
25 86 7 93 1 75
19 1 96 2 10 128
87 29 85 35 6 44
80 40 100 47 8 92
74 76 6 12 9 120
75 81 32 45 8 39
39 36 75 53 10 89
80 69 97 90 3 141
3 70 38 76 3 57
61 83 28 80 4 160
66 12 99 80 8 85
21 1 100 20 10 125
21 76 1 10 4 66
12 85 27 22 8 142
85 61 9 23 5 130
67 40 64 74 6 95
