450
73 55 86 105 4 240
244 277 219 366 4 4620
86 66 103 141 7 1320
80 73 90 125 4 780
179 166 189 266 3 1620
163 173 162 294 4 3840
136 128 136 212 3 1980
115 113 119 164 2 3600
31 25 38 49 7 360
51 53 61 89 6 120
46 42 61 66 2 360
50 48 64 70 2 120
35 33 43 52 1 840
76 77 78 124 3 2760
42 44 56 66 1 1260
44 40 52 69 7 540
48 45 63 76 2 1980
55 55 68 104 6 660
109 119 113 180 3 3240
52 45 63 76 1 240
49 38 58 70 2 420
172 176 193 281 3 3960
67 74 71 104 2 4080
57 43 67 74 2 2340
183 174 179 278 3 1980
57 56 68 88 1 360
46 39 48 71 6 300
118 112 138 184 3 3600
51 44 60 74 2 1260
119 119 121 181 3 2760
120 133 131 211 3 2700
61 63 83 114 4 960
99 97 93 149 2 3840
62 51 66 91 2 1140
43 42 60 77 2 1380
66 70 77 122 7 1320
185 208 200 331 5 2880
61 60 76 90 2 1020
112 111 135 167 3 2400
81 65 101 143 4 600
51 42 62 68 2 2460
79 89 87 117 2 4020
130 136 139 201 3 3660
108 115 108 181 3 1980
75 56 89 111 4 960
33 29 36 47 1 240
175 178 210 279 3 1440
59 52 65 94 1 240
62 57 66 82 1 840
52 44 58 85 5 960
155 140 144 220 3 4440
87 88 89 127 3 2760
58 54 65 91 1 1680
33 28 35 50 2 300
60 48 62 80 2 660
93 89 106 153 3 3120
67 60 83 106 7 1380
162 169 173 246 2 4020
55 47 69 89 2 420
98 98 115 144 3 3720
58 52 65 88 4 600
57 53 71 94 1 2160
52 56 70 78 2 900
30 30 37 42 2 2820
65 58 70 84 1 2040
72 68 75 105 2 4200
133 131 131 186 2 2940
162 163 176 215 2 4260
171 165 161 225 2 2820
53 55 67 79 2 1200
66 56 77 96 1 2460
51 46 64 88 6 1260
168 175 188 260 2 3420
116 118 110 167 3 4140
145 163 173 242 3 2220
53 50 69 84 2 2640
46 42 60 67 1 2460
45 40 52 67 2 2700
72 64 89 126 6 900
43 39 52 69 1 1260
145 169 156 222 2 1860
131 125 118 180 2 2100
57 50 69 79 1 1080
162 188 197 273 3 2400
120 115 103 187 4 4560
30 30 34 44 2 1440
137 127 128 191 3 4260
35 35 47 58 1 1680
40 33 41 55 2 1080
45 43 54 59 1 2700
55 53 74 99 4 240
162 161 168 248 2 2880
80 65 95 116 5 480
94 91 83 144 2 3540
35 37 42 59 2 840
50 40 56 72 2 1380
154 137 157 241 3 2220
50 46 60 82 1 2100
36 34 46 60 2 1260
167 154 156 217 3 2460
48 37 56 71 6 300
159 170 167 260 3 3840
91 92 104 148 2 2100
66 66 79 116 4 1080
161 151 176 270 2 2280
51 47 68 89 1 2820
161 176 177 273 3 3420
42 36 51 59 1 840
36 32 45 50 2 1680
80 72 91 110 5 1380
49 47 68 80 2 240
80 81 87 116 3 4080
51 53 62 81 2 2400
38 35 47 62 2 180
75 73 84 122 3 2460
155 181 192 237 3 3900
34 33 46 59 1 540
34 30 39 53 1 2820
67 63 86 108 4 120
130 127 137 186 3 2460
37 36 44 52 1 1320
200 248 221 350 3 4500
47 40 58 71 2 720
163 183 155 266 5 4680
168 190 155 246 4 5460
65 52 66 96 1 1440
53 45 52 77 7 960
50 46 53 69 2 1860
161 179 176 294 2 2160
163 175 167 250 3 4260
92 82 116 136 5 600
43 42 50 72 4 720
45 43 65 81 1 1440
225 238 217 310 3 4740
135 141 116 198 4 5580
64 54 65 105 6 1380
119 114 103 165 5 5520
60 49 69 96 2 1620
72 54 88 111 5 60
47 41 57 72 2 1860
130 111 134 194 2 2760
150 129 138 214 2 4200
228 227 220 330 4 3480
142 152 156 212 3 1560
117 127 128 174 2 1920
56 44 64 89 4 1140
57 48 69 84 4 180
41 35 43 56 6 360
94 85 106 142 3 4200
52 57 66 77 1 2580
173 185 209 255 3 1440
116 118 114 176 2 3720
48 47 58 68 1 1500
166 156 175 241 2 3720
30 24 30 45 6 960
97 86 98 153 2 1680
86 79 85 134 2 2640
82 76 92 131 3 2400
30 32 40 47 1 1920
53 50 61 78 2 2340
44 40 55 75 1 2520
171 186 195 273 3 3720
52 43 52 70 2 1680
32 29 45 54 1 2640
175 165 182 253 2 4260
31 32 37 46 2 1440
101 94 115 155 2 3240
140 144 133 191 3 1800
79 61 97 125 7 1320
49 50 63 78 2 1140
56 51 67 94 6 1080
58 47 71 81 1 720
51 44 58 75 2 480
107 102 117 170 2 1680
61 51 67 77 2 1080
135 144 146 209 3 4260
167 168 178 259 3 3360
42 40 48 68 2 1320
40 39 57 71 1 1980
77 78 98 139 3 2340
174 177 184 237 2 1620
90 91 86 137 3 3900
41 37 48 61 1 1740
84 79 111 144 6 300
160 182 186 249 3 3000
134 134 161 232 2 4200
52 44 67 86 2 2460
31 32 37 49 1 1020
78 76 88 114 2 3720
42 36 50 56 2 2520
62 49 68 96 2 1320
165 140 152 234 3 2340
70 63 82 123 7 1380
37 31 44 51 2 2400
85 77 95 117 3 3780
57 50 71 88 2 2700
97 103 120 159 3 2340
170 155 166 269 2 3840
115 105 112 161 3 1740
44 44 58 68 2 1320
41 43 55 67 2 120
32 27 37 49 7 960
29 26 41 50 1 660
54 46 59 77 2 2760
40 30 45 53 1 1200
37 33 40 49 2 1260
61 50 80 99 7 780
61 68 65 102 3 3360
31 30 35 47 2 1560
186 174 195 294 2 1860
54 53 63 82 1 2040
70 69 84 129 4 660
56 55 63 90 1 600
51 55 62 91 2 1140
27 27 37 53 5 1320
51 47 60 82 1 1680
53 52 66 77 2 2580
152 141 140 219 5 4320
145 129 149 217 3 3720
50 43 51 67 1 2460
72 74 94 136 4 1080
218 207 184 329 3 4140
55 53 63 80 2 1200
50 46 67 86 4 1260
31 25 39 43 1 360
213 210 199 308 4 3780
169 166 165 254 3 3240
57 52 70 102 6 780
56 55 72 86 2 900
69 57 75 122 5 1020
76 58 88 123 6 1260
64 53 77 93 1 2820
112 114 93 158 4 4500
46 50 59 69 2 1260
80 86 90 136 2 2460
35 26 40 56 4 300
136 123 149 199 2 1560
47 45 54 74 1 780
53 45 69 76 2 2220
74 73 75 116 2 2640
24 21 29 44 5 720
54 48 54 76 1 1140
50 42 61 67 1 180
73 72 76 117 3 1800
52 49 63 88 2 120
77 67 83 129 7 1140
179 175 193 268 2 2100
162 142 155 218 3 1800
33 29 41 45 2 1320
40 32 47 56 1 1440
165 169 184 261 3 3720
117 114 113 164 3 3300
49 47 68 83 1 120
59 51 66 83 2 480
21 19 24 34 6 120
96 96 91 159 3 3420
167 177 157 219 4 3720
48 44 58 76 1 540
45 42 53 63 2 2220
59 53 62 83 2 2580
31 31 41 50 2 300
88 89 96 133 2 3360
141 144 152 234 2 2400
52 43 57 73 2 2700
161 181 154 294 3 4020
38 31 41 60 1 1080
52 44 56 83 7 120
29 24 36 48 6 960
43 34 44 59 1 1680
37 34 45 50 1 1620
197 192 189 262 3 2460
56 55 77 93 6 240
69 59 65 90 2 3420
87 95 84 144 5 4020
52 49 68 79 1 1680
79 71 87 112 6 960
42 40 53 68 2 2700
74 80 106 134 6 420
60 56 68 90 5 1380
154 144 181 243 3 2040
154 164 175 249 2 3720
93 84 93 131 2 2520
23 21 29 43 6 780
165 167 194 247 2 4260
46 39 56 61 2 1680
163 174 160 266 3 4080
139 126 155 201 2 2940
177 173 164 238 5 4440
44 41 45 64 1 2340
51 46 59 75 1 2460
36 30 40 53 1 720
36 29 42 48 2 1800
39 34 41 61 6 1200
35 37 46 68 5 900
102 98 105 142 2 4140
39 35 41 56 2 2340
36 36 41 51 1 2220
47 40 54 77 6 540
107 103 115 141 2 4080
49 44 53 74 4 1260
82 83 89 131 3 3300
50 50 68 87 4 360
64 55 73 99 4 660
21 19 24 32 4 1200
37 38 50 62 6 960
70 64 94 134 4 120
71 66 90 133 5 60
93 77 94 142 5 1200
61 53 71 95 4 120
38 38 44 57 2 2220
34 34 38 55 2 2640
54 43 61 80 5 1380
76 63 88 104 4 1320
156 178 163 247 2 2100
62 55 70 81 2 540
50 46 50 76 2 240
247 257 246 352 3 4620
32 29 36 51 6 960
98 105 112 172 2 2580
51 46 56 68 1 600
43 43 54 79 6 780
37 33 45 55 2 2460
41 34 47 61 2 1680
143 145 140 219 5 3900
35 31 40 54 2 1320
51 48 64 75 1 2580
147 144 138 206 3 2820
40 33 49 60 1 2760
86 83 103 147 3 4140
60 65 61 99 2 2100
169 197 193 310 2 1440
57 50 73 79 2 660
34 33 42 55 1 1140
112 130 116 188 3 3720
46 38 53 60 2 2340
71 72 66 107 3 4260
33 31 41 47 1 1020
40 37 54 64 2 2760
185 171 197 261 2 2940
42 38 47 77 6 1200
42 38 55 67 1 2640
62 47 61 99 5 1260
111 104 105 141 3 4080
36 37 46 55 1 1680
32 31 38 48 1 1980
48 42 56 68 2 120
40 36 51 58 1 180
35 33 43 54 2 720
191 238 200 308 4 3960
98 100 93 157 3 5040
53 48 68 90 6 1380
35 33 40 54 1 2700
33 32 34 45 2 240
156 150 156 216 2 2880
129 155 138 218 3 4440
53 44 66 71 1 1200
26 22 27 36 4 600
89 85 99 154 4 840
209 210 221 302 3 4260
51 48 65 88 6 780
32 28 35 42 2 2820
233 271 211 350 3 5580
143 162 182 219 2 3060
41 40 50 65 1 2400
50 48 53 86 6 960
194 211 183 275 5 4860
161 173 166 249 3 2040
135 120 134 178 2 1800
127 123 137 179 3 3720
218 230 207 361 5 4560
42 39 47 60 2 2640
132 146 148 204 3 2700
125 126 126 177 2 3180
45 42 59 67 1 840
51 41 61 75 1 540
52 39 56 66 2 1020
69 55 82 97 6 540
18 19 23 34 7 1320
51 45 61 80 2 1500
45 44 59 70 2 1860
45 41 48 67 1 1320
32 33 38 55 4 1200
221 232 229 371 5 4260
100 100 107 148 3 2220
77 69 88 120 4 720
58 65 63 91 3 2520
41 40 54 69 2 900
60 58 62 87 2 2580
151 144 153 255 2 3420
172 173 180 249 2 3600
43 43 53 72 1 2100
56 47 62 93 5 1080
46 42 48 64 1 660
117 125 144 207 3 1620
125 115 116 205 3 2820
37 32 44 61 2 480
219 257 211 314 5 3000
143 126 140 197 2 3060
35 31 45 54 2 1320
38 35 47 52 1 180
41 37 56 63 1 600
53 44 64 74 2 1680
248 267 210 334 5 4500
49 41 60 73 1 1680
72 74 69 100 3 1500
130 120 110 183 4 3240
42 39 52 59 1 2640
88 90 104 159 2 1680
226 244 225 338 3 5100
55 49 71 77 1 1860
36 34 42 60 1 2340
172 152 174 241 2 3540
55 56 71 99 1 120
31 30 38 45 2 420
197 176 173 287 2 2400
121 122 128 212 2 2400
69 74 81 110 2 3780
36 32 42 61 7 1260
55 53 59 77 1 480
254 244 211 358 5 3240
42 35 48 67 2 1140
131 127 110 183 4 5580
35 32 44 54 1 480
115 123 102 161 3 3960
33 27 36 50 2 780
84 88 116 149 6 360
42 36 47 58 6 480
90 88 108 144 2 1920
59 55 64 84 2 1500
63 62 61 95 3 3240
114 134 127 190 2 3120
142 141 154 198 3 2760
48 45 57 78 4 600
38 37 43 57 2 960
97 108 117 150 2 1740
59 51 66 87 2 1380
30 29 35 49 2 2040
58 48 66 91 1 840
156 157 171 268 2 3180
119 132 135 218 5 5520
103 122 91 153 4 5580
85 94 85 139 3 2640
194 198 199 275 2 3660
46 39 55 68 2 360
98 83 106 135 2 2640
164 164 176 248 3 4080
149 152 166 252 3 3360
52 46 57 76 2 600
193 194 209 265 3 3660
131 122 145 182 3 2820
