50
170 49 88 38 149 2435
111 182 171 99 50 277
188 33 197 131 111 1840
80 45 58 61 70 1379
150 122 172 134 122 1472
49 182 56 118 121 3506
195 72 78 154 87 2512
35 140 31 58 77 2713
179 29 92 59 126 1859
162 90 166 127 79 3372
128 87 29 79 128 2089
69 32 85 98 124 383
143 54 51 92 142 965
123 57 108 183 115 1125
79 101 81 173 85 1606
159 132 99 117 66 914
24 123 20 82 78 2057
192 173 185 116 81 2025
66 57 150 150 111 1371
84 154 40 64 59 186
107 41 149 161 145 3525
119 70 99 112 65 2279
88 163 96 51 62 1150
138 27 163 165 121 673
179 138 20 115 92 360
70 110 125 33 142 594
182 88 78 89 75 3231
186 161 178 131 69 3284
78 158 179 143 60 347
157 173 130 163 90 2526
100 52 103 133 106 273
70 49 147 180 89 1708
187 67 79 73 149 2549
52 86 133 160 96 3115
63 132 183 189 101 1920
195 39 166 87 92 1227
138 162 199 64 61 3383
54 89 141 196 53 827
102 128 194 42 104 813
192 160 94 149 139 2378
144 159 74 82 128 223
29 114 26 96 133 2007
102 148 44 96 90 1332
112 80 95 175 118 1289
142 81 146 171 109 2615
117 108 20 127 113 1779
105 102 191 38 102 3348
134 131 150 52 134 2238
121 142 127 141 65 1118
24 24 98 63 108 2160
