350
23 22 38 5 100 1886
11 35 6 44 100 2887
12 10 44 40 80 2711
17 37 31 11 90 1485
49 16 14 27 100 63
38 49 7 47 100 1452
33 43 37 24 100 664
18 10 17 37 50 265
26 46 30 26 70 425
19 17 7 11 80 1070
7 21 25 29 100 3475
7 30 13 48 100 2371
45 35 10 44 70 1740
45 30 39 19 100 243
23 40 46 24 80 2377
8 18 41 39 50 1518
8 19 48 20 50 362
20 26 22 8 60 375
9 7 14 9 90 675
25 48 7 33 70 2965
26 17 20 39 100 993
11 22 46 14 50 1425
32 9 7 34 60 2382
34 33 16 48 70 298
21 27 13 23 90 1799
46 21 45 28 50 3059
37 23 47 14 50 663
46 47 27 32 100 2060
26 36 49 35 90 2695
18 14 19 47 70 1144
32 50 8 28 90 2041
36 40 18 47 50 3260
42 40 25 11 100 3287
7 17 33 49 60 2968
33 46 46 18 80 1478
46 37 7 10 70 2806
9 21 42 19 90 1294
26 22 47 10 90 1515
16 21 24 14 60 607
41 9 35 40 60 1277
45 25 17 45 100 2825
8 7 5 37 70 1317
46 50 7 37 100 701
40 43 35 11 100 1524
8 19 50 25 80 2483
29 10 43 14 50 2757
28 11 43 5 90 3271
17 26 9 14 90 1966
33 30 8 39 100 2316
7 24 28 22 50 1443
50 9 9 45 100 2912
27 21 47 33 80 107
24 36 16 34 60 592
15 27 36 49 80 3431
36 27 6 31 50 71
28 50 50 32 70 3467
25 12 19 32 100 1584
46 22 49 40 100 1998
31 30 44 50 80 664
34 21 50 12 60 652
39 8 45 41 100 2143
13 6 27 27 70 2784
31 8 23 40 100 212
23 42 30 44 70 2688
22 50 43 16 100 2204
14 48 30 9 50 1172
43 31 49 48 90 839
25 33 26 24 80 209
14 35 40 10 80 807
30 31 33 31 60 1318
46 27 46 8 100 2090
40 23 25 5 90 3044
6 8 48 36 50 2162
46 34 16 18 90 1799
45 43 7 13 50 1961
50 17 39 17 100 2664
5 7 21 49 70 806
34 14 9 33 70 1480
25 43 15 28 80 2852
42 30 5 41 100 295
37 38 13 14 80 989
30 30 44 21 100 2167
49 50 28 29 80 2247
27 50 10 30 90 1544
10 49 34 22 70 448
31 32 12 29 80 1297
8 31 48 46 50 3254
19 50 27 5 100 2502
43 18 5 6 50 630
31 27 6 9 70 2761
22 38 22 9 60 3248
28 21 22 22 100 6
39 20 29 34 60 730
34 5 10 9 80 2518
32 35 19 13 60 508
10 34 41 24 60 2876
29 10 34 44 80 2562
24 36 32 10 70 2441
18 6 34 27 90 3498
9 22 14 29 90 1927
31 29 24 12 80 1020
28 27 44 37 60 1858
48 35 10 23 90 1630
35 44 41 38 70 2890
23 23 25 45 100 2444
35 15 31 50 70 2094
35 32 19 27 90 395
7 27 19 15 90 2199
45 30 18 6 60 3009
33 29 26 20 60 2443
15 43 34 25 80 3056
36 26 26 12 100 121
9 39 6 25 90 2506
33 5 30 26 70 2059
17 12 42 19 70 3250
41 35 16 47 70 762
32 10 34 43 50 1516
42 28 8 15 90 481
17 15 45 31 80 2993
23 21 23 39 60 3414
40 47 17 27 70 2600
50 31 36 8 70 2395
46 46 9 27 50 704
41 15 19 34 100 3099
38 12 44 10 80 1373
22 10 31 46 60 822
39 35 19 48 80 449
7 32 33 37 70 2302
27 16 14 26 60 2529
37 27 36 8 60 3442
43 34 28 23 50 233
23 26 29 18 100 437
42 44 43 10 90 435
37 9 44 7 70 2827
11 26 10 28 90 1741
6 16 18 40 80 2479
15 14 16 37 60 346
28 39 42 19 100 955
16 21 37 24 60 3348
32 28 28 6 80 1673
45 44 48 11 80 811
46 5 15 15 70 2144
20 39 25 5 100 1830
30 40 23 49 80 929
31 23 30 38 100 2868
17 19 17 44 80 2842
22 35 11 49 90 356
5 24 17 14 90 1012
30 50 38 31 50 1787
16 13 28 35 60 1990
48 49 21 38 100 3103
17 39 20 29 100 872
13 44 44 18 100 3459
8 7 47 45 100 2219
26 20 34 47 50 789
20 25 36 32 90 2432
34 8 35 27 50 517
30 39 42 35 60 990
10 17 18 26 100 2604
35 12 33 26 50 1399
34 44 15 5 100 3154
21 34 30 14 100 427
25 27 36 38 80 1333
19 13 39 20 100 645
46 30 22 19 100 354
42 19 48 26 100 3464
13 39 9 27 60 2367
31 21 6 21 50 2777
10 6 37 32 80 2050
44 24 27 14 60 701
44 29 19 39 50 100
44 16 49 49 100 2227
10 9 12 22 80 1124
11 36 22 34 100 1453
20 37 36 12 60 775
26 18 5 19 50 2624
26 23 17 42 50 2164
46 19 31 20 80 2485
30 27 14 43 80 1136
23 5 26 31 100 1994
43 7 7 25 100 1644
21 24 27 7 70 843
44 7 12 22 60 658
20 21 40 42 70 806
46 18 13 7 50 2819
23 9 37 48 80 2248
21 29 31 6 90 2122
43 7 16 38 50 1328
17 32 10 40 100 3214
29 35 19 30 80 302
36 21 12 13 70 2470
8 41 27 11 60 1752
24 50 27 48 60 2941
15 21 31 38 60 132
16 44 7 38 60 2916
24 8 40 7 100 1719
35 25 22 5 80 2480
5 9 9 39 50 1028
21 30 34 34 90 283
26 9 28 47 100 671
24 8 13 47 80 2462
49 41 48 24 50 1188
23 17 26 50 50 358
49 25 46 40 80 2615
32 11 9 15 50 2259
48 47 26 23 90 3168
46 28 25 7 60 945
15 14 21 10 90 747
40 17 18 31 80 2657
32 36 15 26 50 922
49 35 36 8 100 194
39 14 14 5 90 2193
41 15 22 21 80 3314
20 38 9 50 100 1702
38 22 39 23 60 2569
36 35 12 36 60 1577
22 26 31 32 100 1090
22 10 23 47 80 833
21 37 19 30 80 2911
44 15 39 9 70 3397
22 46 42 45 100 2489
17 32 10 22 70 3368
37 34 32 12 50 1994
15 36 31 22 50 3354
12 17 22 45 90 3170
16 22 24 30 70 1582
45 30 34 34 80 690
23 9 13 15 80 2549
46 11 46 15 100 534
26 40 49 29 60 2608
18 27 34 50 90 1875
39 40 14 18 50 1564
8 31 27 14 50 547
5 49 40 19 60 2304
35 45 20 12 70 382
12 24 36 14 80 1627
38 47 7 41 50 2234
35 44 34 10 100 1185
19 32 37 40 90 1753
31 36 28 17 90 1337
28 49 17 9 80 546
24 43 6 46 60 1787
6 32 13 48 100 352
19 38 19 50 50 119
13 29 28 10 90 2250
40 34 19 20 80 2711
29 28 41 28 90 3009
8 26 41 6 50 2804
37 23 38 34 90 2894
31 43 5 29 70 985
26 16 42 50 50 99
43 18 6 39 100 1652
34 47 32 49 80 15
22 20 29 25 50 1252
37 20 26 20 60 1704
38 6 38 42 50 2623
16 47 33 6 60 285
45 13 15 31 50 934
23 9 7 13 80 693
50 16 12 27 70 1845
9 41 18 13 90 3350
27 33 37 12 80 2343
26 18 24 6 70 1870
27 43 48 28 60 1313
36 30 48 31 60 2701
44 13 47 25 90 2519
31 44 34 29 80 1312
48 47 44 9 100 77
18 10 11 41 60 2671
8 11 35 15 80 2015
22 14 24 23 100 1421
20 37 9 25 90 2241
36 12 14 8 100 709
32 14 14 22 50 3154
48 39 11 36 60 1881
17 42 27 40 50 1649
25 28 23 25 70 953
30 12 19 12 80 2952
22 38 34 42 100 1032
30 8 8 20 90 1331
39 44 19 23 100 2563
28 10 24 20 90 1299
35 46 41 43 80 3270
50 16 10 38 80 1364
47 19 31 14 80 1455
40 17 30 26 70 614
40 14 43 50 60 2730
7 41 19 23 70 777
34 40 16 43 50 655
23 40 15 37 70 3045
29 37 44 27 100 1426
13 8 47 47 60 115
23 44 28 47 60 2428
24 32 39 41 80 713
45 39 35 39 60 2692
13 18 42 11 100 2303
26 33 45 42 80 2987
48 20 18 27 60 1395
35 5 34 21 60 2458
35 14 21 9 50 2033
47 6 21 22 60 2202
30 5 45 49 100 1327
33 8 5 28 50 2568
32 36 48 5 60 2013
43 22 24 12 90 1627
16 28 43 40 60 1099
19 40 49 31 100 2533
38 35 14 8 100 967
48 23 22 5 100 977
48 33 48 25 90 2738
10 16 44 47 100 1729
14 22 36 8 80 1037
6 44 11 33 100 1434
39 31 48 38 70 2938
38 15 9 13 70 1629
45 46 8 37 80 1668
33 18 18 11 60 375
49 17 40 32 100 227
23 35 14 21 90 722
44 30 14 47 70 86
24 48 39 23 90 1004
45 20 42 39 50 1407
34 27 13 44 80 1725
10 7 50 12 80 2083
15 31 14 31 50 2563
14 35 46 49 100 83
29 44 40 30 70 2079
5 8 9 12 50 270
33 25 5 36 90 1141
32 47 46 36 90 3069
21 45 32 9 50 1628
21 12 36 20 100 1183
8 14 13 32 50 2816
31 42 30 10 70 1445
22 31 37 50 70 1451
41 29 21 10 100 1413
31 41 7 16 60 250
42 14 41 5 60 2597
23 10 6 32 50 3184
27 45 6 26 80 1063
47 44 15 34 50 3320
50 10 41 37 90 472
14 5 10 24 70 3204
12 14 38 38 100 3415
8 39 43 30 60 1031
15 30 50 40 60 585
12 19 5 34 50 32
47 37 44 34 90 2071
36 16 43 25 90 3279
34 34 43 35 100 491
