100
129 132 129 187 3 1560
41 41 54 75 5 1380
213 226 210 361 4 5700
53 45 62 87 1 1740
46 43 51 75 1 720
177 174 164 248 3 2280
39 36 50 67 1 300
45 40 52 59 1 1980
35 32 39 47 2 360
62 51 79 88 1 2460
56 57 68 80 2 2820
86 87 104 145 4 1320
58 59 68 85 1 240
52 54 63 93 1 2100
84 70 86 119 6 1080
61 58 73 82 1 1140
178 183 192 257 2 2760
52 45 62 79 2 1080
115 100 123 164 3 1560
37 35 43 56 2 2160
118 120 125 164 3 3300
97 80 99 162 6 840
109 100 101 158 3 1440
202 207 186 287 4 3120
77 68 70 116 3 3540
39 36 49 53 2 1140
80 78 104 121 4 660
50 46 58 71 2 2340
212 224 191 305 3 4680
75 67 98 116 6 900
55 48 64 80 2 840
30 26 37 50 1 1200
74 65 85 124 4 1200
182 179 167 253 5 4200
69 65 67 101 2 2280
189 175 180 281 5 4980
41 32 47 50 1 1140
163 173 158 220 3 3600
57 44 67 77 2 1200
31 32 42 51 1 1380
54 50 73 93 2 420
32 32 45 62 6 1140
50 54 60 76 1 2580
60 54 66 92 6 540
99 93 111 141 2 2280
128 133 109 168 3 4620
48 40 57 68 1 1260
167 177 174 274 5 5100
39 35 46 59 1 1200
55 46 61 72 2 1680
106 115 113 171 2 3180
122 136 135 179 2 2340
90 93 85 129 2 3060
56 56 71 85 1 1260
67 51 79 103 6 180
167 154 180 227 2 2280
222 247 247 330 3 5700
94 99 105 160 3 2760
134 141 171 249 2 3540
53 46 60 67 2 1560
162 172 146 223 4 3180
82 88 103 136 3 4260
53 53 61 76 2 780
56 49 65 80 1 2760
53 45 64 82 6 900
90 80 97 126 3 1680
133 115 119 190 3 4200
229 219 189 369 3 5640
243 268 226 372 3 4320
189 179 165 284 3 3300
120 116 120 170 3 3720
57 52 66 78 2 540
60 47 69 81 1 1920
26 26 31 48 6 540
33 27 38 50 1 780
41 39 51 68 1 840
72 65 99 135 6 60
49 48 68 92 7 60
45 38 48 63 6 1260
84 82 99 138 4 480
108 107 102 147 4 4980
147 131 154 194 3 3600
124 139 114 192 3 4920
88 78 111 136 7 180
132 142 122 207 4 3780
34 33 41 52 7 420
83 79 97 132 5 420
53 55 63 95 1 2700
37 35 51 66 1 900
51 52 58 94 4 1320
33 27 40 52 7 1020
210 259 202 308 5 4020
33 28 33 50 1 360
50 41 61 76 2 1080
138 147 141 220 2 2340
163 154 173 226 3 1620
65 64 73 100 2 2460
79 80 106 135 5 1200
39 33 43 56 2 120
100 110 111 163 3 3120
