350
91 12 52 52 10 12
25 73 49 38 10 29
97 99 13 25 10 13
49 71 86 63 7 54
37 11 28 99 5 21
81 58 32 87 3 76
37 92 56 14 6 27
25 40 35 84 8 57
12 28 39 44 3 37
53 50 28 51 7 75
19 94 80 94 8 61
78 82 72 93 9 222
71 25 96 16 10 66
71 46 28 80 7 131
50 80 55 52 1 215
36 57 27 21 1 82
12 76 18 37 4 54
46 15 71 55 8 88
52 66 73 68 10 255
85 48 84 79 2 245
33 39 24 48 9 131
42 53 15 24 6 82
35 98 70 48 1 193
68 94 70 83 5 444
39 78 58 86 7 260
71 86 57 12 5 98
61 70 95 32 9 207
61 28 13 40 1 90
82 35 78 30 5 268
37 75 67 53 7 299
30 45 40 70 10 263
58 24 87 27 9 181
45 81 39 55 8 389
50 15 54 78 7 145
44 68 78 94 8 458
64 36 65 87 4 326
26 53 16 84 1 191
20 58 81 88 6 183
82 87 38 63 9 370
34 66 81 28 9 301
75 15 55 97 3 179
37 10 18 20 3 124
82 87 31 21 1 257
99 65 94 77 7 704
25 85 46 43 4 282
13 46 34 61 9 166
91 86 77 52 5 642
35 33 97 73 9 361
80 70 22 89 4 271
36 44 38 16 5 215
50 28 35 73 7 431
100 42 66 75 3 507
87 74 49 41 2 524
59 58 96 91 5 810
56 57 19 60 2 271
99 66 99 96 4 1090
24 95 53 42 5 391
58 17 73 91 7 271
64 28 83 100 5 487
77 64 71 61 9 834
13 77 73 41 4 195
59 99 87 89 1 1066
28 61 52 83 2 512
40 73 16 16 10 291
48 92 90 92 4 788
88 68 26 24 4 474
60 39 56 38 2 717
71 76 43 55 7 750
71 31 18 78 9 306
29 49 74 74 6 479
50 81 98 96 7 994
99 45 27 88 6 462
18 72 76 88 10 308
49 55 29 37 7 658
14 65 15 67 4 275
44 93 19 75 2 380
58 94 51 46 2 869
59 93 45 39 7 721
29 33 46 65 2 562
22 70 97 92 4 466
70 46 91 95 7 1075
66 93 98 81 6 1255
84 70 92 17 5 407
54 72 81 70 5 1163
91 90 13 88 4 281
27 67 94 77 5 576
75 29 88 48 4 724
81 62 11 35 8 224
83 83 99 66 9 1654
45 82 95 77 6 1125
36 12 67 19 1 326
89 49 30 15 2 407
47 68 91 92 4 1249
100 34 25 10 9 241
45 97 90 48 4 1179
38 37 65 11 7 293
27 17 12 88 6 315
17 34 23 85 5 484
70 88 44 70 7 1145
68 99 93 87 9 1763
41 44 71 58 5 1096
49 65 19 96 1 531
97 22 37 92 4 675
98 25 84 74 3 730
37 11 15 20 8 301
39 88 26 11 10 337
11 97 54 80 10 293
74 66 31 18 3 556
50 62 61 69 8 1374
28 14 75 58 10 379
40 71 35 81 10 1038
59 42 46 64 1 1409
79 50 44 61 6 1340
26 38 29 69 5 888
91 100 96 99 8 2733
46 48 21 13 1 360
97 15 61 38 1 490
62 30 93 51 4 984
76 51 73 80 10 1784
50 38 10 85 3 313
43 23 19 88 2 560
18 79 81 86 5 596
90 14 77 22 7 395
21 91 61 26 7 768
67 36 16 56 1 527
82 90 78 52 10 1554
87 89 46 53 9 1734
94 57 88 99 3 1857
72 94 99 36 8 1294
92 72 10 82 2 385
35 26 77 32 7 779
50 23 17 43 2 593
88 22 48 66 5 890
14 43 28 51 8 530
25 32 100 38 6 1001
60 51 29 67 4 1161
44 56 55 75 6 1822
93 88 62 50 6 2014
21 19 80 87 4 639
12 94 13 41 9 424
44 91 36 73 2 1465
52 30 41 89 1 1039
98 39 20 71 1 730
81 85 83 86 1 2771
32 58 50 62 4 1370
72 44 64 14 1 614
17 11 50 80 1 366
72 56 56 32 9 1312
63 44 34 42 5 1361
91 47 24 63 2 1065
53 86 32 51 9 1413
63 42 35 45 2 1587
92 58 80 94 4 2500
39 81 85 30 5 1145
87 27 41 23 7 910
47 81 66 49 8 1902
36 77 53 76 10 1674
31 24 76 100 2 1007
30 85 73 71 9 1430
77 73 27 96 1 1251
18 28 60 36 8 702
18 68 44 44 3 701
71 30 79 47 6 1373
30 28 72 53 10 1097
88 63 65 54 4 2316
29 99 17 74 6 652
13 69 81 13 5 504
44 87 58 66 1 2125
62 95 92 83 6 2717
95 40 10 93 9 424
75 76 30 28 2 1328
45 78 54 90 8 2235
20 26 17 29 10 763
50 74 39 28 3 1382
16 71 73 16 4 701
55 74 44 46 4 1919
22 43 29 36 5 1071
95 95 90 97 4 4092
78 81 80 85 5 3222
42 21 87 82 3 1068
55 13 94 55 3 681
49 78 72 90 9 2587
71 63 25 35 1 1179
72 32 34 11 4 600
56 78 98 99 5 2467
79 64 75 33 8 1457
51 42 71 61 3 2204
66 43 19 32 3 924
93 22 77 18 4 782
58 48 16 33 1 801
52 30 64 79 7 1541
22 62 86 75 2 1141
53 59 80 90 8 2501
35 99 91 61 8 1629
31 97 78 41 3 1557
85 33 69 59 4 1697
87 13 96 81 10 756
22 72 81 53 3 1209
47 69 44 78 4 2183
78 94 32 62 8 1484
94 13 43 45 10 783
99 96 13 52 4 755
24 92 11 22 4 620
80 36 35 28 10 1481
22 62 46 60 10 1179
46 87 94 13 10 615
55 21 64 92 10 1112
13 55 59 40 10 639
59 62 68 59 9 2884
63 89 55 81 4 3460
32 23 25 35 10 1365
42 23 12 11 1 649
32 27 84 37 2 1694
38 37 59 15 10 918
45 27 50 12 2 717
18 62 43 56 1 956
39 37 76 21 6 1366
27 12 21 89 2 607
16 51 94 76 5 865
85 57 11 89 1 607
26 76 35 18 9 1023
97 94 10 83 2 591
54 48 80 72 7 2428
72 70 39 27 8 1641
13 57 68 24 6 737
37 65 19 65 2 1271
30 26 88 53 7 1542
32 45 89 99 8 1655
53 54 84 100 8 2796
22 95 46 47 5 1212
16 83 62 30 10 845
32 21 71 39 1 1398
57 45 86 55 2 2607
97 68 45 30 2 1866
85 49 44 83 2 2902
13 50 52 67 4 890
13 24 82 40 8 850
65 86 14 13 10 892
21 32 66 83 8 1192
95 76 64 54 8 3846
71 81 77 61 2 3446
45 86 30 47 2 2194
93 98 82 67 5 4448
72 84 79 48 3 2930
53 13 55 43 2 879
91 52 13 73 10 871
30 23 61 55 9 1435
37 92 79 84 5 2290
50 14 94 32 4 818
35 84 64 50 3 2302
21 46 49 84 7 1504
95 49 23 95 2 1336
75 74 68 40 10 3059
78 99 65 55 6 3792
25 99 88 27 9 1486
86 49 91 47 1 3071
79 95 26 21 5 1461
89 29 74 79 5 2229
21 88 37 99 8 1529
54 64 28 41 6 2088
46 33 76 78 4 2613
47 88 23 29 5 1659
95 40 26 46 5 1639
50 20 35 94 7 1449
52 67 40 30 10 2171
51 18 65 55 1 1120
20 37 53 72 2 1515
34 32 78 69 9 2107
60 34 77 26 3 1729
25 11 88 10 1 672
78 34 55 74 10 2525
78 91 99 79 9 5522
66 83 45 36 7 2959
19 68 63 38 5 1285
20 34 92 96 4 1595
45 12 11 40 9 900
76 77 50 17 1 1238
44 54 14 65 6 1067
31 81 49 60 7 2336
10 75 11 94 7 834
12 53 63 51 9 772
90 88 68 10 8 696
93 29 38 32 2 2153
13 99 41 85 1 852
19 25 33 37 9 1366
18 88 16 83 7 1091
31 25 76 96 8 1684
19 54 92 37 5 1623
86 52 28 82 4 2171
71 56 32 20 2 1436
29 13 47 29 10 1017
58 90 49 98 8 3713
27 48 16 58 5 1215
20 87 21 64 6 1636
83 88 78 99 4 5488
68 46 30 36 6 2473
94 50 74 58 10 4074
35 21 32 49 9 1747
39 52 74 96 4 2896
54 89 20 71 5 1512
28 92 63 56 10 1966
59 68 64 54 4 3931
36 77 12 40 4 929
84 75 15 24 9 1347
41 33 73 71 5 2707
47 27 33 45 5 1903
28 10 79 70 3 696
45 95 74 25 10 1947
76 54 22 31 8 1680
14 78 89 35 10 1215
29 55 74 85 4 2074
48 63 45 74 4 3782
24 53 81 93 9 2096
72 93 17 77 2 1550
89 71 89 26 8 1910
11 51 61 86 6 857
97 38 62 65 6 3133
30 87 38 62 3 2297
68 53 18 91 5 1673
93 46 88 67 1 4169
40 77 93 35 5 2816
46 50 41 84 1 3439
97 49 39 58 4 3638
46 42 55 29 8 2812
58 28 51 83 6 2366
67 27 35 11 10 916
64 75 22 73 9 2118
55 63 14 30 9 1243
95 69 22 62 9 1937
29 66 13 23 5 1285
76 79 25 89 10 2056
64 41 40 19 9 1564
68 45 10 97 9 845
84 24 34 29 10 2252
53 10 88 57 3 874
81 63 19 55 2 1489
18 72 58 100 8 1449
14 35 73 12 2 956
57 95 64 17 9 1397
67 57 64 49 6 4877
12 41 21 28 2 1055
96 56 60 56 2 4594
14 89 19 35 6 1420
25 10 27 22 2 787
91 57 42 60 5 3870
44 82 38 95 3 3084
29 85 41 14 2 1411
97 67 60 59 1 4841
89 37 19 86 3 1915
47 39 66 50 9 3244
