250
93 19 35 90 4 106
19 1 83 30 6 118
85 95 32 90 3 149
91 61 59 56 8 59
92 91 70 82 8 134
1 9 17 24 1 9
59 74 41 43 5 137
46 25 51 17 7 74
91 4 53 15 2 26
90 28 33 20 7 50
74 86 71 90 10 136
11 76 82 83 9 109
61 93 33 6 9 76
41 99 6 20 3 92
58 86 15 50 9 172
65 45 61 2 6 78
66 28 62 62 1 42
91 78 66 63 1 85
18 42 27 47 7 50
90 80 62 99 7 135
94 47 82 36 9 154
30 77 54 29 7 153
64 20 28 78 6 138
46 47 77 21 8 29
72 60 96 41 9 111
53 9 26 54 5 82
12 57 67 59 8 85
16 41 83 8 2 111
64 20 71 96 3 174
41 38 48 46 2 55
56 81 31 83 5 41
73 45 79 22 10 76
54 71 41 73 3 106
4 64 37 56 9 69
91 8 99 57 6 45
58 98 28 97 3 143
50 74 5 23 2 96
26 86 43 93 8 37
52 76 78 63 6 135
37 8 65 68 10 107
59 9 65 69 10 108
27 30 100 13 7 82
72 67 27 97 5 160
62 80 25 69 4 103
56 35 73 86 4 164
37 17 88 28 6 37
17 69 29 24 4 103
48 15 57 83 2 30
11 87 37 66 6 114
83 17 42 65 6 116
81 71 69 41 8 160
42 94 27 21 8 44
61 93 97 8 9 160
45 27 96 88 9 75
51 56 85 16 2 54
76 37 37 63 6 131
27 94 52 4 8 164
39 33 49 35 6 36
44 51 88 34 10 122
35 100 84 40 2 167
50 49 29 15 8 58
28 58 77 18 7 152
90 77 89 52 7 69
63 61 78 33 4 75
42 27 94 33 6 70
65 29 82 38 10 110
55 14 56 19 6 108
65 25 68 56 2 66
13 22 41 60 2 50
84 36 61 29 7 111
87 49 96 87 9 117
86 17 45 71 1 76
35 89 78 71 4 139
67 49 92 20 7 21
75 92 92 59 10 182
89 50 59 8 10 59
68 35 53 9 9 104
64 56 40 14 7 34
32 95 8 92 3 42
64 24 76 53 7 140
24 87 34 87 1 161
57 40 27 13 3 89
7 72 54 84 4 149
13 99 20 56 6 71
100 53 82 19 5 90
63 69 28 62 5 60
51 40 17 2 9 89
4 2 17 41 9 80
50 59 39 20 2 114
20 57 39 60 7 74
69 29 86 14 5 120
60 28 28 21 3 26
66 59 99 61 8 65
28 57 45 90 4 40
15 90 57 91 9 163
74 87 82 29 5 114
74 31 5 21 9 24
89 47 40 3 5 13
35 75 74 61 8 72
52 38 55 75 8 105
79 54 50 76 5 74
95 70 22 74 9 122
72 44 10 61 6 69
62 84 6 66 7 25
67 68 40 17 6 109
15 59 54 48 4 46
97 9 79 33 9 38
84 42 4 24 8 30
4 12 17 75 2 80
82 13 97 35 4 189
50 45 82 13 6 61
92 80 15 56 1 172
45 56 64 68 7 56
60 63 74 49 2 72
47 60 96 59 8 79
69 79 38 97 4 142
68 8 50 24 4 126
43 3 5 9 2 77
38 13 15 77 5 109
60 74 27 81 3 110
37 67 18 74 4 67
76 34 92 37 5 178
3 54 62 76 3 92
14 26 63 14 8 39
86 94 14 80 9 31
1 48 62 38 3 86
51 71 98 44 1 166
41 55 8 68 3 71
25 25 31 91 6 88
62 60 11 23 2 94
73 74 1 31 2 5
30 81 91 80 5 100
69 14 45 68 2 37
86 28 81 88 7 167
61 99 29 8 9 159
23 41 69 83 5 163
6 40 58 9 7 19
91 80 76 29 9 48
2 21 64 28 4 77
66 35 6 13 4 96
91 23 87 55 7 138
53 30 39 27 1 28
98 18 23 97 9 124
31 6 36 92 6 35
23 41 59 70 6 118
2 80 95 27 2 49
41 16 16 23 8 47
16 19 81 8 4 87
82 89 17 75 7 47
38 39 62 55 6 63
11 39 93 61 2 36
57 28 19 81 3 139
61 44 91 52 6 173
42 95 50 43 4 66
97 31 41 18 5 132
20 8 50 63 1 120
5 19 84 90 10 56
7 13 70 70 9 121
93 92 82 32 4 121
18 61 8 11 9 33
65 36 32 81 5 124
22 48 48 81 7 154
92 98 7 80 10 96
93 88 85 58 1 106
11 42 43 38 9 83
82 28 80 77 2 34
81 51 62 95 1 95
64 83 95 49 10 187
26 50 1 36 2 73
55 42 86 56 1 152
6 28 51 87 1 92
25 11 10 10 10 23
29 24 59 8 5 95
55 75 4 62 6 18
92 63 54 76 4 109
55 57 99 5 10 133
100 74 43 98 6 97
65 65 31 80 5 140
86 97 65 83 9 100
65 44 98 85 5 52
47 62 40 27 6 85
8 40 54 24 6 92
82 20 42 32 1 120
60 53 97 49 9 192
9 4 37 70 5 99
35 83 10 13 5 115
88 83 23 93 5 186
53 44 78 9 10 76
91 99 96 20 7 105
98 12 23 27 7 99
26 65 89 19 4 22
6 15 20 7 3 17
69 54 31 11 1 132
81 67 88 58 8 87
37 44 84 31 7 123
32 14 35 96 7 105
26 88 49 44 9 148
15 67 64 87 1 26
96 25 69 43 10 48
91 77 22 33 7 40
66 62 91 76 9 125
88 18 10 20 2 121
41 72 24 42 1 113
54 17 38 75 8 66
2 29 79 1 2 65
59 61 58 50 6 104
46 23 40 49 4 60
88 10 91 92 3 164
28 25 68 58 10 100
27 54 12 40 4 93
74 68 62 23 9 87
94 20 38 47 1 25
90 17 1 69 6 12
48 61 72 65 2 95
83 46 6 91 4 160
81 32 40 98 6 166
12 41 71 76 10 95
41 64 96 28 8 70
82 86 38 7 6 141
78 80 19 18 9 160
96 19 57 89 9 57
26 6 100 1 2 145
94 22 83 23 2 173
78 18 62 75 9 130
49 95 30 73 3 137
16 71 42 8 8 72
61 61 47 13 1 33
91 56 49 81 8 87
87 77 26 82 2 98
98 61 40 11 4 178
33 22 8 70 4 138
10 43 92 12 1 24
44 80 40 36 7 149
52 73 13 48 10 24
99 84 90 75 4 121
58 12 3 54 3 35
59 68 3 92 9 121
59 16 25 65 5 31
56 100 56 9 5 15
22 51 78 11 3 115
48 21 78 62 10 77
90 82 12 72 7 29
96 42 69 39 3 148
60 84 100 53 6 154
99 52 57 11 7 41
64 51 77 53 4 96
23 19 80 74 3 105
1 35 71 21 9 71
6 83 13 77 3 58
97 80 67 5 2 60
