400
92 80 35 45 2 9697 
24 64 84 38 9 15482 
83 29 31 46 7 11630 
47 61 44 36 1 9311 
91 67 66 69 9 14067 
86 26 71 46 8 9955 
41 87 83 99 9 9149 
69 45 47 72 10 18745 
89 97 70 88 1 5207 
62 48 61 39 4 2410 
42 59 34 57 5 2081 
40 76 46 82 4 8792 
60 80 42 59 6 3713 
47 61 89 69 4 18292 
52 46 62 83 6 10653 
41 68 90 76 9 4224 
59 81 26 21 9 11044 
84 27 26 36 9 19130 
32 44 78 89 5 13329 
63 53 65 21 3 9877 
97 39 21 33 5 183 
70 83 85 20 1 16974 
27 92 35 71 5 17017 
70 58 80 98 3 9149 
35 94 50 69 6 7773 
31 40 39 89 9 14965 
94 87 83 85 7 10427 
72 68 58 42 1 1017 
22 100 50 58 7 16486 
86 73 21 88 9 1350 
60 42 64 96 9 10176 
97 32 42 45 5 16388 
56 37 100 96 1 13038 
51 55 56 82 2 1906 
36 26 93 96 5 3822 
59 76 23 77 5 9129 
82 58 76 52 4 18378 
38 91 83 99 10 14104 
84 78 87 66 6 10928 
48 32 87 71 7 8207 
52 42 76 73 6 11933 
93 95 85 59 9 7922 
60 37 92 22 4 12231 
76 46 24 49 5 16790 
41 56 89 54 2 6292 
23 93 24 51 4 1902 
90 25 77 83 7 5136 
76 34 82 99 8 2248 
52 55 92 95 3 16618 
25 44 27 28 1 13285 
45 93 47 87 3 12655 
69 84 86 28 9 18776 
52 75 80 27 2 6829 
87 80 77 20 6 17455 
96 77 96 86 5 8522 
84 37 62 43 4 12005 
41 81 75 90 6 1190 
60 99 29 85 2 14077 
93 32 63 31 4 2396 
66 24 26 75 9 13381 
100 96 95 49 7 9702 
46 20 89 21 9 2966 
80 25 38 44 9 9480 
67 62 29 87 8 13422 
41 75 93 95 2 4507 
42 45 36 50 7 9162 
66 87 25 51 3 13299 
76 71 89 22 6 11338 
53 86 45 24 6 14803 
51 43 76 67 10 14268 
76 73 32 29 10 4689 
54 96 57 73 7 13196 
65 86 51 47 6 17325 
75 27 91 32 2 15375 
59 65 31 51 10 17634 
62 63 86 26 3 8844 
96 36 23 68 6 4424 
53 92 85 76 9 7975 
59 42 97 69 10 4559 
66 90 40 78 4 17847 
81 78 86 32 1 1593 
32 87 97 77 8 8516 
20 50 28 31 7 10466 
27 58 79 34 9 18260 
36 42 23 65 8 6579 
24 68 52 73 2 19050 
98 59 58 37 5 5708 
85 79 56 52 4 15833 
43 38 53 20 3 17641 
42 88 21 23 7 9439 
40 91 59 62 4 12138 
51 53 51 32 1 144 
91 56 64 58 9 4035 
94 52 22 70 9 15957 
100 39 99 39 8 4286 
70 97 99 86 10 12073 
85 90 99 86 9 13685 
21 72 47 59 3 19244 
37 91 86 89 9 15075 
42 61 84 29 9 15861 
79 41 78 46 10 14412 
65 78 80 30 5 4119 
95 29 70 60 5 9991 
70 54 98 42 9 16427 
96 69 93 54 3 3129 
42 62 22 42 10 8556 
22 26 79 79 2 19425 
28 100 86 23 6 2385 
51 54 20 91 6 1507 
84 63 98 59 7 17770 
24 95 41 57 8 6260 
55 45 37 69 5 6586 
87 75 55 32 5 11798 
74 54 69 82 3 15763 
73 34 28 36 7 14476 
62 62 54 28 5 11602 
98 80 50 65 9 9471 
44 60 49 70 1 7387 
94 78 59 100 3 2078 
100 21 41 23 8 4069 
55 82 32 97 10 4284 
82 84 88 33 5 7523 
98 91 41 66 9 18091 
30 55 24 36 4 18587 
65 90 71 21 3 4773 
79 56 43 71 8 14370 
35 52 66 45 4 15528 
52 59 44 38 4 8559 
41 39 35 79 9 15311 
38 24 53 90 2 2152 
31 23 46 74 4 19701 
76 41 69 36 9 8834 
20 97 34 32 7 12208 
89 93 47 85 1 8196 
49 60 73 94 10 19613 
34 85 35 73 4 13039 
76 49 79 37 8 10908 
46 65 28 48 8 4153 
63 57 99 45 3 7976 
76 78 56 86 10 7739 
49 64 21 75 9 2013 
22 77 67 64 3 12729 
89 29 64 20 9 13815 
75 37 40 47 4 10292 
45 41 21 67 5 2577 
30 55 21 67 9 15461 
69 21 73 92 4 15701 
89 63 45 21 7 10476 
70 29 48 46 4 6918 
76 44 21 96 7 5674 
30 35 86 69 2 755 
92 28 32 65 5 2604 
27 97 91 25 6 13827 
100 82 95 50 2 9612 
23 98 37 64 3 111 
87 68 32 80 8 16334 
46 38 72 28 2 19634 
36 45 57 50 2 11101 
55 30 31 33 1 3054 
66 74 74 73 3 7181 
62 62 48 100 4 5383 
25 47 95 80 1 19703 
62 74 84 100 6 3822 
54 63 93 70 4 15588 
28 59 49 77 1 9660 
63 81 55 55 6 3229 
99 97 73 40 2 16587 
32 43 93 44 3 11314 
89 42 38 42 4 17354 
43 31 98 67 7 3352 
88 61 20 30 3 7435 
50 44 45 58 10 3725 
31 52 94 96 4 18175 
86 72 47 43 9 13869 
78 99 85 37 5 7068 
89 40 49 78 6 11338 
45 42 72 89 8 5940 
58 75 97 95 9 16215 
78 32 65 43 6 1279 
85 82 86 21 10 8184 
44 93 68 69 6 13084 
38 86 24 90 5 2391 
42 60 67 83 2 7771 
74 67 47 73 7 7795 
36 88 54 70 1 6553 
54 61 49 59 4 11954 
67 31 100 47 8 11464 
69 61 47 76 6 3727 
48 54 69 65 9 10273 
33 71 22 25 1 6480 
88 39 55 73 3 16765 
45 36 90 47 5 4702 
29 61 27 87 4 19141 
58 26 25 41 10 11846 
95 98 75 77 5 15648 
34 64 38 27 10 15191 
88 32 40 100 8 15973 
97 41 37 75 6 6396 
24 89 27 66 7 10562 
59 25 98 46 10 4368 
36 28 54 85 10 13500 
27 57 86 73 2 8384 
63 57 37 85 2 5107 
68 46 69 67 10 5375 
73 25 70 99 7 11062 
44 58 62 91 3 17685 
88 56 89 99 10 5917 
81 97 77 22 9 14101 
71 30 27 42 8 16744 
41 79 66 23 4 7930 
84 66 65 60 1 2681 
45 53 76 24 9 13355 
80 88 22 98 4 1257 
57 35 60 78 10 16279 
32 25 52 24 2 11465 
55 87 82 26 7 2173 
48 52 24 63 1 4769 
58 58 38 23 3 3476 
48 22 80 85 9 16345 
89 64 21 47 1 6186 
96 31 73 91 2 18005 
91 27 65 39 9 6027 
45 62 48 42 4 4222 
31 99 97 29 2 11731 
41 40 58 31 5 5753 
46 66 33 68 8 15356 
23 41 97 42 4 2750 
40 59 59 55 6 16095 
23 79 100 99 5 234 
83 50 21 57 5 4108 
62 92 86 89 1 14824 
47 45 33 77 7 9038 
29 66 55 66 1 13374 
56 30 98 61 10 9866 
40 74 21 76 8 6853 
83 90 40 38 8 12986 
97 77 39 30 3 16251 
25 27 29 24 9 1096 
74 82 60 20 7 10667 
90 47 59 65 8 11892 
41 79 99 100 5 4138 
51 87 22 20 2 16309 
84 88 23 54 7 9039 
75 82 46 93 9 9695 
83 59 44 64 5 8812 
64 80 39 98 1 3354 
71 20 23 47 5 7306 
39 23 92 35 1 12769 
64 25 89 90 1 2185 
87 83 49 39 4 6646 
76 94 22 75 7 2107 
60 80 54 39 5 17432 
50 28 59 76 8 2080 
46 83 94 37 8 14004 
68 50 64 88 6 583 
45 63 80 97 7 12971 
95 73 56 55 2 13673 
35 100 100 72 9 14667 
27 82 43 69 5 7804 
82 98 26 44 9 13463 
61 85 94 26 10 10287 
93 84 89 27 9 19221 
90 67 53 31 6 8723 
40 92 64 52 2 6682 
24 74 24 26 1 739 
31 60 56 78 5 1160 
37 77 90 39 9 8758 
92 41 25 90 5 15526 
62 37 58 36 4 1347 
48 50 27 98 8 8860 
81 53 72 84 1 4459 
22 67 70 92 8 7763 
68 65 65 24 5 8817 
98 34 100 21 4 9458 
83 51 57 72 5 273 
85 70 20 89 2 1107 
90 45 100 73 10 15662 
20 55 56 54 5 18866 
98 76 42 38 8 19664 
70 80 46 50 3 113 
63 29 40 97 5 15722 
47 94 43 27 4 17498 
26 79 24 78 1 6514 
69 75 32 95 3 14373 
64 21 59 37 3 3586 
92 67 26 58 1 4452 
97 77 93 32 2 8432 
64 85 38 66 3 4201 
59 65 91 22 6 15228 
62 59 39 88 8 4978 
99 20 80 51 2 2398 
45 45 23 22 1 17787 
36 43 44 73 4 5337 
54 23 40 55 8 10055 
35 47 69 83 8 1405 
89 34 47 93 10 11612 
98 64 65 74 1 2005 
50 45 49 67 8 14029 
65 22 66 28 1 15666 
33 81 88 99 1 19900 
92 47 84 94 10 1567 
38 74 73 57 9 9037 
37 39 44 55 3 13484 
61 90 82 69 8 10807 
53 86 22 38 1 5021 
53 90 100 79 5 3129 
62 69 67 52 5 18089 
22 73 27 51 7 10491 
44 48 24 67 7 19176 
74 60 64 41 6 16521 
88 68 25 42 2 19883 
54 42 48 49 3 14309 
99 27 89 100 3 15803 
51 53 66 69 5 14422 
29 49 70 38 1 1511 
82 39 27 29 7 303 
85 69 95 66 10 19834 
36 43 76 26 7 4752 
22 85 57 74 5 2077 
26 66 94 83 3 15598 
44 20 66 86 8 5334 
80 22 92 94 1 14635 
38 82 57 46 10 19860 
92 64 99 35 8 16490 
28 74 21 53 6 15476 
67 67 98 72 7 14343 
75 54 84 68 4 11914 
31 65 36 50 4 6306 
27 34 53 41 3 3628 
95 38 82 68 2 15907 
85 79 41 77 2 905 
64 80 29 66 7 5684 
38 31 40 88 4 16428 
26 36 63 85 4 12352 
69 67 99 26 1 5620 
80 73 45 95 8 16799 
52 90 58 94 2 5886 
83 50 28 100 5 679 
61 94 37 97 7 8329 
96 63 47 60 6 2368 
31 51 71 63 9 15940 
97 98 62 69 9 9450 
32 49 58 76 4 14660 
86 84 21 47 7 11510 
47 99 38 36 4 18672 
45 50 75 28 10 14348 
52 50 41 65 1 6108 
45 37 37 42 2 4551 
52 85 73 66 3 17114 
38 61 59 29 2 15101 
40 40 98 73 10 3895 
83 57 63 30 9 5880 
100 43 24 78 4 18651 
26 100 95 24 3 16800 
66 25 74 90 3 4467 
67 92 92 91 7 19668 
25 85 23 28 2 6982 
56 48 46 38 9 6938 
100 48 90 98 6 14521 
76 50 44 95 4 10282 
50 40 54 82 8 12688 
27 63 24 89 7 6475 
97 99 68 29 9 4226 
20 36 88 54 4 4477 
72 81 68 55 7 9195 
88 56 27 99 1 3040 
68 85 20 38 3 6123 
92 22 93 26 10 12644 
65 22 89 33 10 13129 
48 46 69 92 9 12233 
82 84 30 69 2 19728 
100 39 27 53 1 2906 
81 99 81 86 3 11582 
76 81 26 73 7 13813 
93 54 76 53 2 8452 
92 59 96 35 5 9303 
64 98 71 47 8 8529 
20 79 29 54 3 12132 
56 56 54 55 3 15531 
62 75 47 66 3 18086 
82 88 74 82 6 19049 
40 60 44 62 4 11207 
41 66 51 85 5 17754 
89 59 87 70 6 13227 
67 82 78 99 2 17509 
66 95 54 81 3 16746 
46 71 65 72 8 1659 
60 30 42 83 7 2090 
38 69 100 74 10 9591 
70 95 36 42 7 8836 
79 20 64 39 1 13055 
41 40 65 67 8 5709 
78 45 87 61 6 6002 
29 52 33 79 10 14148 
79 69 60 89 1 17968 
24 56 21 47 4 8826 
78 57 41 30 3 17210 
55 76 56 61 3 18483 
67 81 78 42 10 6484 
23 82 23 46 10 9532 
