450
4 3 5 3 10 369
4 8 3 3 2 80
12 1 8 6 7 701
20 11 10 5 6 601
3 4 4 1 1 474
8 1 4 3 5 570
4 5 10 11 10 630
16 4 7 5 6 273
3 1 5 4 2 632
2 6 3 3 3 664
15 4 14 10 9 535
2 17 20 15 9 261
3 1 4 2 3 336
2 3 5 9 6 253
5 13 13 3 6 730
16 16 18 6 7 447
4 2 3 3 8 464
2 4 2 5 10 119
5 10 4 9 3 213
10 6 3 9 10 647
5 5 5 5 4 335
3 10 8 5 1 374
2 7 5 8 6 232
15 14 2 13 6 101
1 3 2 3 8 70
10 2 7 1 6 693
12 2 13 15 6 388
7 5 15 8 6 330
2 4 1 4 7 657
5 6 1 1 5 444
7 1 13 9 6 382
10 8 15 5 3 510
1 2 3 1 3 220
3 5 7 5 4 393
8 13 12 15 2 86
13 3 4 1 5 364
2 5 1 1 10 338
2 5 8 1 5 512
9 1 14 6 7 282
8 17 17 1 8 674
2 5 1 3 2 245
2 10 2 2 5 293
4 15 8 3 5 304
4 16 18 5 9 471
5 2 2 3 7 33
2 5 10 10 9 533
3 2 12 15 1 577
16 1 12 2 8 120
1 5 1 5 4 160
1 3 3 6 2 357
15 8 3 12 2 88
10 4 5 11 9 738
5 2 4 2 6 242
7 8 6 1 1 131
11 1 10 8 7 593
8 11 5 4 2 731
1 3 5 4 6 636
10 10 7 1 3 340
13 9 5 9 3 286
20 16 9 12 2 543
4 3 3 4 9 202
8 4 5 3 6 626
7 4 5 2 5 41
20 4 13 8 6 18
2 2 1 1 3 750
8 8 7 10 6 618
3 13 7 2 7 232
3 16 16 8 4 10
2 2 2 1 10 433
8 4 1 7 10 170
8 3 6 9 7 287
4 5 6 10 9 399
5 5 4 3 5 680
3 5 7 2 7 276
8 15 2 11 10 47
7 13 18 17 6 151
3 1 1 3 5 547
1 5 1 3 1 13
5 2 2 3 9 158
3 4 15 13 3 353
3 3 5 1 3 162
1 7 2 9 6 428
7 8 7 9 10 639
3 6 8 7 6 639
1 4 4 4 9 168
3 9 1 7 10 464
14 2 9 10 10 423
1 12 16 3 5 339
1 5 3 5 8 718
8 2 2 2 8 62
9 13 9 7 3 131
8 16 1 20 2 616
5 5 4 2 2 277
1 2 3 3 1 424
15 13 8 12 6 384
20 17 13 3 3 631
2 2 3 2 2 383
8 1 1 6 1 57
14 13 10 12 5 511
8 7 5 13 3 293
2 5 3 4 8 501
1 9 2 2 3 682
5 9 15 6 4 165
14 3 17 17 2 291
3 1 1 4 2 733
1 7 2 6 6 181
4 2 3 5 8 193
11 2 15 14 7 684
4 3 3 5 7 148
3 3 8 5 4 299
11 13 12 6 1 143
18 2 15 11 10 186
1 3 4 3 3 714
1 6 3 7 6 550
7 4 4 4 3 735
6 16 4 20 5 4
5 1 5 2 2 582
4 6 6 10 6 69
6 13 4 2 3 33
13 19 13 12 9 519
3 4 4 2 10 546
7 8 4 6 8 534
5 5 13 13 1 216
19 12 17 14 4 289
3 5 3 4 7 259
1 7 10 3 10 482
8 11 15 5 1 272
14 18 18 1 4 451
5 3 5 3 4 123
3 10 4 3 10 415
11 2 8 9 2 685
15 12 9 2 3 405
4 3 4 5 4 308
3 2 8 1 2 202
1 7 2 11 3 515
4 5 9 7 9 616
3 3 1 1 7 158
10 9 3 3 10 107
11 14 15 9 10 216
17 17 7 19 9 355
3 1 1 4 4 702
5 2 4 2 7 531
9 13 11 10 3 685
19 3 4 1 5 529
3 1 1 5 9 712
2 9 2 5 8 275
4 7 8 3 2 606
19 19 15 8 4 758
5 5 5 1 7 465
8 8 9 5 1 305
7 11 13 15 5 506
7 18 2 2 5 596
3 3 2 3 10 27
10 4 2 9 3 666
10 6 3 12 4 708
4 3 15 19 7 69
1 2 5 5 5 305
4 7 4 7 3 333
8 9 13 8 10 65
3 16 9 15 7 295
2 4 4 2 1 390
8 1 2 1 10 316
13 15 1 1 4 26
17 13 13 2 7 261
5 5 5 5 2 210
6 10 9 10 5 739
9 4 8 11 3 242
5 11 7 5 8 103
5 4 3 2 4 577
10 10 5 8 10 699
10 13 13 5 5 530
8 5 7 5 4 57
4 5 1 2 5 492
9 7 7 2 3 81
15 6 2 10 7 158
16 1 10 15 7 304
3 1 5 2 10 164
9 1 4 1 1 632
1 3 6 14 2 233
17 1 5 4 4 281
3 4 4 1 9 751
8 3 7 5 8 751
8 12 4 4 2 206
4 10 19 17 5 136
4 3 1 5 4 680
10 8 6 5 6 341
3 3 1 11 7 502
20 14 10 6 7 724
5 2 3 5 7 389
5 9 5 6 2 27
14 2 10 14 2 157
16 5 5 1 7 670
5 3 1 3 8 297
3 1 1 3 6 347
12 11 8 13 5 351
7 15 7 7 2 300
5 1 1 5 5 240
7 10 5 3 1 124
10 5 6 3 2 669
6 3 17 7 8 598
1 3 1 4 9 200
8 8 7 9 4 541
5 8 12 14 3 184
5 15 5 18 10 361
4 4 2 5 5 369
7 2 5 5 8 658
5 4 9 12 6 44
14 7 3 18 2 552
2 3 4 3 5 579
9 10 2 3 2 628
15 7 4 2 10 31
17 19 11 11 9 412
2 4 4 2 9 399
3 4 1 8 4 517
4 6 6 11 4 230
1 9 10 14 6 296
5 2 2 5 5 658
3 7 8 5 5 203
11 12 14 9 10 11
19 19 3 11 6 37
1 3 4 1 5 18
8 8 4 6 7 666
2 12 6 9 9 216
3 9 7 1 1 547
5 1 4 4 8 553
4 7 1 10 3 111
9 12 10 9 5 523
7 20 19 3 5 534
4 4 5 4 3 270
9 2 4 5 7 163
3 6 8 13 6 607
15 4 19 2 1 266
2 4 4 1 4 662
9 8 8 5 8 482
7 9 10 14 10 278
14 6 10 18 2 183
1 2 2 4 6 202
10 1 2 4 5 492
15 5 9 1 3 219
15 19 13 17 10 343
3 3 2 5 6 474
8 6 7 2 8 572
6 8 6 5 2 380
14 20 13 6 3 609
5 3 5 1 1 216
5 8 9 3 9 530
13 15 13 7 7 102
2 18 14 3 8 475
3 3 5 2 10 115
1 7 1 4 4 180
8 9 11 11 2 280
8 8 3 2 9 239
5 2 1 1 9 164
5 1 6 2 4 203
6 7 7 1 4 666
9 10 19 15 4 48
1 4 5 1 2 354
3 6 5 9 4 529
2 3 10 4 6 221
16 16 18 12 2 24
4 5 2 2 7 297
4 3 2 5 10 501
8 11 14 5 9 457
11 16 18 9 1 60
4 5 4 2 8 26
4 8 4 8 1 616
15 11 11 5 1 78
7 13 1 11 10 469
1 1 5 3 4 578
7 10 10 10 7 105
8 10 11 15 4 182
15 1 10 10 6 54
5 2 4 1 7 120
3 2 9 2 8 602
5 10 12 4 8 387
4 4 12 9 10 529
1 3 1 5 2 743
2 3 9 9 3 621
10 2 1 2 7 500
5 8 10 9 5 336
4 1 1 5 2 256
6 9 3 8 2 222
3 12 11 7 5 645
5 13 12 1 2 568
1 2 2 1 6 397
4 10 3 3 3 444
4 9 9 1 8 346
2 7 3 13 10 537
2 4 2 2 10 184
3 8 8 3 3 78
12 7 15 5 1 48
5 14 8 20 5 687
1 3 5 2 6 166
5 2 10 8 10 333
4 13 9 12 8 34
4 16 20 16 2 504
3 3 2 4 5 11
2 6 6 2 1 477
15 15 4 4 5 259
3 20 8 11 9 734
4 4 3 4 6 697
4 3 9 10 4 415
14 3 10 10 7 335
19 1 1 1 6 268
2 1 3 1 7 633
6 2 5 3 1 550
5 2 15 9 2 177
18 10 3 7 5 241
1 1 3 1 6 470
10 9 10 5 2 366
6 9 12 15 10 238
17 15 19 3 6 145
5 1 5 1 3 241
10 10 9 5 9 387
12 3 7 11 8 319
18 6 10 14 4 83
1 5 3 2 3 545
5 10 6 6 3 346
12 13 2 1 8 450
8 16 11 13 5 196
3 4 1 5 3 625
8 2 4 2 8 736
11 2 13 2 1 518
3 16 8 20 7 271
4 3 2 3 8 207
5 4 1 7 2 118
3 14 6 9 6 395
4 4 3 14 7 707
1 4 1 1 9 367
10 8 1 4 2 31
14 1 6 15 7 621
17 10 11 15 3 530
3 5 1 2 1 506
6 8 3 8 7 140
10 11 3 1 6 649
11 11 16 3 1 490
5 3 1 5 2 719
5 5 5 6 3 537
13 3 5 15 1 46
15 6 13 4 5 428
3 2 4 2 2 226
8 10 5 4 6 7
8 2 6 8 8 85
14 19 14 6 3 538
3 2 5 5 4 557
9 3 3 9 8 665
7 2 12 14 2 218
14 5 11 6 9 696
4 3 4 4 8 357
9 10 10 10 7 740
3 8 14 15 2 18
18 15 2 6 3 332
1 4 4 3 8 405
3 7 4 10 1 477
14 10 4 14 5 526
4 9 1 1 5 468
1 2 3 1 8 749
1 1 1 5 1 632
4 11 15 12 5 89
5 14 15 10 4 649
2 2 5 3 6 76
1 8 4 6 8 650
14 3 13 15 5 636
15 14 16 16 7 717
2 5 3 1 3 397
1 5 3 4 7 532
10 3 5 11 2 671
6 11 6 4 3 717
4 1 2 4 10 646
3 9 4 8 9 738
14 11 10 15 8 336
11 14 19 12 8 258
2 4 4 4 7 428
2 2 10 6 8 76
12 14 14 4 5 570
15 2 2 10 6 499
4 1 1 1 7 212
1 8 7 5 6 504
2 8 5 3 7 357
19 15 15 14 8 112
2 2 4 4 3 301
6 7 6 8 4 216
6 5 15 7 1 358
5 8 11 5 10 60
1 5 3 5 2 263
4 8 5 8 1 665
9 11 3 12 10 31
11 6 20 17 6 658
4 2 4 3 7 432
7 3 5 3 8 490
10 11 9 1 8 164
9 8 13 3 1 67
4 5 4 2 9 574
2 3 9 2 7 722
10 2 14 14 1 502
7 3 11 19 10 121
2 3 3 5 3 272
7 4 6 6 5 673
9 14 14 13 2 618
13 4 15 11 7 510
3 5 1 3 8 338
3 7 6 5 7 146
4 6 3 6 2 455
7 9 4 14 3 408
2 1 1 3 1 614
7 7 1 5 9 687
10 2 4 4 9 310
4 6 4 1 6 313
5 4 1 5 2 210
6 4 4 2 5 634
6 15 14 9 5 328
17 3 12 1 8 730
3 5 4 4 9 275
4 5 3 7 8 469
7 7 3 10 2 746
12 6 1 13 8 11
4 2 4 2 7 92
6 6 3 4 4 650
7 2 4 5 10 723
9 20 19 17 9 464
1 2 3 4 1 718
3 7 8 2 3 485
12 5 7 7 1 582
11 14 8 13 7 224
3 3 5 4 2 547
4 6 3 3 8 738
5 3 4 14 1 105
9 11 4 19 9 517
2 5 3 3 2 161
2 3 8 1 3 343
10 11 9 2 10 561
10 2 4 1 6 613
4 2 5 5 2 345
6 4 4 6 6 235
11 3 6 1 1 379
10 15 12 8 5 702
1 1 2 3 10 634
2 4 2 3 2 761
5 11 12 1 5 281
8 11 8 11 5 521
1 4 4 3 2 215
3 3 10 3 10 79
5 4 3 11 3 236
1 6 12 5 3 754
4 4 5 5 1 519
5 9 2 4 7 476
5 14 13 7 2 541
12 17 16 4 7 484
3 5 1 5 1 552
1 4 9 5 5 308
