450
17 25 46 39 5 130
19 20 49 20 10 116
3 35 48 8 8 198
14 26 30 2 5 139
9 31 14 42 8 139
10 13 27 47 5 153
29 14 34 19 2 179
39 17 27 25 4 80
32 18 48 30 9 51
4 46 24 33 9 50
49 24 9 19 5 108
45 24 50 21 9 150
12 40 10 6 1 196
22 17 10 26 6 156
35 19 1 13 1 50
32 18 50 6 2 199
40 4 13 8 8 185
20 49 6 36 2 138
45 5 4 25 9 67
17 7 11 18 1 192
5 49 30 5 4 87
28 41 18 46 10 94
19 6 22 50 9 123
29 26 23 6 5 119
49 4 16 20 2 135
38 8 50 46 4 60
21 27 35 5 3 126
48 44 44 37 3 80
26 44 27 3 9 50
10 24 18 45 7 130
9 38 1 30 3 176
2 21 8 24 3 183
42 18 46 40 8 124
43 33 49 4 3 103
25 14 23 33 2 66
48 49 50 35 4 103
50 17 42 50 10 121
30 16 49 48 5 94
3 4 30 30 7 74
28 34 45 13 8 117
35 6 38 20 2 147
40 1 39 2 8 92
9 36 2 36 1 165
30 9 1 21 6 143
17 36 12 33 8 132
24 34 2 24 5 55
25 46 15 1 2 124
35 36 31 42 3 144
20 4 6 41 4 189
4 20 30 36 1 185
31 3 32 50 5 59
19 33 21 43 8 79
25 41 49 31 8 82
8 11 19 47 7 78
29 16 44 42 5 118
39 16 29 34 4 54
10 18 11 17 7 120
43 48 27 4 9 82
35 9 10 48 8 140
20 48 8 34 8 67
11 3 12 30 4 128
4 41 27 32 4 181
33 1 5 36 1 82
31 8 29 44 2 110
5 9 19 27 10 108
25 17 50 44 8 164
9 3 18 29 9 158
35 34 38 49 3 83
46 43 20 32 4 157
40 15 30 24 3 84
2 6 3 15 1 97
25 3 47 49 1 145
9 32 30 34 1 125
16 43 7 20 8 64
20 32 41 33 9 111
38 50 19 30 9 100
20 36 8 5 3 151
42 34 3 6 4 142
44 50 29 13 4 140
19 26 41 30 3 51
31 25 49 45 6 167
10 29 4 8 7 125
10 10 34 38 7 76
9 20 19 21 4 89
46 6 45 34 4 173
34 38 37 19 7 92
49 33 40 8 10 97
9 44 32 15 7 58
25 33 36 30 4 130
39 48 20 8 6 89
5 6 16 22 8 153
21 11 19 2 1 174
12 8 5 45 8 129
9 32 49 48 9 113
22 38 44 18 3 162
34 45 4 22 2 159
49 25 1 7 7 145
22 49 17 21 4 76
1 7 11 33 3 71
7 48 49 8 6 195
30 4 2 5 2 200
8 27 47 48 3 65
15 40 47 6 3 92
4 16 43 29 1 96
26 3 4 29 3 165
37 12 30 6 7 99
42 32 12 46 2 91
13 29 20 40 2 196
25 16 46 39 1 65
26 50 45 19 6 85
15 41 20 6 9 86
46 5 14 4 7 190
33 31 25 4 2 125
16 38 38 31 4 126
2 7 7 1 3 171
2 15 27 19 9 145
42 33 30 36 10 78
33 47 14 29 8 51
13 35 45 44 5 73
39 41 19 18 4 55
28 30 3 4 1 140
11 37 44 6 4 177
40 17 16 22 4 98
49 15 49 32 4 147
48 8 47 15 7 192
16 7 30 11 6 167
14 12 19 35 10 194
37 32 39 4 3 90
1 43 39 43 9 90
13 34 12 25 8 178
31 22 13 45 9 86
12 15 18 28 5 95
48 24 13 24 2 129
28 2 41 40 10 156
2 44 13 49 3 173
2 49 39 3 5 176
35 6 42 5 4 67
9 37 29 41 9 113
44 46 32 45 3 124
32 23 22 39 6 132
49 37 29 22 7 150
17 45 5 45 7 89
33 11 48 41 9 121
42 8 45 33 4 131
43 3 25 25 5 139
42 46 25 5 3 51
30 8 34 43 8 133
32 33 33 26 9 133
11 5 16 4 8 186
39 21 33 26 10 98
43 44 39 11 9 95
21 7 18 45 3 117
40 13 33 32 4 137
31 50 8 42 9 133
5 2 39 22 9 173
16 1 20 29 7 125
1 44 38 23 2 179
36 38 9 26 4 187
11 32 16 26 7 175
14 4 4 24 3 129
10 15 25 11 9 142
1 21 30 39 3 127
32 26 11 18 8 194
35 46 35 30 2 173
6 37 13 50 1 140
21 2 46 36 10 87
8 31 37 45 1 198
48 49 7 43 1 96
38 49 24 49 7 139
30 15 18 22 2 162
47 7 17 49 5 99
46 10 5 17 6 67
13 36 23 7 1 147
1 24 36 19 10 153
21 39 43 1 10 68
16 37 26 42 6 142
23 2 7 22 9 94
45 18 12 43 5 102
39 35 40 9 8 178
33 17 13 8 6 119
4 1 40 14 6 134
38 32 14 11 7 100
33 28 32 31 5 177
13 4 2 24 1 62
1 3 6 32 7 71
7 23 37 46 1 121
22 15 42 38 2 169
28 41 5 15 2 185
34 1 3 30 9 86
11 49 13 11 4 78
47 39 30 41 9 58
46 9 7 6 5 106
26 10 23 8 1 58
11 20 11 36 8 195
8 43 14 48 5 89
24 24 24 50 10 141
20 30 7 29 9 158
30 5 19 40 1 55
13 34 17 33 1 173
10 15 20 35 8 174
48 49 8 14 8 187
8 20 11 42 8 157
47 9 30 32 1 119
10 49 40 14 6 92
23 36 3 43 8 186
37 8 42 12 8 97
30 41 47 24 1 177
38 4 14 42 2 105
21 38 41 7 10 151
43 47 43 33 10 53
29 50 2 11 9 105
37 47 24 40 7 165
42 20 28 18 10 158
43 3 22 22 10 54
32 14 19 31 8 185
48 18 34 32 1 130
4 13 21 49 7 87
16 48 13 23 10 66
21 7 26 35 6 82
33 21 17 7 9 186
37 46 42 20 5 116
37 28 48 12 2 77
40 18 19 42 3 188
31 28 16 40 9 62
50 3 50 18 1 73
29 50 33 40 10 142
38 27 6 2 8 62
47 48 1 21 9 133
30 25 8 32 1 145
24 15 40 23 3 129
17 3 11 18 4 88
18 41 42 34 3 85
23 32 43 25 8 157
47 46 11 47 9 57
44 37 15 36 1 145
49 30 28 34 2 93
28 5 10 14 1 72
34 10 36 21 5 62
23 4 16 11 10 180
46 3 14 46 4 53
26 35 15 23 5 81
29 41 40 43 9 159
1 3 41 49 10 144
22 36 42 15 9 193
40 24 22 8 2 105
28 20 40 21 4 197
18 26 19 20 10 132
38 44 22 48 4 60
34 35 6 24 4 180
39 43 38 44 9 199
8 35 5 45 7 153
21 37 2 6 3 139
40 3 2 50 2 175
4 6 24 29 4 170
22 23 2 16 9 119
48 24 10 30 3 65
20 49 17 20 3 101
25 42 15 48 5 86
31 7 19 17 1 84
44 12 13 49 2 192
9 11 6 43 9 72
29 48 48 6 10 70
33 24 11 34 2 133
34 46 50 22 1 174
3 28 41 11 8 104
23 34 14 38 5 195
30 8 9 6 2 116
4 7 49 42 3 95
21 44 48 2 8 92
1 18 39 11 5 189
50 15 22 46 1 84
44 12 20 33 10 85
18 42 11 35 6 55
16 43 3 2 9 129
47 6 36 36 8 59
23 40 16 4 2 82
35 19 23 2 10 122
20 36 26 1 9 142
2 2 13 40 7 151
20 37 20 45 3 109
34 38 17 21 1 188
32 9 24 7 4 62
30 20 29 21 6 54
4 48 38 49 10 109
7 33 39 43 2 187
17 16 10 48 1 187
23 17 33 34 4 198
21 50 29 9 6 104
11 10 37 22 2 91
50 1 13 25 7 200
21 3 1 47 7 100
2 45 14 17 7 190
11 19 30 17 6 196
49 48 50 12 9 75
22 40 34 44 10 160
38 16 47 1 10 159
43 30 48 37 2 184
5 6 13 24 8 186
28 8 4 32 9 191
3 10 47 2 5 146
50 49 36 27 7 145
25 24 41 31 3 166
23 29 21 16 8 54
42 17 46 34 2 61
3 11 42 15 7 80
37 9 4 4 5 126
23 31 1 21 6 90
16 41 11 50 1 124
9 36 20 47 10 136
23 22 31 48 5 176
19 18 4 7 1 161
17 1 11 35 1 159
13 8 7 34 4 167
46 43 39 49 4 76
7 10 24 10 9 61
3 21 4 8 3 89
9 43 26 43 10 158
5 24 19 24 3 83
26 28 18 6 1 130
26 1 17 35 3 186
18 24 3 34 9 145
35 26 27 18 9 150
23 7 22 25 6 91
17 28 27 37 3 124
19 36 6 11 9 154
18 32 20 15 1 90
14 22 30 24 8 120
3 25 31 24 8 51
37 9 18 50 9 56
47 21 12 15 9 198
22 49 1 20 1 51
10 3 22 21 6 167
29 20 10 40 6 75
26 13 18 34 4 150
19 11 5 29 10 154
21 21 17 28 1 67
8 50 30 20 1 116
34 34 43 24 7 193
15 20 10 1 4 107
38 2 6 12 2 118
14 19 16 31 6 190
37 28 15 46 1 105
14 21 31 25 10 184
13 2 30 28 10 73
15 14 23 6 10 156
29 8 24 25 6 163
6 20 48 10 9 80
7 18 46 7 3 96
48 46 35 50 4 80
8 16 22 12 9 147
47 8 45 18 10 159
12 18 2 49 10 181
17 46 48 11 8 169
24 12 47 34 7 163
33 17 18 10 6 196
45 8 7 36 6 139
39 4 39 17 6 155
14 36 13 18 1 137
5 1 19 30 1 80
24 10 17 36 7 136
30 24 8 34 9 172
11 47 28 48 8 119
47 47 25 20 4 164
25 26 10 41 4 158
23 15 22 38 7 63
37 15 29 14 6 189
41 10 46 28 2 100
26 41 35 11 10 152
25 17 3 45 9 55
12 30 19 46 6 107
21 15 36 38 6 155
37 13 6 1 3 135
46 2 4 32 5 199
25 7 4 6 8 124
32 48 6 10 2 83
36 43 23 21 1 143
45 21 5 32 7 200
45 18 50 45 3 144
21 16 4 48 4 159
34 46 14 41 2 84
41 25 37 18 1 171
12 40 17 42 10 70
16 37 5 41 6 131
38 17 26 45 3 111
15 48 32 46 10 146
19 11 10 6 5 143
45 1 22 37 6 50
20 44 18 10 9 126
6 19 6 29 7 99
25 28 6 8 5 152
41 5 14 24 6 165
26 28 11 27 8 69
44 38 10 43 4 189
13 50 26 24 10 113
32 30 27 39 9 87
35 9 37 31 4 70
5 47 23 2 6 114
4 20 38 4 4 50
49 18 2 30 2 149
24 33 23 46 5 126
14 5 7 26 10 153
40 31 32 37 2 116
43 4 45 14 1 145
38 47 18 23 1 136
45 49 12 14 9 79
17 20 47 27 5 181
5 3 46 15 4 113
38 37 30 9 2 113
20 13 40 45 7 161
45 26 45 24 3 100
19 2 10 9 2 141
22 33 8 34 2 179
7 21 27 16 3 183
47 42 44 41 6 99
39 2 47 5 9 58
23 49 49 22 3 68
2 38 30 8 8 79
30 19 18 28 9 140
40 44 47 12 8 166
21 45 50 6 4 60
34 19 12 12 5 99
30 19 15 35 7 69
34 24 14 14 6 158
47 23 50 18 1 56
3 44 25 5 2 183
4 46 46 47 5 175
4 18 31 6 6 60
22 39 45 43 2 109
37 36 20 31 7 149
18 27 41 3 8 123
43 25 47 9 10 147
50 46 31 30 4 105
1 9 43 48 2 53
8 20 29 10 5 153
7 35 25 48 7 92
49 31 27 2 10 71
45 31 44 33 7 74
34 16 40 7 6 93
5 7 36 43 3 57
43 27 50 28 2 57
6 3 29 34 7 119
7 12 36 37 4 56
39 38 46 26 1 88
9 19 13 3 10 128
11 16 3 49 5 198
15 19 27 33 5 105
47 47 43 42 2 149
22 28 23 12 6 132
19 35 38 15 9 148
1 21 14 7 8 59
