50
100 3 
79 7 
55 24 
74 4 
100 232 
68 28 
86 81 
69 92 
59 221 
30 228 
57 241 
68 216 
93 101 
48 134 
44 29 
71 0 
43 180 
43 184 
38 208 
21 167 
63 66 
73 120 
24 158 
29 171 
95 27 
71 229 
39 213 
56 137 
71 27 
31 31 
60 223 
99 9 
48 150 
73 102 
42 128 
57 187 
51 200 
44 166 
61 18 
29 163 
70 208 
30 95 
42 189 
28 202 
72 118 
58 65 
25 171 
77 147 
100 223 
23 5 
0 2 16 20 19 16 1 4 15 5 12 3 6 2 10 6 6 11 2 10 18 0 8 2 3 6 18 2 19 19 20 5 8 1 9 8 18 2 3 10 19 14 16 6 1 8 18 17 2 16 
7 0 12 18 19 2 2 20 6 18 3 10 16 19 11 11 20 12 6 18 10 15 11 4 10 9 1 16 7 7 14 0 16 11 10 15 1 3 7 8 13 4 14 2 18 15 13 0 11 5 
20 5 0 4 10 8 20 2 0 16 3 15 6 2 1 17 14 11 0 10 2 4 0 4 17 14 20 18 6 7 12 8 12 1 8 9 8 4 19 17 19 17 9 15 11 8 14 3 12 18 
13 19 9 0 13 16 10 18 6 10 14 4 17 13 7 14 11 8 10 15 7 2 12 14 6 13 11 19 6 6 16 11 11 6 17 1 18 9 13 2 8 0 15 11 7 5 1 3 6 3 
9 20 0 12 0 9 4 4 9 11 3 10 10 14 17 3 0 11 13 0 13 20 1 17 3 2 19 9 15 5 16 14 20 6 12 18 13 14 13 9 5 8 4 13 7 6 9 0 17 1 
2 18 2 5 5 0 9 9 12 15 10 0 8 0 1 16 8 5 20 3 4 13 20 2 18 16 17 19 2 2 17 9 2 10 17 16 1 14 17 6 1 11 0 6 2 8 9 0 12 19 
0 19 19 2 16 14 0 19 19 10 8 20 15 13 7 9 2 10 2 3 14 14 16 6 6 8 18 15 0 18 9 19 17 2 20 18 20 17 8 3 3 0 0 1 8 13 15 14 2 4 
18 11 18 16 7 1 15 0 9 10 10 13 13 9 20 8 14 17 18 6 11 16 6 17 0 2 7 12 6 12 18 20 2 20 9 5 17 8 17 19 12 13 19 20 18 1 2 3 11 15 
12 12 10 13 18 13 12 7 0 8 18 9 17 14 14 15 5 18 15 5 17 12 4 3 4 15 20 1 11 11 9 8 3 18 5 6 17 18 15 13 13 13 14 4 12 0 15 4 3 4 
17 13 1 0 11 14 0 20 4 0 10 19 10 14 7 5 3 9 19 3 9 10 5 11 14 2 10 0 1 15 13 13 18 14 7 11 17 10 11 3 13 16 5 12 1 0 9 5 7 14 
6 7 4 13 12 4 11 18 7 8 0 15 19 17 16 10 2 2 2 4 18 17 4 15 11 19 16 3 0 8 14 4 6 19 4 2 6 3 13 6 9 17 7 1 5 2 10 16 11 2 
1 15 14 19 16 0 0 5 8 10 11 0 2 4 10 6 5 8 0 16 12 14 4 20 7 16 7 2 2 11 16 2 7 15 0 10 13 20 8 9 12 16 8 0 13 2 9 7 14 12 
17 4 8 5 18 5 13 4 17 4 8 20 0 19 10 13 18 18 13 1 15 13 13 12 14 19 1 7 18 6 15 11 19 9 5 12 12 11 8 16 14 3 17 6 18 9 7 17 11 4 
0 19 11 17 15 13 14 19 19 3 4 14 8 0 4 10 6 16 12 20 16 4 11 14 6 5 3 10 20 14 5 1 13 3 19 11 14 6 15 8 13 5 16 1 19 4 15 19 4 13 
12 12 3 15 15 11 18 0 11 18 1 18 1 11 0 13 12 2 13 12 14 14 16 15 9 17 12 4 12 10 18 8 14 0 15 4 3 2 7 3 3 18 17 2 0 11 16 5 16 9 
17 15 13 6 16 14 8 8 2 7 15 7 18 15 3 0 1 15 5 1 19 4 3 5 9 1 3 7 10 14 4 7 20 9 15 14 12 16 10 19 15 15 12 12 9 14 12 10 20 1 
1 13 4 17 20 3 16 3 5 1 11 17 4 20 19 4 0 5 0 13 20 18 6 18 10 15 11 7 9 18 0 11 6 15 17 16 11 14 16 4 9 16 9 12 17 11 5 10 3 20 
16 2 18 3 13 3 1 9 20 12 12 17 2 17 11 12 1 0 4 8 11 0 3 6 13 11 6 8 20 2 14 9 19 15 8 11 10 7 3 15 20 3 4 20 15 8 2 1 0 9 
16 7 19 11 5 13 7 5 8 14 16 2 7 18 20 15 18 18 0 4 19 15 7 14 20 12 0 12 11 6 8 18 1 13 19 2 11 1 20 1 6 5 16 5 13 15 6 2 2 9 
7 8 17 3 11 3 10 9 20 10 12 20 19 12 5 1 18 5 5 0 0 11 0 16 9 1 7 3 3 7 20 18 7 1 11 4 13 9 7 15 1 16 9 15 14 11 16 10 6 17 
6 18 15 15 0 1 16 19 3 16 10 9 11 0 15 7 3 20 16 1 0 8 4 8 10 14 12 6 17 15 20 0 17 14 11 10 0 8 16 9 7 11 4 9 20 7 19 1 16 13 
8 0 10 15 13 3 14 0 12 12 18 4 9 4 6 11 15 8 19 20 5 0 0 7 17 7 20 3 8 0 17 7 16 20 16 7 15 4 11 13 4 6 0 6 5 14 9 9 13 7 
11 16 19 12 16 1 4 20 19 14 11 6 0 17 15 19 0 5 1 10 16 17 0 8 2 11 18 4 20 4 3 18 18 15 5 11 16 6 15 18 7 4 15 10 16 20 13 12 6 18 
13 8 5 13 19 4 6 14 10 6 18 10 17 12 9 13 13 20 10 1 18 14 19 0 6 16 19 17 18 12 4 5 3 20 20 20 13 18 3 6 4 14 4 15 0 7 2 4 8 17 
4 12 2 11 4 2 15 1 5 12 14 18 15 12 19 11 16 14 20 15 19 10 8 0 0 11 16 11 8 16 18 19 1 16 4 16 4 10 9 17 12 19 10 12 20 6 2 4 5 0 
1 16 15 10 20 11 9 4 6 11 4 14 17 7 15 16 4 4 1 5 1 17 8 20 9 0 18 3 20 1 15 12 11 8 19 19 12 4 11 10 4 9 11 14 12 9 3 3 14 10 
18 12 7 18 20 17 1 18 4 10 11 6 20 17 11 12 15 15 10 18 4 0 15 1 2 17 0 17 13 8 15 15 3 13 0 10 7 16 12 2 12 15 7 16 18 15 11 18 0 6 
18 7 7 0 12 15 10 6 7 16 6 19 19 7 7 19 18 20 7 8 13 16 2 5 11 5 19 0 13 6 10 3 13 5 4 5 7 4 9 10 4 7 13 8 9 11 17 13 2 10 
11 16 14 20 10 11 16 8 8 17 4 3 6 1 16 10 15 0 15 15 18 10 0 7 11 7 15 15 0 10 4 7 18 3 14 7 2 9 17 17 20 20 15 5 13 9 8 9 19 14 
14 8 2 15 6 12 3 5 3 7 13 3 3 13 19 10 17 3 5 13 5 8 0 1 19 20 8 2 0 0 11 0 16 16 8 11 19 5 5 4 2 12 15 6 19 18 0 13 4 6 
5 11 17 18 0 9 8 9 6 19 13 7 12 0 4 6 10 12 15 16 6 19 10 12 13 15 3 9 10 20 0 4 12 8 13 0 7 11 5 20 10 0 7 5 1 4 8 4 3 16 
1 7 3 17 0 12 5 8 8 7 9 19 19 13 4 15 4 6 15 0 11 15 20 17 11 8 20 11 14 17 12 0 2 6 2 15 20 18 9 9 15 0 10 13 10 0 18 20 7 20 
9 2 3 0 9 0 19 14 9 8 6 0 13 4 9 9 11 11 1 3 13 4 3 2 11 20 12 2 3 20 15 1 0 0 16 19 15 19 20 13 7 17 2 18 14 4 12 9 0 18 
3 16 3 1 16 10 9 0 14 0 0 7 4 5 2 5 6 14 8 13 6 9 5 1 2 3 11 18 11 5 20 11 2 0 2 8 1 3 1 19 2 13 4 13 6 8 0 13 1 17 
2 10 7 8 4 13 16 4 7 9 1 3 1 3 12 7 12 17 13 15 4 13 2 5 18 20 6 13 5 18 4 9 12 14 0 4 12 2 11 7 10 6 1 3 2 19 17 20 17 19 
16 19 12 3 18 16 1 0 15 16 6 11 11 17 1 18 1 13 15 1 14 16 4 9 8 17 12 5 10 3 7 16 17 5 9 0 12 3 5 6 1 12 5 15 13 8 17 2 6 20 
11 18 17 7 9 14 14 18 15 18 1 3 18 20 8 8 17 12 2 15 10 10 14 8 12 7 19 12 19 10 18 12 12 8 17 0 0 6 0 15 14 11 10 2 19 0 8 19 8 17 
0 8 3 9 17 3 3 17 13 0 14 16 0 4 4 2 5 19 9 9 1 1 7 17 11 17 0 8 6 4 6 13 19 17 1 5 17 0 19 2 12 0 17 7 0 15 17 1 3 19 
18 16 2 0 20 4 13 18 9 12 7 7 18 2 19 8 18 2 12 7 20 17 12 13 5 12 5 15 8 12 2 2 12 9 4 8 17 6 0 4 18 20 20 13 11 10 2 15 2 4 
1 9 17 6 6 4 5 2 2 8 11 14 5 6 18 11 3 18 7 5 2 19 10 12 3 12 2 5 6 10 10 11 7 13 4 14 8 19 4 0 6 1 3 14 19 1 19 13 6 19 
10 9 19 11 4 18 7 18 9 20 12 12 17 15 5 15 11 3 3 7 15 10 13 6 2 10 0 6 14 18 14 18 12 15 15 3 20 17 17 19 0 8 18 12 17 10 8 15 2 0 
9 1 15 9 18 14 16 12 3 14 10 4 11 5 14 1 13 6 2 0 4 13 10 4 2 15 15 5 16 0 7 1 16 18 19 11 7 14 19 0 8 0 4 1 11 1 12 17 20 15 
10 18 10 12 13 10 13 6 16 4 19 8 20 4 10 13 17 6 11 19 8 7 6 18 1 6 19 1 9 19 13 12 18 7 14 15 6 18 18 14 11 5 0 0 5 17 8 6 19 5 
9 19 12 1 8 11 16 6 8 4 4 20 17 13 6 8 15 6 15 4 13 8 20 15 6 16 12 5 7 17 9 12 14 5 10 8 3 0 14 1 4 9 15 0 12 10 2 9 20 17 
14 14 18 0 6 0 13 7 15 0 17 3 9 13 1 20 2 9 0 3 0 12 20 14 4 7 18 9 18 6 16 13 0 0 4 19 11 5 14 7 16 16 10 14 0 8 2 16 8 9 
8 16 14 5 7 6 2 5 7 16 17 12 13 13 10 15 18 7 1 6 5 18 1 6 9 10 12 9 1 4 3 7 15 4 20 9 3 12 5 6 14 3 18 8 18 0 10 0 11 1 
10 2 2 15 1 19 20 16 12 15 1 1 20 9 0 15 10 19 5 7 17 0 20 16 11 0 0 2 15 19 4 11 18 11 9 4 20 6 5 15 13 7 15 8 1 6 0 12 14 3 
5 16 1 10 13 17 9 11 7 14 5 12 18 15 10 0 11 19 11 2 4 15 17 4 4 2 6 11 13 19 2 11 13 19 10 12 12 10 19 9 15 0 14 9 7 3 3 0 13 7 
5 15 7 10 7 12 4 19 8 15 10 11 0 5 4 1 19 5 2 18 5 3 16 16 10 1 6 7 12 0 14 6 17 9 7 3 12 19 4 16 1 8 0 10 8 1 17 16 0 14 
16 4 8 17 6 13 7 12 0 5 18 18 5 1 8 1 11 3 12 1 18 13 3 5 11 1 11 10 0 16 15 17 19 13 16 14 0 1 10 10 16 8 2 5 5 14 14 5 18 0 
