50
8 1
8 9
6 29
5 12
6 33
4 6
8 7
7 22
6 10
3 2
10 26
5 25
3 27
10 3
4 15
5 27
8 22
7 16
10 23
8 10
9 35
6 33
7 35
7 13
4 8
6 38
6 13
9 30
5 34
3 37
6 36
6 27
10 17
9 34
10 10
6 13
5 9
8 23
4 20
5 13
9 12
4 11
6 26
7 18
8 35
7 4
10 5
3 29
6 20
9 25
0 2 2 2 3 3 1 4 1 2 1 3 1 4 4 4 3 4 4 3 4 4 3 1 1 4 4 3 2 4 2 4 1 3 4 1 3 3 1 4 1 1 3 2 3 2 4 4 3 4 
2 0 2 2 4 2 1 2 1 4 1 1 4 1 1 3 1 3 4 2 1 3 1 2 1 3 4 2 4 3 3 4 4 4 1 4 2 2 3 4 3 2 2 3 2 2 4 1 4 3 
4 3 0 3 4 3 2 2 4 3 1 3 2 3 4 2 2 1 2 2 2 1 1 1 4 4 3 3 3 1 4 1 1 2 1 2 2 1 2 2 4 2 4 1 3 4 3 4 2 3 
3 3 4 0 3 3 4 4 4 4 4 4 3 1 4 3 1 4 3 3 4 4 4 2 1 2 1 3 2 2 2 2 3 3 4 2 1 1 2 2 1 3 2 1 1 2 3 2 4 1 
1 1 1 4 0 1 4 2 3 2 2 4 4 1 4 3 4 3 2 1 2 1 4 1 4 4 1 1 1 3 4 3 1 3 2 3 2 2 4 2 3 2 2 4 2 1 2 1 4 2 
2 1 2 1 2 0 4 2 4 1 4 4 4 1 4 1 2 4 2 2 4 4 2 4 3 2 4 2 2 2 4 4 2 4 1 1 1 4 2 4 4 4 4 1 1 4 4 4 4 2 
1 1 3 1 2 3 0 2 4 3 2 2 1 4 3 3 3 3 2 2 3 4 4 4 1 4 2 2 1 4 1 4 2 1 2 2 4 2 2 4 3 4 2 1 2 2 3 4 2 4 
4 2 4 4 2 4 2 0 3 4 3 1 4 3 2 2 3 4 1 1 3 3 3 2 4 4 4 3 4 3 2 2 4 2 3 1 4 4 4 2 2 2 3 3 1 3 3 4 4 4 
3 3 4 2 4 2 2 2 0 4 4 4 3 1 4 2 4 1 2 2 1 2 4 2 2 2 3 1 2 4 3 3 3 3 3 4 1 4 1 2 2 4 4 2 2 3 4 3 3 2 
2 1 2 3 3 2 3 1 2 0 1 4 1 1 1 4 1 1 2 1 3 2 4 4 4 3 2 3 2 3 2 4 3 3 2 3 4 1 1 3 1 1 1 4 4 3 2 1 4 2 
3 1 3 4 1 2 1 2 3 1 0 3 3 3 2 4 2 1 3 3 1 1 3 4 1 4 3 3 4 2 1 4 3 4 3 4 4 4 2 2 3 1 2 4 2 1 3 1 2 3 
2 2 3 1 3 4 1 2 3 4 3 0 2 1 4 1 4 3 2 2 4 1 3 4 3 4 2 3 2 1 4 2 1 1 2 4 2 1 4 2 1 3 2 2 2 1 1 4 3 3 
2 3 2 4 4 4 1 4 3 1 3 3 0 4 3 4 1 2 3 1 1 3 1 2 3 2 1 3 4 2 3 1 2 4 2 1 1 3 4 2 4 2 1 4 1 2 1 2 3 1 
1 1 1 2 1 1 1 3 2 1 3 1 3 0 4 2 3 4 4 3 3 2 4 4 2 1 3 1 4 1 1 4 2 4 2 1 1 1 2 3 4 4 3 2 1 4 2 4 4 4 
3 3 2 4 1 2 4 4 4 2 2 3 1 3 0 3 1 1 2 2 2 3 3 3 3 1 4 3 3 2 1 1 4 1 1 4 4 1 1 4 3 2 2 3 1 4 4 2 2 4 
4 1 4 2 4 4 3 2 4 3 3 3 2 2 4 0 2 4 1 2 4 4 3 1 4 1 1 4 1 4 4 2 2 1 2 1 1 1 4 4 3 1 2 4 2 1 3 3 4 1 
2 1 3 3 3 2 3 4 1 4 3 3 3 2 1 4 0 3 2 4 4 1 2 1 1 3 4 2 3 1 2 1 1 2 2 2 2 1 4 2 1 4 4 2 2 1 4 4 1 1 
1 1 4 2 1 2 2 3 3 2 2 3 2 2 3 4 2 0 1 2 3 3 2 1 1 2 2 4 4 2 4 2 2 4 4 1 1 3 1 2 3 2 4 2 2 3 4 2 2 4 
4 4 4 4 4 3 3 4 1 2 2 2 4 1 1 4 2 3 0 4 1 2 2 4 1 2 1 4 1 1 3 2 4 2 1 4 1 2 2 2 4 4 3 1 3 2 2 4 1 2 
4 2 2 1 1 1 3 3 4 2 1 1 4 3 1 3 4 1 1 0 3 2 4 2 1 4 2 1 3 3 4 2 2 3 4 4 3 1 2 1 3 1 1 3 3 1 1 2 3 1 
3 3 2 2 1 3 4 4 1 1 1 3 4 4 2 4 3 2 3 3 0 2 4 4 4 4 3 2 4 4 4 3 2 2 1 4 1 3 4 4 1 2 2 1 3 3 4 1 2 2 
4 2 1 4 4 4 4 1 1 4 2 4 2 1 2 2 2 3 4 2 4 0 3 3 2 4 1 1 4 1 3 2 4 1 4 3 2 2 3 1 2 3 1 1 1 2 4 1 4 1 
2 3 3 2 1 1 3 4 1 4 1 2 3 3 1 2 2 4 1 3 4 1 0 1 1 2 3 3 2 2 4 2 1 4 1 3 4 2 3 4 3 2 1 1 4 1 2 3 1 4 
2 1 2 2 1 4 3 2 1 1 4 1 3 1 3 4 2 4 2 2 3 2 1 0 3 1 1 1 4 4 3 4 4 1 4 4 1 4 1 4 4 2 1 3 3 3 2 2 4 2 
2 3 2 1 1 3 3 1 1 2 3 1 1 1 4 4 2 2 4 3 3 4 2 1 0 1 3 3 3 1 2 2 2 4 3 2 3 1 4 4 4 4 3 1 1 4 3 3 1 4 
2 4 4 2 2 3 1 4 2 1 4 4 2 2 3 3 1 3 2 4 3 2 1 2 3 0 4 1 2 1 2 3 4 2 1 2 3 3 2 1 2 3 2 3 1 1 3 3 3 1 
1 3 2 1 4 1 3 1 1 2 3 4 3 2 4 2 4 1 1 1 4 2 4 1 2 2 0 3 4 1 1 1 2 3 3 3 1 1 3 2 4 2 1 2 4 4 3 3 1 1 
3 2 1 4 1 4 4 4 4 2 4 3 4 1 4 3 3 1 4 2 3 3 1 4 2 1 2 0 2 2 2 1 3 4 2 4 3 2 2 4 3 3 1 2 4 1 2 2 4 4 
4 2 1 3 3 1 3 1 1 4 1 3 1 2 4 4 2 2 4 3 4 4 3 2 1 3 1 4 0 4 4 2 3 4 1 2 4 1 4 3 3 3 1 4 1 3 4 3 4 4 
1 1 3 3 3 3 1 4 2 2 4 1 2 4 2 2 3 4 2 3 3 3 2 1 3 2 1 4 2 0 3 1 2 4 1 1 2 2 4 2 1 3 2 3 3 1 2 3 3 3 
2 4 3 2 4 3 2 2 2 1 3 1 4 3 4 2 1 1 4 2 4 2 3 1 2 3 2 3 4 1 0 1 2 4 2 2 4 4 2 2 2 2 4 1 4 2 4 3 3 1 
1 1 4 1 1 1 1 3 3 3 1 2 3 4 2 3 4 3 4 1 3 4 2 3 2 1 1 3 2 1 2 0 3 2 1 4 3 4 1 3 1 1 2 1 3 2 1 4 3 2 
1 3 2 2 1 2 1 1 4 1 4 2 3 3 2 3 2 3 3 2 3 1 2 3 3 2 2 2 2 3 3 4 0 2 1 2 4 3 4 3 4 2 3 4 3 3 3 4 3 3 
1 1 2 3 4 2 2 4 3 1 1 1 4 2 2 1 1 1 1 4 2 1 2 4 2 3 4 2 2 4 4 4 4 0 1 4 1 2 4 1 1 3 4 3 4 1 2 3 1 4 
2 3 1 2 3 3 4 3 3 4 4 1 4 4 3 3 1 1 1 2 3 4 2 4 1 3 1 2 1 4 3 3 3 3 0 2 4 3 2 4 2 2 3 1 4 4 4 2 2 3 
2 3 3 3 4 1 1 2 4 3 2 3 1 4 1 4 3 4 3 4 1 2 2 1 4 4 1 2 4 1 3 4 3 3 3 0 4 1 3 4 3 4 3 1 4 1 2 1 3 2 
3 4 1 3 1 1 1 4 4 4 4 4 2 2 1 1 4 2 2 4 4 1 2 2 1 4 4 2 2 4 4 1 3 4 1 3 0 3 4 2 3 1 3 1 4 2 2 4 2 4 
2 1 3 2 4 4 1 2 4 1 1 3 1 4 4 1 3 2 1 3 4 4 3 2 2 2 1 2 3 1 4 2 4 1 1 1 3 0 1 1 1 3 3 2 2 1 4 2 1 3 
2 1 2 1 1 3 3 2 3 4 1 4 3 4 2 4 1 1 1 4 3 4 1 3 2 2 3 4 1 2 1 2 2 3 2 4 1 4 0 4 1 3 2 2 2 3 2 2 4 1 
4 3 4 2 1 2 1 3 3 1 3 3 1 4 4 1 1 2 4 1 4 4 3 3 4 4 2 2 3 3 1 2 3 3 1 4 4 4 4 0 4 2 4 3 3 1 1 1 4 4 
1 3 3 1 3 4 2 4 3 2 2 4 3 3 4 3 4 1 4 4 3 3 2 3 4 2 1 1 2 4 4 2 1 2 2 4 4 1 1 2 0 2 2 2 1 2 1 3 3 2 
4 2 3 1 1 1 2 2 2 1 1 2 2 1 4 4 3 2 2 2 3 1 2 3 1 3 3 1 3 2 1 1 2 1 3 2 4 1 4 1 1 0 2 3 4 3 2 4 1 3 
1 4 4 4 4 3 1 4 2 2 3 2 2 1 2 3 2 4 2 1 4 2 4 1 2 2 1 4 2 3 1 3 4 2 1 3 2 1 4 1 1 3 0 4 4 4 1 1 3 1 
1 1 2 2 2 3 2 2 3 3 3 4 1 3 4 3 1 1 2 4 3 4 3 2 1 4 2 3 4 2 3 4 1 4 3 3 1 4 2 4 1 3 2 0 1 4 4 3 2 1 
4 4 2 4 4 3 3 2 1 2 2 1 1 3 2 2 2 1 1 2 3 3 1 3 1 1 2 2 3 1 4 4 1 3 1 2 1 2 4 3 1 4 1 3 0 3 3 2 2 4 
3 4 4 1 4 2 3 1 1 1 1 1 3 3 1 3 1 3 2 4 1 1 1 4 2 3 4 4 1 3 2 4 2 3 4 4 3 3 4 4 2 1 2 1 4 0 3 2 2 3 
4 1 3 2 3 3 2 3 3 2 2 4 4 3 4 4 1 2 1 1 2 3 2 3 1 4 4 3 1 1 1 4 1 3 4 4 3 4 4 4 2 4 1 2 4 3 0 1 3 4 
4 1 1 1 3 3 3 3 4 4 3 4 3 3 1 4 2 1 3 3 4 1 3 1 2 4 2 2 1 4 1 2 4 4 4 2 1 3 4 2 4 3 2 4 4 4 3 0 3 4 
4 4 3 1 1 1 1 2 3 4 3 1 4 3 1 4 3 4 2 3 4 3 4 4 2 1 4 3 4 2 1 1 4 2 1 2 2 3 2 3 1 4 4 4 4 2 3 2 0 2 
4 1 1 2 3 2 1 3 1 2 2 4 2 2 4 2 2 1 4 2 2 4 1 4 4 3 1 4 3 2 1 4 1 3 3 2 2 4 2 4 3 1 3 4 3 2 4 4 3 0 
