100
48 200
66 167
23 189
44 51
82 41
17 293
44 255
72 177
99 234
39 164
41 38
43 67
49 116
14 203
61 131
10 1
13 54
89 96
59 219
62 103
25 274
100 57
30 110
8 21
48 31
85 164
19 132
97 173
92 295
98 112
90 74
4 217
92 51
87 266
8 218
84 241
62 247
42 64
73 50
76 222
78 299
77 113
20 41
19 172
17 267
71 141
96 184
6 5
79 161
75 165
31 60
60 102
22 18
12 75
95 233
63 176
57 146
48 223
2 90
35 292
86 94
1 262
95 235
67 186
28 299
18 73
60 124
17 231
91 300
58 199
2 147
61 25
26 52
52 240
93 252
80 280
54 152
15 265
15 50
26 97
59 151
76 79
58 6
67 127
35 279
60 117
66 292
58 6
77 215
68 67
95 12
46 106
30 164
74 208
82 280
81 258
49 132
64 210
87 118
21 223
1 45 30 31 17 36 17 13 26 2 28 48 15 51 31 39 48 7 8 43 25 41 8 49 11 50 46 15 4 23 36 3 15 7 33 15 5 9 23 45 13 53 50 18 31 7 13 32 25 51 19 6 16 13
2 7 47 26 18 12 15 7 37 14 39 2 39 38 53 36 27 30 19 36 48 8 15 53 31 14 26 11 37 12 35 31 3 34 41 38 42 3 43 24 43 51 17 53 43 31 41 23 38 18 27 4 12 17
3 35 7 13 22 41 26 31 31 30 43 3 30 2 24 25 21 37 33 3 16 46 25 14 3 18 21 53 48 12 52 23 4 40 12 12 11 10 46 1 47 52 3 34 51 17 51 44 39 12 51 50 42 16
4 3 52 5 18 8 9 40 28 35 39 7 40 8 39 3 46 19 14 2 35 19 40 5 42 1 21 39 17 29 26 42 29 34 12 7 3 7 10 40 10 5 52 13 26 41 7 11 36 52 4 27 29 50
5 10 51 53 34 37 16 41 47 44 17 2 36 47 43 20 41 50 19 25 29 25 22 22 50 33 45 13 1 27 13 38 23 3 42 39 26 14 31 33 30 48 29 19 51 6 7 50 24 14 22 52 35 39
6 52 31 10 27 7 37 51 13 16 31 22 8 17 23 22 37 15 34 46 37 36 21 4 45 43 44 9 50 38 10 30 34 34 36 48 47 1 14 25 5 7 30 38 26 17 36 2 41 34 50 36 24 17
7 22 32 30 47 3 31 12 4 41 51 9 3 23 47 9 39 12 26 24 16 48 3 35 12 11 52 13 2 40 40 26 42 48 31 22 29 35 24 53 51 21 18 26 33 50 25 41 38 6 13 11 15 29
8 11 53 2 11 50 38 19 19 21 18 6 28 52 40 45 19 13 23 16 13 51 9 34 36 11 27 13 18 23 2 16 8 5 29 23 8 12 3 38 49 50 12 32 12 44 41 13 23 27 38 31 26 14
9 50 29 28 18 7 47 37 42 42 53 1 7 28 40 19 15 16 9 43 13 39 21 21 37 14 51 37 12 22 33 40 3 36 23 47 2 17 20 44 48 2 38 19 42 7 52 32 40 26 2 24 48 44
10 42 34 3 28 19 18 47 37 52 39 39 43 49 1 20 50 50 48 31 2 22 13 1 53 17 13 36 39 23 53 3 6 3 38 20 50 35 2 46 12 35 7 11 14 18 17 20 44 27 46 12 33 11
11 28 50 48 2 20 9 17 32 45 35 33 33 12 4 2 47 20 48 39 6 27 51 16 23 43 31 47 41 45 49 5 26 23 27 20 49 48 52 25 46 14 18 24 12 42 50 18 21 41 16 49 37 45
12 23 39 38 7 3 5 2 34 53 45 21 7 5 28 40 42 21 25 12 47 48 40 7 28 22 27 39 45 46 26 8 33 21 4 40 1 24 39 2 7 18 2 32 30 36 6 40 8 25 15 31 12 7
13 4 12 15 11 34 24 24 50 45 45 25 44 36 40 27 29 48 5 39 31 1 37 16 41 44 16 9 13 21 2 33 53 46 9 42 14 43 47 29 34 16 51 50 39 51 25 45 32 24 10 12 34 15
14 49 4 30 19 7 46 33 36 1 46 3 24 14 19 24 3 41 11 11 25 37 18 21 37 47 47 47 30 18 2 49 23 45 19 53 31 30 12 8 53 13 33 8 28 13 46 4 13 31 48 17 23 6
15 36 37 41 17 28 3 44 20 28 45 10 26 3 6 6 15 26 18 44 5 14 21 32 26 5 10 20 5 26 22 19 48 25 9 23 48 47 30 14 20 29 47 37 48 17 38 28 41 46 42 17 31 35
16 47 18 47 18 35 7 2 31 31 18 38 45 34 12 14 22 26 4 36 43 31 41 43 28 14 7 16 15 49 30 17 27 44 29 20 8 24 20 8 40 22 22 26 31 11 47 32 22 17 12 45 48 1
17 42 31 52 7 2 28 14 35 30 52 25 42 33 12 9 9 43 11 1 26 9 8 30 8 51 51 30 20 45 17 28 14 53 9 25 5 35 4 2 24 43 24 26 46 26 14 27 16 48 44 50 44 6
18 41 18 8 51 50 47 27 24 26 27 44 36 34 17 33 26 12 24 24 24 23 44 8 11 11 25 27 2 23 21 47 27 25 17 21 16 52 50 35 2 16 33 29 19 21 1 26 31 13 47 19 18 34
19 39 51 21 47 43 15 42 19 47 15 16 12 32 13 8 42 6 50 40 25 47 24 42 24 41 52 52 25 26 5 36 20 17 14 31 21 52 13 10 28 2 52 18 31 18 28 6 36 28 32 45 30 14
20 16 27 1 52 34 11 21 52 6 2 53 29 31 2 20 29 2 40 4 5 32 9 1 7 16 28 13 5 3 19 30 26 45 46 51 9 51 7 23 11 24 19 25 11 5 41 31 48 50 45 30 14 4
21 7 44 41 31 21 6 16 39 27 19 48 4 24 45 47 5 47 39 24 28 5 6 28 2 28 32 22 31 33 53 36 21 6 29 34 38 19 49 8 34 28 1 40 44 9 47 29 26 53 9 39 17 33
22 18 28 9 11 1 41 29 1 23 30 47 21 4 16 10 20 41 3 11 36 26 20 33 25 33 51 13 24 39 40 16 17 50 25 33 40 53 19 44 19 22 3 2 48 21 50 51 28 1 47 46 30 14
23 29 50 27 27 42 20 42 19 9 2 21 23 38 6 23 38 27 44 50 18 1 35 27 47 7 33 44 41 36 1 32 32 17 30 43 13 47 6 20 3 2 38 1 27 31 35 5 11 12 13 2 4 39
24 18 14 51 46 51 24 39 7 31 46 21 28 9 45 4 38 24 12 44 4 14 48 33 12 43 34 41 15 18 24 4 5 34 25 43 11 17 21 32 7 52 12 7 41 53 44 6 39 37 35 33 29 11
25 34 7 35 52 52 33 8 39 10 36 20 16 38 17 13 34 48 40 40 50 39 42 22 28 18 22 2 4 36 37 6 4 11 2 43 42 27 32 40 27 18 2 41 6 2 8 11 2 29 38 6 27 3
26 45 12 37 43 13 5 21 35 18 38 24 48 52 3 6 49 50 44 5 45 47 21 45 49 48 13 2 25 35 36 49 2 8 29 6 18 10 6 34 19 30 6 41 40 44 5 26 10 18 38 53 35 27
27 28 24 12 33 35 30 46 37 6 28 3 23 42 1 28 1 21 12 9 42 33 30 48 23 17 3 23 16 36 24 31 53 6 41 24 5 5 42 16 24 19 25 2 18 45 33 1 5 34 11 15 5 5
28 34 2 20 46 35 13 9 52 25 16 45 41 1 5 8 26 32 10 11 42 21 25 38 43 32 24 39 33 44 8 23 10 43 16 6 4 26 34 28 45 43 39 29 49 11 14 16 22 12 47 9 39 2
29 42 9 29 17 2 22 14 45 42 52 9 38 13 53 22 15 23 45 38 32 27 37 24 36 48 22 25 14 23 7 52 23 6 19 32 26 52 2 25 32 29 47 6 33 37 25 22 37 39 33 51 2 43
30 44 44 10 8 32 10 20 25 41 38 23 44 52 4 1 11 45 15 2 34 49 52 33 13 53 42 17 35 4 48 20 31 34 48 1 42 39 34 8 20 12 17 21 35 19 15 50 26 9 26 22 47 8
31 6 4 34 22 29 11 15 6 20 3 28 42 15 11 21 24 45 23 4 33 36 14 12 48 36 48 2 51 6 20 45 44 21 24 44 27 20 19 33 49 24 7 5 39 27 25 25 37 51 41 44 31 6
32 43 44 11 48 21 47 23 48 43 38 45 36 37 32 24 32 32 51 52 34 46 48 26 46 14 39 24 11 20 19 49 29 49 53 25 11 49 9 39 18 43 1 45 44 23 13 27 7 38 30 42 8 5
33 15 28 45 16 46 33 7 14 19 32 20 28 52 43 33 1 29 12 41 51 28 5 15 53 31 33 13 4 28 41 3 41 15 52 50 37 50 8 25 53 12 53 49 39 35 51 32 17 28 42 7 36 39
34 13 18 8 47 6 14 43 2 21 43 38 25 10 14 4 43 23 20 36 13 32 40 16 11 53 49 52 42 9 37 47 39 25 28 39 13 39 6 29 30 12 28 15 22 44 15 6 15 19 31 41 8 48
35 6 49 11 20 3 49 10 43 46 25 39 42 41 11 3 29 49 29 36 52 4 39 29 7 4 16 38 10 16 36 49 19 51 2 39 33 12 6 16 20 32 32 12 13 34 23 16 12 11 33 35 43 34
36 34 40 51 44 6 48 24 16 46 25 47 3 27 16 18 41 10 53 49 39 4 35 27 23 4 46 49 42 2 38 45 41 3 43 27 21 13 39 25 12 17 20 52 44 3 38 3 6 34 46 20 26 16
37 10 31 15 11 21 45 49 15 50 44 47 27 46 52 44 35 34 48 15 30 30 51 18 46 10 5 39 42 30 28 50 17 53 31 12 24 36 36 11 37 45 11 20 9 24 37 21 17 44 17 50 25 3
38 29 40 1 49 29 40 17 37 47 2 39 11 31 48 36 53 34 44 42 27 7 45 22 37 45 3 33 30 10 33 23 26 38 50 32 5 23 46 38 8 35 4 20 19 7 18 49 29 40 6 5 33 1
39 46 23 18 6 21 41 37 6 27 34 5 36 53 46 15 52 46 4 28 11 29 6 4 52 1 40 18 45 50 25 18 25 42 51 3 44 2 49 46 22 9 53 53 19 32 53 52 33 8 7 43 46 29
40 26 14 32 39 15 40 19 43 17 20 53 51 32 30 25 46 38 9 31 20 17 12 28 49 33 13 12 46 31 12 15 47 45 1 36 8 33 18 21 49 51 38 42 7 43 1 47 24 9 9 38 3 8
41 22 25 11 49 14 46 36 23 31 19 33 14 2 42 11 44 11 34 43 2 48 23 19 52 18 39 8 52 22 33 28 22 15 13 33 18 29 40 10 29 9 17 48 23 53 43 7 20 7 16 9 46 24
42 5 53 3 43 31 30 41 7 20 52 49 49 2 21 3 18 33 10 1 36 18 23 43 7 35 44 39 43 40 30 41 42 23 15 20 29 31 44 33 30 40 45 8 26 31 30 26 21 44 50 3 49 32
43 44 35 4 45 29 45 28 37 51 51 31 14 1 8 30 1 36 52 25 31 14 25 40 17 35 19 24 17 2 42 24 49 40 8 12 53 8 14 25 38 11 23 10 34 35 11 29 29 1 27 38 35 20
44 17 8 16 51 7 28 30 10 28 3 46 26 20 49 31 1 32 42 53 37 52 9 22 27 48 33 45 7 48 51 36 51 15 41 24 12 40 4 6 45 20 15 22 37 32 13 40 32 34 7 9 3 45
45 2 31 12 29 31 47 24 29 41 42 2 26 8 14 27 40 34 1 1 32 49 48 31 42 31 43 24 7 33 24 21 31 35 16 6 21 13 36 41 40 50 27 43 22 12 34 22 42 52 53 31 3 47
46 40 33 13 16 49 24 28 37 10 29 19 38 51 33 7 49 42 51 31 37 26 19 41 5 16 21 20 2 22 45 23 11 2 49 40 30 6 12 51 19 25 36 47 42 3 15 37 3 36 18 34 37 9
47 9 45 29 50 42 46 5 22 36 41 11 48 21 41 20 36 50 42 13 46 18 46 50 41 38 31 10 28 29 48 28 11 24 31 36 46 14 43 39 13 35 49 7 42 2 6 28 16 5 5 2 15 49
48 1 52 53 37 9 12 7 17 27 36 51 42 53 3 16 49 24 10 45 49 42 49 44 47 11 30 21 19 30 32 4 42 48 34 48 10 5 21 25 45 11 27 6 52 10 12 18 33 38 33 16 45 3
49 3 34 1 15 6 30 14 17 31 4 30 27 50 16 32 37 5 15 25 26 4 32 35 7 53 45 16 8 4 13 50 42 46 52 10 37 26 18 1 42 30 20 49 23 27 47 6 23 2 11 34 41 37
50 44 14 27 50 8 31 10 34 4 13 23 51 30 27 45 19 51 47 43 8 34 28 3 38 30 11 24 39 49 34 3 41 6 33 36 36 47 32 23 37 20 6 7 17 5 49 19 9 40 50 32 44 50
51 43 14 52 14 45 36 46 7 7 47 13 5 2 46 37 41 34 31 49 13 25 24 34 39 20 36 39 20 29 31 43 21 36 10 15 19 20 13 6 4 13 9 33 20 48 52 26 19 1 24 39 46 35
52 46 1 34 35 31 30 16 35 20 4 23 17 47 1 4 13 9 22 50 30 20 10 28 51 11 53 31 12 21 49 26 32 17 29 34 44 29 22 41 45 5 46 49 24 50 21 8 16 52 26 46 13 46
53 47 43 23 42 24 2 29 9 49 28 8 45 24 17 20 44 45 23 37 12 5 49 15 5 20 37 44 37 25 43 46 47 5 37 16 23 50 31 2 52 45 28 33 37 5 19 31 38 41 50 37 34 1
54 11 24 9 13 51 28 32 29 13 34 50 35 27 35 29 8 37 15 5 46 27 6 7 13 37 8 45 35 37 32 16 35 17 41 5 21 48 36 19 34 32 43 31 4 29 44 14 1 25 42 26 36 51
55 5 48 25 48 8 44 14 14 40 40 46 18 5 3 35 14 24 36 14 38 47 17 4 52 5 40 50 38 3 13 29 21 36 19 51 45 49 15 1 42 29 22 49 52 22 20 45 45 53 16 48 31 28
56 42 44 35 44 5 40 18 7 16 10 47 7 41 6 25 19 24 5 1 20 6 37 38 3 14 43 53 30 50 7 17 9 28 7 9 34 25 25 37 22 22 47 15 19 49 47 53 17 2 25 48 37 39
57 29 11 2 13 14 28 16 7 32 23 21 52 6 26 40 46 33 19 44 33 20 40 11 26 21 36 4 13 25 36 14 39 33 26 23 14 39 24 13 14 10 30 49 15 46 36 52 52 40 29 33 28 15
58 15 23 25 36 32 43 34 52 8 3 26 23 43 30 33 28 6 8 50 47 21 8 25 25 1 29 33 20 34 3 13 38 43 17 16 1 16 17 51 50 51 16 1 37 41 20 33 13 30 4 12 44 41
59 6 15 21 29 49 40 53 12 18 24 47 3 31 41 12 26 3 16 51 21 19 34 9 2 46 45 18 51 41 18 5 7 47 23 6 6 38 47 44 33 1 33 4 46 17 43 5 18 53 25 44 36 21
60 44 50 32 40 30 28 47 21 40 21 40 32 23 47 15 52 26 39 23 2 42 10 39 37 41 47 43 1 4 42 6 53 23 19 19 52 13 38 7 8 44 25 47 7 25 41 20 8 51 11 53 8 37
61 41 53 30 47 25 3 53 17 36 21 30 31 10 18 52 13 26 28 30 32 3 34 47 17 53 39 20 24 48 27 5 3 15 25 29 26 16 31 52 28 13 34 37 29 2 24 24 37 34 33 17 52 4
62 42 36 41 41 51 26 3 15 49 29 39 44 20 26 31 43 2 2 45 4 38 30 2 49 31 18 50 8 27 9 43 49 19 20 24 29 7 13 14 37 34 38 40 5 2 37 6 43 49 28 18 48 34
63 37 4 38 36 28 8 3 13 7 23 23 25 7 52 48 6 21 23 42 44 25 7 38 32 2 53 46 45 36 15 9 27 15 23 28 42 31 2 38 21 22 22 33 24 37 19 41 52 48 20 26 24 26
64 24 1 28 23 12 3 44 5 14 32 4 41 46 47 11 35 14 9 2 43 20 36 15 35 6 44 15 11 28 52 50 5 53 37 49 30 45 21 4 10 5 51 1 40 6 48 35 34 4 11 47 19 39
65 35 23 32 7 41 4 10 26 7 11 28 30 36 6 4 50 38 2 10 6 22 39 22 5 21 49 52 1 11 28 34 9 42 34 14 24 27 20 39 10 49 11 43 5 53 2 14 36 9 19 32 5 17
66 41 10 22 38 6 23 11 39 19 25 13 23 28 45 15 24 18 38 31 29 39 11 38 5 34 23 47 27 16 48 46 9 28 46 7 42 25 35 8 49 22 17 44 30 32 30 39 8 5 46 39 43 20
67 29 52 32 35 48 4 11 25 50 22 8 28 47 30 53 8 43 5 33 43 10 37 23 39 9 11 45 11 50 22 17 33 7 21 8 33 34 48 4 35 14 19 21 47 32 51 52 7 22 12 1 18 5
68 15 31 51 52 35 25 51 52 4 20 53 20 11 31 50 47 44 2 13 50 21 52 47 3 29 30 3 45 49 24 26 50 23 17 50 41 26 2 50 5 37 1 45 12 52 49 52 20 44 7 47 42 44
69 49 42 46 11 22 52 51 48 30 35 14 12 34 11 38 22 47 18 39 3 16 39 27 12 6 10 34 37 50 3 19 14 49 3 1 37 52 39 7 20 48 32 40 37 23 36 19 17 12 14 26 51 45
70 5 27 17 8 24 37 34 34 39 28 14 27 36 32 21 38 51 34 19 3 35 31 8 17 17 44 36 14 34 24 53 8 25 35 53 1 50 6 2 28 7 6 4 11 15 28 52 27 3 26 52 8 49
71 44 21 17 46 38 43 8 46 7 51 32 10 52 38 18 53 27 14 14 36 24 53 45 3 12 23 9 28 16 34 42 21 14 46 14 32 40 17 10 20 47 40 23 22 14 6 28 23 29 33 35 36 1
72 49 41 16 3 1 42 42 17 19 7 38 40 35 31 44 7 29 36 47 3 45 26 21 21 6 52 47 53 9 2 11 35 23 36 49 36 35 51 23 7 24 44 24 39 43 7 38 24 20 13 25 8 10
73 17 13 26 22 27 32 4 14 20 5 36 13 12 38 21 18 50 35 51 45 50 24 8 2 3 13 2 29 45 25 38 40 26 47 50 21 10 49 43 45 26 14 33 47 45 50 12 47 37 52 53 9 17
74 20 52 29 1 15 43 47 50 38 13 18 19 38 32 3 32 7 3 12 20 32 37 51 18 19 17 44 9 39 53 21 22 14 29 8 10 16 32 14 26 24 13 1 23 44 49 35 52 52 43 6 1 48
75 15 19 46 52 26 16 19 29 45 50 46 30 24 19 32 49 16 8 12 33 51 44 23 19 39 27 21 24 29 30 45 23 11 30 34 10 46 1 33 2 40 29 24 46 14 16 24 53 21 22 20 28 23
76 31 51 41 42 39 30 51 44 11 8 39 3 47 43 45 23 24 44 16 48 3 23 32 10 33 5 50 22 33 40 38 41 24 42 44 50 21 10 18 18 43 33 25 12 14 32 12 51 53 22 30 43 21
77 32 3 11 1 35 45 51 35 4 24 33 36 51 22 41 13 43 15 29 39 50 7 47 43 4 8 3 34 8 6 6 32 13 51 42 33 25 31 48 34 12 31 34 46 9 47 40 48 41 52 51 34 43
78 45 19 16 35 15 8 51 7 25 25 12 36 29 19 4 53 36 42 10 2 21 6 3 52 1 8 30 42 18 13 13 15 9 38 20 3 6 29 5 32 37 33 35 26 24 8 49 14 52 39 29 38 45
79 18 42 34 18 13 25 33 7 46 44 25 47 19 5 7 47 25 14 25 17 50 13 22 37 45 44 45 5 47 27 17 27 31 3 2 19 51 3 38 52 20 7 9 50 45 47 32 38 30 27 44 35 47
80 32 47 15 30 11 40 14 38 31 39 23 12 40 31 12 31 52 9 4 53 18 48 33 28 26 16 51 47 49 14 27 25 50 52 28 13 28 6 34 5 29 10 28 34 29 42 22 21 52 19 50 42 41
81 23 26 35 19 21 52 37 34 42 35 29 45 8 43 47 21 13 37 29 21 49 42 19 3 1 36 44 53 32 46 48 10 2 1 10 10 51 36 53 34 6 17 17 52 52 10 48 17 49 23 30 25 41
82 42 17 29 3 28 22 21 15 23 44 26 17 15 21 5 20 7 11 5 40 29 36 22 11 43 10 40 30 37 8 30 12 26 17 21 47 30 1 31 28 45 27 13 2 2 40 29 31 49 20 45 21 8
83 9 15 50 26 35 37 32 51 11 7 5 18 30 42 16 50 17 20 11 25 48 49 26 52 19 44 11 14 53 16 12 46 51 41 35 42 24 22 50 1 51 3 37 8 19 34 51 38 25 29 5 6 47
84 37 50 17 20 52 40 10 19 43 52 9 41 38 17 39 41 7 39 29 9 7 49 17 19 27 13 37 11 29 7 24 15 35 37 13 18 12 42 17 9 17 17 38 42 27 13 29 25 33 7 29 35 47
85 43 46 41 44 2 53 38 21 37 22 23 10 12 19 17 40 16 12 15 34 20 3 6 7 15 38 34 21 5 39 30 24 32 48 47 19 31 21 41 17 15 4 47 44 50 33 27 35 21 11 1 24 34
86 53 6 52 38 27 7 14 15 17 5 39 42 25 15 37 29 52 18 37 38 49 12 16 28 20 53 9 44 15 23 37 35 46 35 40 34 22 24 17 28 2 25 9 31 48 6 12 6 22 1 18 8 43
87 29 53 22 31 29 33 48 19 19 21 6 24 38 49 6 17 12 1 38 44 35 25 24 35 34 14 21 28 35 11 37 5 46 26 21 29 23 28 16 28 37 3 25 51 21 49 33 20 46 19 26 4 41
88 1 26 10 30 47 9 8 38 51 23 25 38 33 6 3 40 30 30 47 7 18 29 40 48 4 39 30 1 42 49 12 33 32 29 35 8 12 20 49 40 35 27 23 21 47 24 50 28 6 16 7 33 12
89 29 25 39 7 40 7 8 17 45 8 34 36 12 35 49 35 42 35 27 26 38 25 44 16 43 42 32 50 36 9 1 17 23 11 7 18 28 38 9 10 48 8 38 44 33 46 37 37 30 47 16 49 38
90 47 39 49 30 17 27 38 9 52 9 2 39 21 31 36 22 4 30 30 24 20 29 46 32 49 40 46 8 49 49 8 51 10 21 19 29 18 32 12 33 33 26 32 47 34 8 28 50 35 49 48 16 23
91 4 18 30 17 5 26 52 39 19 28 18 52 7 48 31 18 9 7 26 21 43 31 20 31 34 26 21 8 1 33 42 44 33 51 46 40 9 26 42 16 9 29 30 46 42 32 26 37 36 38 13 4 3
92 37 3 48 11 28 16 10 11 25 36 41 39 44 22 34 47 6 27 33 11 52 32 33 52 48 46 37 26 7 48 30 35 16 40 46 24 44 21 44 12 53 10 4 27 37 22 44 44 34 18 40 37 17
93 15 39 4 34 1 15 27 35 22 24 5 7 8 24 2 34 10 16 1 34 13 15 45 12 45 39 21 34 20 32 11 7 26 8 29 31 30 19 43 34 45 29 11 4 23 9 52 5 14 1 42 51 12
94 16 23 49 11 28 8 41 17 27 49 22 3 6 32 1 7 22 6 37 9 7 37 49 9 2 27 46 31 38 39 12 49 2 27 10 30 44 15 4 27 21 15 40 37 27 5 24 42 9 25 36 39 29
95 4 28 24 25 38 37 53 33 2 20 1 21 44 48 10 27 2 17 45 47 49 21 23 37 31 25 48 1 36 32 7 49 30 53 25 34 25 32 12 19 18 13 14 42 10 22 43 42 41 19 27 38 46
96 42 22 26 27 10 23 24 17 40 6 34 27 16 27 48 15 48 35 25 39 49 35 16 49 12 11 25 4 44 8 6 39 31 27 10 12 52 17 42 36 9 42 3 42 5 46 15 40 32 48 9 41 50
97 21 51 14 2 47 44 39 24 31 48 24 23 51 15 23 6 25 19 40 10 2 29 39 51 2 24 46 25 18 16 46 40 43 25 24 29 40 49 34 13 51 15 11 38 42 13 19 20 22 31 29 18 52
98 49 9 11 12 49 34 43 32 24 30 34 48 23 20 20 42 17 31 17 43 48 13 28 8 15 50 33 47 19 17 44 36 37 53 30 25 53 38 25 31 37 10 33 32 15 36 11 6 2 47 3 28 4
99 20 53 40 43 24 18 28 28 25 3 41 29 45 49 19 17 45 25 44 2 46 35 16 28 8 41 29 38 29 50 47 46 33 33 2 30 19 34 4 31 45 43 15 29 32 47 36 36 20 23 3 53 19
100 41 16 44 21 38 24 41 15 46 38 4 5 45 49 41 31 35 24 46 17 14 51 33 50 30 26 21 12 20 50 23 36 34 10 17 23 25 48 6 2 48 20 4 7 31 19 7 33 31 16 30 46 27
