150
30 1
30 52
18 112
17 52
19 41
12 52
26 68
23 85
29 78
28 32
10 7
13 61
16 72
29 19
12 60
26 23
5 112
11 68
12 14
15 22
15 108
21 101
12 17
13 43
14 20
9 15
13 92
10 66
27 19
21 50
11 34
7 49
18 111
10 7
26 12
30 45
13 112
4 17
24 53
30 89
27 65
23 48
14 90
11 60
4 35
9 36
8 63
15 71
8 84
13 77
12 75
4 108
17 84
21 71
22 4
11 104
19 6
7 1
21 106
12 99
25 109
11 24
19 1
6 69
5 67
21 66
8 9
13 57
23 60
12 64
7 108
21 108
17 83
4 110
20 111
26 64
27 69
7 23
3 87
11 105
14 100
10 105
21 11
26 26
28 12
11 77
27 110
30 17
5 78
30 108
6 25
4 30
4 11
12 56
23 62
21 105
5 12
23 11
19 79
20 102
6 67
15 52
30 61
22 101
23 24
23 89
9 83
20 36
24 109
27 82
9 82
12 50
22 66
8 18
6 87
27 37
11 28
30 66
14 66
26 14
29 91
5 24
16 59
17 19
21 48
6 106
24 78
3 17
12 99
6 36
12 39
29 91
6 78
5 58
29 92
23 111
10 38
19 31
25 36
20 27
19 21
30 84
4 105
30 11
9 98
12 9
24 50
10 57
24 83
25 17
0 4 1 1 1 1 1 2 1 3 4 2 2 4 3 4 3 1 2 1 2 1 3 1 3 3 3 1 1 2 3 2 1 2 4 4 2 4 3 2 1 3 2 3 1 1 3 3 3 3 2 2 4 2 2 1 2 3 1 2 1 2 3 2 1 1 3 3 4 4 1 4 1 3 4 1 2 2 2 1 1 4 3 3 4 2 4 4 1 2 3 4 1 1 2 3 4 4 2 3 3 3 4 1 1 2 4 2 3 2 4 1 3 3 4 1 4 3 2 4 1 2 4 2 1 2 4 3 1 3 3 4 1 3 1 1 1 1 1 2 4 1 2 3 3 1 3 1 2 1 
1 0 4 3 1 4 4 4 1 1 1 4 1 4 2 4 2 2 1 2 3 1 1 4 4 1 1 3 3 4 3 2 4 4 4 4 4 3 1 4 2 1 3 1 1 2 3 3 2 2 3 3 4 1 3 3 2 1 1 1 2 1 2 3 4 1 3 2 4 4 2 1 4 4 2 4 2 1 3 2 3 3 3 2 1 3 2 2 1 1 3 1 4 2 2 3 3 4 1 1 4 1 1 4 3 4 1 1 2 3 3 1 4 2 1 1 3 3 3 1 1 4 4 2 1 1 2 3 2 2 4 3 2 3 1 2 2 4 2 3 2 2 2 4 4 4 2 2 4 3 
3 2 0 4 2 1 2 4 3 3 4 2 4 1 1 2 2 4 1 3 2 4 3 3 4 3 2 3 2 4 2 2 2 3 1 3 2 4 2 4 3 4 3 2 4 2 2 4 2 1 2 1 2 1 1 4 4 3 1 1 4 3 4 4 2 1 2 4 3 2 1 3 1 2 1 1 2 3 1 2 1 4 1 4 2 2 1 4 4 4 1 1 4 3 1 3 2 2 3 2 2 2 4 3 3 2 3 1 2 1 4 1 4 4 3 1 4 2 4 3 4 1 1 1 3 1 3 2 2 2 1 2 2 3 1 1 3 1 3 2 3 3 2 2 1 1 1 4 3 1 
1 1 4 0 2 4 1 3 4 2 3 1 4 2 4 1 2 4 2 4 2 2 4 4 3 1 3 1 3 1 2 1 2 3 2 2 4 4 3 4 1 4 1 1 3 3 2 3 1 4 3 3 2 1 4 2 2 1 1 1 1 2 3 4 2 2 2 2 4 4 2 3 2 2 4 4 2 4 1 4 2 3 3 1 3 2 3 1 4 1 4 2 2 3 1 3 1 4 2 1 4 2 2 4 2 1 4 1 1 4 4 4 4 2 4 3 1 3 3 1 3 4 3 1 4 4 3 1 3 3 2 2 3 2 2 4 2 3 3 1 4 2 1 4 2 4 1 3 4 3 
4 4 4 2 0 2 4 4 4 1 2 2 2 3 1 4 4 3 3 2 1 3 4 2 3 4 3 2 3 1 4 4 3 2 1 1 3 1 2 3 4 1 4 2 3 1 3 2 2 3 4 3 1 3 3 1 3 1 4 4 2 2 3 2 1 4 1 3 3 4 2 4 1 3 4 1 1 4 4 2 4 3 2 4 3 1 1 2 4 4 4 2 1 3 3 2 2 1 2 2 1 3 1 1 2 1 3 3 1 4 3 1 3 2 3 1 2 2 2 4 2 4 4 4 2 3 1 3 3 4 1 4 1 1 3 2 1 3 3 2 3 3 1 1 4 3 4 2 4 3 
4 4 1 4 2 0 4 2 2 4 2 4 2 3 4 2 4 1 3 1 2 2 2 3 1 1 2 4 4 4 1 4 4 4 4 2 3 2 2 3 3 4 3 2 1 2 3 3 3 3 4 3 3 2 4 2 3 2 1 2 1 1 4 3 2 2 4 4 1 2 2 2 4 1 3 4 3 2 4 4 1 1 1 2 2 3 2 2 1 4 2 3 4 3 3 1 2 1 2 3 4 1 2 1 1 3 3 2 3 4 3 2 1 1 1 4 4 4 2 3 2 4 3 3 1 2 2 3 2 2 3 4 2 1 2 1 2 2 3 4 3 3 1 2 3 1 2 4 2 1 
1 1 1 4 3 2 0 1 1 4 1 3 1 4 1 2 4 1 4 3 4 3 3 4 2 3 3 1 1 1 1 1 4 2 1 2 1 4 3 3 3 2 4 2 4 2 4 3 4 3 3 4 2 4 3 3 3 4 1 2 1 2 3 2 1 2 1 4 1 4 4 4 4 1 2 2 1 4 1 3 3 2 3 1 1 1 2 2 2 3 4 4 3 1 2 3 1 1 4 1 4 1 2 4 1 3 4 2 4 3 3 2 2 2 2 3 4 4 4 4 4 3 3 4 3 2 4 1 2 3 4 4 3 2 2 2 4 1 4 1 3 4 2 1 4 1 1 4 1 3 
4 1 2 2 3 4 1 0 2 4 1 2 2 4 2 1 4 3 4 3 4 1 1 3 3 1 1 1 3 3 3 3 3 2 2 4 4 1 1 1 3 3 3 1 1 1 1 4 1 4 3 4 3 1 2 2 1 4 1 4 1 1 4 1 2 3 1 2 4 3 2 4 4 3 4 2 3 2 2 3 1 4 3 2 4 1 2 3 3 1 4 1 3 1 4 4 2 1 3 2 3 3 3 2 1 3 1 1 1 4 4 4 2 4 4 3 3 3 1 1 2 3 4 3 1 2 3 1 1 4 4 2 3 2 3 4 3 1 3 2 2 1 3 4 3 1 1 1 3 1 
2 2 2 2 2 3 1 3 0 3 3 1 3 4 3 3 4 2 1 3 3 1 3 2 3 1 3 1 4 1 2 4 2 4 4 3 2 2 3 4 3 4 4 1 4 4 2 3 1 1 1 4 4 3 1 3 3 1 2 3 1 1 3 1 1 3 3 4 2 3 1 4 1 2 3 2 2 2 1 3 4 3 2 2 2 1 1 2 4 2 2 3 2 4 2 3 1 4 3 2 1 2 1 1 3 3 3 1 3 3 3 4 3 3 3 4 2 4 2 2 1 3 4 4 2 1 4 1 3 2 3 1 4 2 3 2 3 1 2 3 1 1 2 4 2 3 1 3 3 4 
4 3 1 4 1 2 1 1 1 0 3 3 2 1 2 1 4 3 2 3 2 4 4 1 4 1 1 1 3 2 2 1 4 2 2 2 3 1 3 1 2 2 3 1 3 2 3 4 4 1 4 2 2 2 4 3 3 4 4 1 3 4 2 4 1 3 4 4 3 4 2 1 3 4 1 1 3 4 3 2 3 1 4 4 1 2 4 3 3 3 2 1 3 4 3 2 2 4 3 2 2 2 4 2 3 3 4 1 1 1 3 3 1 3 4 1 2 4 3 1 3 3 2 3 4 4 1 4 3 3 2 3 2 2 2 4 2 1 1 2 1 4 3 1 4 3 2 2 2 1 
4 3 4 3 2 3 4 3 4 4 0 1 2 4 3 2 1 2 2 1 1 4 2 4 3 2 4 1 3 2 3 1 3 4 1 1 3 2 2 2 1 4 4 4 3 1 1 1 2 4 2 1 2 2 3 4 1 4 3 4 1 2 4 3 2 1 1 1 3 4 3 1 1 3 2 1 4 1 4 3 3 1 2 1 3 1 3 3 1 3 2 2 2 2 3 1 3 1 1 2 4 1 1 3 3 3 3 3 4 1 2 4 4 3 1 2 3 1 1 1 1 3 4 2 4 3 4 3 1 1 3 1 2 1 1 1 3 2 4 4 4 4 3 1 4 3 2 4 2 3 
1 3 3 1 2 1 2 3 2 3 2 0 1 2 1 1 4 1 3 4 2 2 1 4 3 2 3 2 4 4 4 2 4 4 1 4 1 3 2 2 2 4 1 3 3 4 3 2 3 4 2 4 2 4 2 2 2 3 3 3 3 3 2 2 1 3 3 4 1 3 2 4 2 2 1 3 4 4 1 1 4 1 2 3 2 4 3 4 3 3 4 4 3 4 1 3 4 3 1 4 4 3 4 2 4 3 3 4 1 1 2 3 1 1 4 1 3 1 4 3 3 4 3 1 2 1 1 3 2 1 4 1 4 3 3 1 1 3 1 4 4 1 3 2 1 3 2 4 2 2 
2 1 1 3 3 4 2 4 1 4 1 2 0 2 2 4 4 4 3 4 1 4 1 2 1 4 2 4 1 4 3 3 1 4 3 3 4 2 3 1 4 1 2 2 1 4 2 3 4 2 3 3 2 1 4 1 2 1 3 1 3 1 4 2 2 3 1 2 4 2 4 4 4 1 2 1 1 1 1 4 3 1 3 1 1 1 1 1 4 2 1 1 2 4 4 4 1 4 1 1 1 3 4 2 4 1 4 2 3 1 1 4 4 2 4 2 2 4 4 3 2 4 4 3 4 2 3 4 4 4 1 2 3 3 1 2 3 4 1 4 1 2 1 2 4 3 1 1 4 3 
3 3 2 2 4 3 3 2 4 4 4 4 4 0 4 2 3 1 1 2 3 2 2 4 3 4 1 4 1 4 3 3 2 4 1 2 4 1 3 2 1 2 3 2 2 3 1 4 3 3 4 4 1 3 2 1 4 3 4 2 2 4 2 1 1 3 4 1 1 4 1 3 3 2 1 1 2 3 3 1 4 4 3 4 1 4 2 4 2 1 4 1 4 2 4 1 4 2 4 3 1 4 3 1 2 3 3 4 3 4 4 4 1 4 1 4 1 1 2 3 4 4 1 1 4 2 3 1 3 3 1 3 2 1 4 4 3 4 2 4 4 1 3 4 2 1 3 2 1 1 
3 2 4 4 3 4 4 2 3 2 4 4 3 2 0 4 2 2 4 2 2 2 3 1 1 2 1 4 4 4 2 4 1 2 2 4 1 2 3 1 2 1 2 2 3 4 3 1 3 3 2 4 4 4 1 2 3 2 2 3 1 1 4 1 4 2 4 3 1 4 1 4 4 4 3 1 2 3 1 1 3 2 1 3 1 4 2 2 2 3 3 3 4 1 1 1 4 3 4 3 2 3 3 4 4 3 2 1 2 3 2 4 2 3 4 4 4 1 3 3 4 4 2 1 4 3 4 1 4 3 2 1 3 4 4 1 4 4 1 3 2 4 3 4 1 4 4 3 3 2 
2 1 1 1 3 3 1 3 2 1 4 1 1 4 2 0 1 3 4 3 1 2 1 1 3 1 4 3 2 4 3 3 3 1 2 3 3 3 3 4 1 1 2 4 2 3 4 3 4 3 3 2 3 4 3 3 1 2 1 4 4 1 1 1 1 1 1 2 4 1 1 3 4 4 2 1 2 2 1 2 3 3 4 4 3 1 1 4 1 3 4 2 1 3 3 1 4 2 1 4 3 3 3 3 4 4 3 1 1 3 3 3 4 4 1 1 4 1 2 1 4 3 1 3 2 1 2 4 4 2 4 4 3 2 1 3 2 3 2 3 4 3 1 1 2 4 2 2 4 1 
4 2 4 2 3 2 2 1 2 1 4 3 1 1 3 4 0 1 3 2 4 2 3 2 3 3 2 3 2 2 2 4 4 4 3 3 2 3 4 3 4 4 3 4 4 1 4 2 4 3 4 3 2 2 3 2 3 1 1 4 4 4 2 2 4 1 1 3 3 2 1 1 1 1 4 3 4 2 4 1 1 1 3 3 2 4 4 2 3 4 2 3 2 1 4 3 4 2 1 1 3 4 3 3 2 1 1 2 3 4 2 2 2 2 3 1 1 4 3 1 1 1 1 4 4 4 2 2 2 3 4 4 1 2 4 2 1 1 3 1 2 1 2 1 1 2 2 3 3 4 
3 3 1 4 1 2 1 4 1 1 4 3 4 1 4 1 1 0 1 3 3 2 4 3 3 1 4 4 3 4 4 1 3 4 1 1 2 4 1 2 2 4 2 1 2 4 1 1 4 1 1 3 4 2 3 3 4 2 3 4 2 3 1 3 2 2 4 4 1 2 2 2 1 3 2 3 3 4 2 1 1 2 2 3 4 2 4 2 3 3 2 2 4 2 4 4 2 4 4 4 3 2 4 3 1 1 1 3 1 4 4 3 4 4 1 3 2 4 4 4 2 4 4 1 4 4 1 2 2 1 2 1 4 4 2 1 4 1 4 4 4 4 3 2 3 2 2 2 1 3 
1 1 2 2 3 3 1 4 1 4 3 3 3 4 2 4 2 3 0 2 3 3 2 3 2 1 4 4 4 2 4 3 3 2 2 4 1 1 3 2 4 2 2 1 4 2 3 2 3 2 1 4 3 4 4 1 2 1 3 4 3 3 3 1 2 3 3 2 3 2 3 2 2 3 3 2 2 2 1 3 4 3 3 4 2 1 4 3 3 1 2 4 1 2 4 3 2 4 2 2 2 1 1 3 1 2 1 3 4 2 4 2 4 3 4 2 3 4 4 3 1 1 1 2 3 3 3 2 4 3 2 4 3 3 1 3 4 3 2 3 4 2 1 3 1 1 3 3 3 2 
1 3 4 1 3 3 1 2 1 4 1 1 1 1 2 1 3 3 1 0 4 4 3 1 2 4 3 1 1 3 4 1 4 3 2 3 1 2 3 3 4 1 2 1 2 4 1 3 4 4 2 2 3 1 4 2 4 3 2 2 2 3 4 3 2 2 4 3 3 4 3 3 1 4 4 1 4 3 2 4 4 1 3 1 1 1 2 3 1 1 3 3 4 3 1 1 3 2 2 3 1 4 3 2 3 2 2 1 3 3 3 1 4 1 1 1 3 4 3 3 3 2 1 2 2 3 2 2 4 3 2 4 2 3 3 1 1 1 2 2 4 2 1 3 1 2 1 2 3 2 
1 4 3 3 1 1 2 1 3 1 3 4 2 2 2 2 2 3 3 4 0 3 1 2 4 4 1 4 4 4 1 2 1 3 4 2 1 2 3 2 2 2 1 4 4 2 2 1 1 2 3 4 2 4 3 3 2 2 1 3 1 4 4 1 2 1 3 3 1 3 4 4 4 4 1 4 4 4 3 2 3 1 1 3 4 2 1 1 3 1 4 1 1 3 1 1 3 4 2 4 4 1 1 2 4 3 4 2 3 3 4 1 3 3 1 2 4 3 1 2 4 2 1 3 1 3 4 1 3 3 2 2 3 3 3 1 3 2 1 4 2 1 2 2 2 1 2 4 1 4 
1 1 4 3 3 2 1 1 3 3 2 1 4 1 2 1 2 3 3 2 1 0 4 4 2 3 3 3 2 2 3 2 2 1 4 4 4 1 3 3 2 4 3 3 4 1 1 2 3 3 2 1 4 1 3 3 3 1 2 3 4 1 2 2 4 4 2 2 4 2 1 2 1 4 3 1 2 4 3 4 4 2 1 2 4 3 2 3 3 2 3 3 4 2 3 3 3 4 3 2 1 4 3 2 1 4 2 1 2 3 3 1 2 3 3 3 2 1 1 2 2 2 3 4 2 1 2 4 2 3 2 2 3 4 2 2 2 1 3 1 2 3 4 3 4 2 4 1 4 3 
2 2 3 4 4 3 1 4 2 3 1 4 1 1 1 3 2 2 1 2 4 1 0 4 2 4 3 3 4 4 3 3 1 3 3 1 4 3 1 2 2 1 3 1 3 3 4 2 1 3 3 4 2 4 3 2 4 3 4 3 1 3 3 2 1 2 1 2 4 4 3 4 4 3 4 4 3 4 2 3 3 1 2 3 4 4 1 1 2 1 3 3 4 2 3 1 2 2 3 2 2 3 4 4 3 3 2 1 1 2 4 1 1 3 1 4 3 2 1 4 2 3 1 3 1 1 2 4 4 4 4 1 3 3 4 4 2 1 1 4 2 4 3 1 1 3 1 3 3 3 
2 1 3 3 2 1 2 1 3 1 3 2 4 2 3 1 3 1 1 3 1 4 4 0 2 2 2 4 2 3 2 1 3 2 1 2 1 3 2 4 3 4 1 2 4 1 3 1 4 4 3 2 4 2 3 1 4 4 1 2 3 4 1 4 1 1 2 3 1 3 2 3 3 3 4 2 1 4 3 4 1 3 1 4 4 4 4 1 1 2 3 2 1 2 1 4 4 4 2 2 1 4 4 2 3 2 2 3 2 2 4 4 4 3 2 4 2 4 3 2 4 2 4 3 2 1 1 2 1 3 3 2 1 2 1 2 4 3 4 3 2 2 4 2 2 3 2 4 4 3 
1 3 3 4 2 2 4 4 2 3 3 4 2 3 4 4 1 1 3 3 1 1 3 1 0 3 2 2 1 1 4 3 3 3 1 3 1 1 1 4 3 1 3 1 2 1 1 4 1 1 1 4 1 3 3 1 3 3 2 1 4 2 2 4 4 4 4 2 2 2 3 2 4 4 4 3 2 4 3 1 4 4 1 1 1 2 2 2 3 3 4 3 1 2 1 2 2 4 4 2 1 1 2 3 4 4 1 1 3 4 1 2 3 4 3 1 2 3 2 3 1 4 3 4 3 3 3 4 4 3 4 2 4 1 1 3 2 3 2 3 1 3 1 1 4 3 3 3 3 3 
3 2 2 4 1 1 4 3 4 2 4 4 4 1 1 1 4 3 4 1 1 2 3 2 1 0 3 3 2 1 2 1 4 3 3 2 3 2 2 3 1 4 4 4 3 3 4 1 1 3 1 2 2 4 3 2 3 2 3 4 2 1 4 4 3 2 2 4 1 1 1 3 3 4 1 3 3 3 1 1 4 1 3 4 3 4 1 3 4 2 1 2 1 1 1 1 4 2 2 4 4 4 4 2 4 1 4 1 1 1 2 2 2 3 3 2 2 2 1 4 3 2 2 4 3 2 2 3 4 1 1 2 4 3 3 2 2 1 1 2 1 4 3 4 2 3 3 3 3 2 
3 1 4 1 3 1 2 2 4 2 1 4 2 3 2 1 1 1 1 4 2 3 1 3 3 3 0 1 3 3 2 2 4 3 3 2 3 1 4 1 3 2 1 3 3 2 4 3 4 3 3 1 4 2 3 2 1 3 4 2 3 1 3 1 4 4 1 3 1 2 3 1 4 4 2 3 3 3 2 3 1 2 2 4 2 1 1 2 2 2 1 4 3 4 1 3 1 3 3 4 1 3 1 4 1 1 2 3 3 4 3 1 2 4 3 1 3 3 1 4 1 1 2 2 3 1 2 4 1 3 3 2 4 2 4 1 3 2 3 2 4 2 2 4 4 3 1 4 2 2 
2 4 4 2 1 1 3 4 3 3 3 1 2 4 4 3 4 2 1 2 2 2 1 1 1 4 3 0 4 1 4 4 2 1 1 3 4 3 2 2 2 3 2 4 1 1 3 3 1 2 1 2 2 3 1 4 3 1 3 2 1 1 3 3 2 4 3 2 4 4 2 2 3 2 4 2 1 2 4 4 4 4 4 3 1 2 2 3 2 4 3 3 3 1 1 2 1 2 3 4 1 3 1 1 3 2 1 3 3 3 2 2 1 2 2 2 3 2 1 2 2 3 1 4 3 1 4 3 3 4 1 1 3 4 2 1 4 3 3 3 3 1 1 3 4 2 3 1 2 2 
1 4 1 1 4 1 1 3 4 1 3 4 3 4 2 2 4 2 4 2 4 4 4 1 2 3 1 3 0 4 1 2 4 1 3 1 4 4 4 3 4 3 2 3 4 1 2 4 1 3 3 3 4 4 4 2 1 3 4 1 3 3 3 3 1 2 1 1 4 2 1 2 1 1 2 1 4 2 2 4 1 4 1 1 4 1 4 1 1 3 2 3 4 1 1 4 4 2 4 3 4 4 4 3 4 3 3 2 3 4 3 1 1 1 3 4 1 4 3 1 4 3 3 3 3 3 2 3 2 3 1 3 1 4 4 3 3 2 3 4 4 2 1 1 2 3 4 2 4 2 
4 2 2 1 2 1 2 2 3 2 3 1 1 4 2 2 4 2 3 1 3 1 1 1 2 4 3 2 3 0 1 1 1 4 1 3 3 4 3 4 1 3 3 1 3 3 2 2 1 1 1 2 1 4 2 1 3 2 4 2 4 4 3 1 3 2 4 1 3 3 4 4 3 3 4 2 1 4 2 3 2 3 2 2 3 1 4 4 3 2 4 1 3 2 1 4 4 1 1 3 3 2 4 3 2 4 4 3 3 3 1 2 2 2 4 4 3 4 1 4 1 3 3 4 1 2 4 2 1 2 4 2 1 2 1 1 1 4 4 1 3 3 1 1 1 3 2 2 4 4 
2 3 3 1 1 1 4 4 3 4 4 1 2 4 4 3 1 4 1 1 4 2 1 1 1 3 1 2 1 3 0 1 2 1 2 1 2 3 3 4 1 2 3 1 1 3 2 3 2 2 4 2 4 1 2 4 3 4 1 1 4 3 4 3 1 3 3 3 1 1 4 3 3 4 4 2 2 4 4 2 1 4 2 4 4 4 4 2 4 2 4 2 2 2 3 4 2 1 3 3 2 4 1 4 3 1 4 1 4 4 3 4 4 4 4 1 1 3 1 2 3 2 1 3 4 4 4 4 3 4 4 2 1 2 4 4 2 1 2 1 3 1 4 4 2 4 3 2 2 2 
3 3 2 1 4 4 2 1 3 2 2 4 3 1 2 4 3 3 4 1 3 4 3 1 4 4 2 2 3 4 1 0 1 3 4 1 3 4 1 4 4 4 1 1 3 2 1 3 4 3 3 4 3 4 3 2 4 1 2 4 3 1 4 2 2 4 3 2 1 4 1 4 4 2 1 4 4 4 4 4 4 1 2 2 1 4 2 1 1 3 2 4 4 3 1 4 3 3 4 1 3 1 3 4 3 2 3 4 1 3 3 3 4 4 2 4 2 4 2 4 1 1 1 4 1 3 1 4 2 4 3 2 2 4 3 2 3 1 4 2 3 4 1 1 3 1 3 1 1 1 
1 4 1 2 1 4 2 2 3 2 3 3 2 2 1 3 1 4 2 1 2 2 3 1 3 3 1 4 3 4 3 1 0 2 3 3 4 4 2 3 4 4 3 1 1 2 2 4 1 4 1 4 3 4 2 4 1 3 3 2 2 4 3 3 3 4 4 3 2 4 3 2 4 1 3 2 4 3 4 3 2 2 1 2 3 4 1 1 3 1 1 1 2 3 1 1 4 2 1 1 1 4 4 3 1 4 1 4 3 1 4 4 1 4 2 3 2 4 3 4 2 4 3 1 1 4 4 2 4 1 1 1 4 1 1 2 4 3 3 4 4 1 2 2 4 4 3 3 4 3 
4 1 1 4 2 2 4 1 3 2 4 3 4 4 1 4 4 3 3 4 1 4 3 3 4 1 1 2 1 1 3 3 3 0 2 3 3 3 3 1 1 2 3 3 1 3 2 2 4 4 4 2 3 2 1 3 3 4 2 1 2 1 2 1 4 2 1 1 2 2 2 1 2 2 3 1 4 4 4 2 3 2 2 4 1 4 4 1 2 4 1 4 4 2 2 4 4 4 3 2 3 4 4 3 1 2 1 2 4 4 3 4 1 1 4 3 2 4 2 4 2 4 1 4 4 1 3 3 3 1 2 2 1 2 4 1 1 1 4 1 2 4 4 1 2 3 3 2 2 1 
1 4 2 4 4 4 4 3 2 2 2 4 4 3 4 4 1 3 4 4 2 4 2 1 4 1 3 3 3 3 1 2 3 2 0 1 2 3 3 1 4 1 1 3 1 4 1 4 3 1 4 1 3 3 3 4 3 2 2 3 1 3 3 1 1 4 1 3 2 4 2 1 4 3 4 4 1 3 4 4 4 1 4 2 2 4 2 1 3 2 3 2 4 3 1 4 1 2 3 1 1 2 3 2 1 3 4 2 3 2 2 2 3 4 2 3 1 1 3 4 4 4 3 4 3 1 2 2 1 4 4 3 2 2 1 3 1 1 2 4 3 1 4 3 2 3 3 1 4 4 
2 2 3 2 4 4 2 2 4 3 2 3 2 2 1 4 2 4 4 4 4 2 3 2 2 4 1 3 4 4 4 3 4 1 1 0 4 4 2 3 2 3 3 1 1 2 4 1 2 1 4 1 3 1 3 1 1 3 4 3 3 3 1 1 4 1 2 3 2 1 3 2 3 3 4 1 3 2 2 4 4 1 1 4 4 2 4 3 4 1 2 2 1 1 4 4 2 2 1 3 3 4 1 1 4 3 4 2 2 2 2 1 2 1 2 1 3 2 1 2 4 3 2 4 2 2 4 4 3 1 3 2 2 2 1 3 1 2 4 4 1 3 4 1 2 2 2 4 2 2 
4 2 1 3 2 3 3 2 4 3 2 4 4 1 1 2 3 2 1 3 3 3 2 1 4 4 3 2 1 1 3 1 2 3 1 1 0 4 3 1 1 1 1 3 4 4 1 4 3 1 4 3 1 1 3 3 1 4 4 4 2 1 2 3 3 4 3 3 3 2 3 4 3 4 3 1 4 2 3 1 2 3 3 1 1 2 3 2 3 1 4 4 4 2 2 4 1 3 2 2 3 4 2 2 2 3 4 2 1 2 4 4 4 1 3 3 4 1 3 4 2 2 2 2 2 2 4 1 4 4 1 2 1 4 4 2 4 1 1 4 3 1 2 4 3 1 4 2 3 4 
1 4 1 3 1 4 3 1 2 3 1 4 2 2 3 1 3 2 2 1 4 2 4 3 3 1 1 2 3 3 4 1 2 3 3 2 1 0 2 1 4 2 3 2 3 4 4 3 3 1 2 1 1 1 2 4 2 2 2 4 4 4 1 3 2 1 3 1 2 3 4 3 2 2 2 4 1 2 4 2 4 2 4 4 3 2 4 3 3 3 1 3 4 4 3 3 4 3 1 3 2 2 3 3 1 2 2 3 3 4 1 1 2 4 2 4 4 3 2 3 4 3 4 1 1 4 3 4 4 3 2 2 4 2 4 3 1 4 1 4 3 2 2 1 4 4 1 1 1 3 
2 4 4 1 1 3 4 2 3 2 2 4 1 1 2 1 1 2 3 4 1 3 2 3 3 2 1 1 4 2 2 2 2 2 1 1 1 1 0 4 2 4 2 1 4 3 4 1 4 2 1 3 1 3 1 1 4 3 1 2 1 4 3 1 2 4 2 2 1 4 2 3 2 3 4 2 1 1 4 4 2 4 3 4 2 2 4 1 2 3 2 4 3 3 2 4 2 3 1 4 3 2 1 1 4 1 2 1 2 1 4 3 4 2 3 2 4 4 1 2 4 4 4 2 1 4 1 1 3 2 1 4 2 4 4 3 1 2 3 3 1 1 3 2 1 4 1 4 4 2 
2 2 2 4 4 2 3 3 4 1 2 4 4 3 3 4 2 4 1 2 2 3 4 4 3 4 4 4 4 1 4 3 4 1 2 1 4 1 2 0 2 4 4 2 3 3 4 4 2 3 2 2 1 3 1 4 1 4 4 4 1 3 4 1 1 2 1 2 2 1 2 1 2 4 1 2 2 2 4 1 4 1 2 2 2 1 4 2 3 2 1 4 1 1 2 2 1 4 4 1 3 4 1 2 1 4 4 3 1 4 4 1 1 3 1 1 2 1 1 3 2 4 4 3 2 4 4 4 4 1 3 4 3 4 4 4 4 4 2 3 1 1 4 3 4 1 1 2 3 4 
1 3 3 3 3 2 2 3 4 2 1 2 1 2 1 3 1 3 1 2 3 3 4 1 3 2 4 3 4 2 3 1 3 3 3 3 1 4 3 1 0 4 2 2 2 3 4 2 1 1 2 4 2 2 4 2 3 2 4 1 4 2 2 1 1 2 3 3 2 1 3 4 2 3 1 4 3 3 2 1 4 2 1 4 3 1 3 3 3 4 3 1 3 1 4 1 1 1 2 2 2 3 3 4 1 1 3 2 2 2 4 2 3 2 4 1 2 4 2 3 2 3 2 1 2 2 3 2 2 4 2 1 3 2 1 3 3 3 2 4 2 4 2 3 2 2 3 3 4 4 
3 2 1 3 3 2 2 3 3 1 3 4 3 1 1 4 2 2 2 2 2 4 2 1 4 4 4 2 3 1 2 1 4 4 2 1 1 2 3 4 4 0 2 4 3 1 2 2 4 2 3 2 2 1 4 3 4 1 3 1 4 4 4 1 1 1 3 1 2 4 2 2 2 4 1 1 1 1 3 1 2 1 3 4 1 4 3 4 2 2 3 4 3 3 2 2 3 2 2 2 4 3 2 4 3 2 2 4 3 1 3 2 3 4 3 4 2 1 2 1 4 1 1 3 3 1 3 3 1 2 1 4 3 3 4 2 4 3 3 4 3 1 4 3 2 2 1 1 3 4 
2 4 1 2 1 1 4 1 3 3 1 3 2 3 4 1 2 3 3 1 4 4 2 3 3 3 3 4 3 1 2 4 3 1 3 3 4 3 4 2 4 4 0 4 4 4 2 2 1 3 1 2 3 1 4 3 1 1 3 4 4 1 2 3 3 4 1 2 1 4 2 4 2 2 4 3 3 4 4 4 4 2 3 4 2 4 2 2 2 3 1 2 1 4 3 1 3 1 2 3 2 1 1 1 2 3 1 1 2 4 3 3 4 3 4 2 1 4 1 1 3 4 2 4 1 4 3 1 3 3 3 2 1 4 4 2 2 1 3 1 4 1 2 1 4 2 4 4 1 2 
3 3 4 4 1 2 2 1 1 3 3 1 3 4 2 4 4 3 2 3 4 2 1 1 2 1 2 4 4 1 3 1 1 2 4 3 1 3 2 2 4 2 3 0 2 3 1 2 4 1 4 3 2 3 1 4 3 3 2 4 4 1 4 2 3 3 1 2 2 4 2 1 4 1 1 4 1 4 3 4 1 1 2 4 3 3 2 1 1 3 3 4 1 2 4 4 4 3 4 4 1 4 4 2 4 1 4 4 1 4 3 1 3 4 4 3 1 3 4 1 4 3 2 4 2 4 4 4 4 1 4 3 2 1 4 2 3 3 2 2 2 4 3 4 2 1 4 3 1 1 
3 1 1 4 1 4 1 2 4 3 4 2 2 2 2 1 4 2 3 2 4 3 4 4 3 4 1 2 2 4 1 3 2 1 4 2 2 2 2 2 2 1 4 4 0 1 3 4 4 4 4 2 2 4 3 1 4 3 1 4 2 3 4 3 3 3 4 2 3 4 2 1 1 4 1 3 3 1 2 3 3 2 1 4 4 1 1 3 4 3 2 3 3 4 1 1 2 1 3 2 4 4 2 1 4 1 1 2 4 4 2 4 4 1 4 3 4 3 1 3 3 4 3 1 2 2 3 3 4 1 4 1 1 1 1 3 3 3 1 2 1 1 3 2 3 3 2 2 4 1 
2 4 4 4 4 2 4 2 4 4 2 1 1 4 2 1 3 2 3 4 4 3 1 4 4 4 3 1 1 3 3 1 1 2 4 1 4 2 2 3 2 3 3 1 4 0 4 2 2 3 3 2 3 2 2 2 1 4 2 4 4 1 4 3 1 3 4 4 4 3 2 1 1 1 2 1 3 3 4 3 2 1 2 1 1 4 1 3 1 2 3 3 2 4 2 3 4 3 1 4 3 2 1 3 3 3 3 3 4 2 1 1 2 4 3 4 2 3 1 2 2 2 3 4 3 1 1 1 1 4 3 4 2 4 2 4 4 1 3 1 1 3 1 3 4 3 4 4 1 1 
2 1 2 3 3 3 4 1 3 2 2 3 1 4 3 1 1 2 1 1 3 4 1 2 1 4 4 2 3 1 3 1 3 2 3 3 1 1 2 4 1 1 2 3 2 2 0 3 1 3 3 2 4 3 2 2 4 4 4 2 2 1 1 2 1 3 2 4 1 3 1 3 1 1 1 3 3 4 3 3 4 3 1 3 1 4 3 2 1 3 1 2 4 4 1 1 3 2 1 2 2 3 1 1 4 3 2 2 3 2 3 3 1 3 4 2 4 2 2 3 1 2 3 4 1 1 3 2 2 2 3 4 3 2 2 2 4 2 2 2 3 1 4 3 4 1 2 3 2 1 
3 4 2 3 2 1 1 1 4 3 4 1 3 1 3 3 2 3 4 3 3 4 4 1 2 1 2 1 3 3 3 3 3 4 3 1 3 3 4 4 3 1 3 4 2 4 3 0 4 4 4 3 4 2 2 3 3 4 1 4 4 4 4 3 1 3 2 2 2 4 3 2 4 2 3 2 3 1 2 1 4 2 1 1 1 4 1 1 1 3 3 1 4 4 4 1 4 3 3 4 1 1 3 4 3 1 4 4 4 4 3 2 4 1 3 2 2 1 2 2 2 1 1 4 4 3 2 2 1 1 4 2 3 1 4 2 2 3 3 2 3 1 1 2 1 1 3 3 3 3 
2 3 1 2 1 2 3 2 2 3 1 3 4 4 4 4 4 4 4 1 1 3 1 2 4 3 1 4 1 3 3 1 4 2 2 2 1 4 2 4 4 2 4 4 1 2 2 2 0 2 3 1 4 1 3 4 2 4 3 2 4 1 4 4 3 4 1 2 1 3 1 2 2 2 2 1 2 1 2 1 4 3 2 3 2 1 3 4 2 2 3 3 4 1 1 2 3 4 3 1 2 2 2 4 2 2 4 4 1 2 1 2 2 1 2 2 1 1 4 3 1 1 3 3 3 3 1 1 2 1 4 2 1 1 3 3 3 1 4 4 2 4 3 1 4 2 2 1 2 4 
2 3 2 1 1 4 4 3 1 1 1 1 1 4 3 4 1 4 2 4 2 3 2 4 1 3 4 4 1 2 3 4 3 2 4 1 3 4 2 4 1 1 3 2 2 1 1 1 2 0 1 4 3 3 3 2 2 2 3 4 2 2 2 4 2 2 3 2 2 1 4 3 4 3 4 4 3 2 4 4 3 3 2 2 1 1 3 4 3 1 1 2 3 4 3 3 3 4 4 1 2 1 3 4 2 3 3 3 3 3 2 2 1 1 3 3 1 2 3 3 1 2 4 4 3 3 4 4 1 4 1 1 3 4 4 3 1 3 4 4 2 4 4 2 4 1 2 3 1 4 
1 1 3 1 3 1 2 2 4 3 4 4 1 4 4 3 2 2 1 4 4 1 1 4 3 2 4 2 2 4 3 3 3 4 3 1 1 2 4 2 4 2 1 1 4 3 4 3 3 2 0 1 2 2 4 4 2 4 1 2 3 2 3 4 4 1 3 4 2 3 4 2 2 1 3 4 1 1 1 1 4 3 1 4 1 1 4 4 4 1 3 1 1 4 3 1 3 1 2 4 2 2 2 4 3 1 1 2 1 4 2 3 2 4 3 3 4 4 1 4 4 3 1 1 4 2 1 3 4 2 1 3 4 3 2 3 2 1 4 1 3 3 2 3 3 3 1 3 1 4 
3 1 3 3 1 1 2 2 1 3 2 3 3 1 2 1 3 1 1 3 4 3 4 3 2 4 3 2 3 2 3 3 2 4 2 3 4 4 2 4 3 3 4 4 1 4 3 1 4 3 4 0 2 3 2 2 1 3 4 2 2 1 3 3 1 4 3 4 1 2 2 3 3 1 2 2 3 1 3 2 3 1 3 1 4 2 2 3 2 2 2 2 2 4 3 4 2 1 2 4 4 3 3 1 3 1 4 3 2 3 1 3 3 1 4 4 1 2 3 1 2 4 4 4 3 3 2 3 3 3 4 3 2 1 1 2 2 1 4 3 4 2 1 3 2 3 3 3 1 1 
2 3 1 3 1 2 1 4 1 1 1 1 1 2 4 4 2 2 4 3 4 1 2 4 3 4 2 3 1 1 2 4 3 1 2 3 1 4 1 2 2 3 2 4 2 4 3 3 1 3 3 3 0 4 1 1 4 1 3 4 3 1 2 2 3 1 2 1 1 3 3 4 4 1 3 1 3 1 4 2 2 3 3 2 4 3 3 4 1 2 2 2 4 1 1 3 4 2 3 1 1 1 3 2 2 4 2 3 2 3 4 1 2 2 2 3 1 1 2 4 4 2 3 3 3 4 3 2 2 1 3 1 2 3 1 1 4 1 3 4 3 4 1 1 1 3 3 1 1 1 
2 4 1 2 3 4 2 2 2 4 4 1 4 1 3 4 1 3 2 2 3 4 2 4 3 3 2 3 4 4 4 4 4 1 2 1 3 2 1 1 1 3 1 4 3 4 3 3 3 4 4 4 3 0 3 2 1 3 2 1 2 2 2 2 2 3 3 1 4 3 1 1 2 4 2 2 4 3 2 2 3 4 3 4 3 3 3 2 1 4 2 2 2 2 4 3 2 1 4 4 4 4 2 1 3 2 4 2 3 4 1 1 2 2 1 4 2 1 4 1 4 1 1 1 2 4 4 3 4 2 2 4 4 1 2 2 2 1 3 2 1 2 3 4 4 4 1 2 3 1 
4 1 1 4 3 1 1 1 1 2 3 2 3 1 3 2 3 2 3 3 2 1 3 2 1 4 1 2 3 2 1 3 1 4 3 3 4 1 1 2 2 3 3 3 2 2 1 1 3 2 1 3 1 2 0 4 4 2 2 4 1 2 1 2 2 4 2 4 4 2 3 3 1 1 2 1 1 1 1 2 3 1 3 3 1 2 1 3 1 4 4 2 4 3 2 4 3 1 4 2 4 3 4 3 3 1 4 2 4 1 4 3 2 2 2 4 3 2 1 3 3 4 1 1 3 2 3 2 3 1 4 4 4 2 2 4 4 2 1 1 4 1 2 1 4 4 2 4 1 2 
1 1 2 1 3 3 1 3 4 2 1 3 4 1 3 1 1 2 3 2 3 2 1 1 1 2 4 3 3 4 4 1 4 4 4 4 2 4 4 3 3 3 2 3 4 4 1 4 1 2 3 3 3 4 4 0 3 2 3 3 4 4 1 4 2 2 4 2 1 3 1 4 2 3 1 4 1 4 4 1 1 3 2 2 4 4 3 1 1 1 2 4 1 1 4 4 4 4 2 3 3 3 1 3 1 3 3 3 3 4 3 4 4 3 2 1 3 4 2 3 1 4 3 1 1 4 2 2 1 1 4 4 3 4 4 3 3 4 1 2 4 1 2 4 4 2 2 3 4 1 
1 4 2 3 3 3 4 1 4 2 1 1 1 1 3 3 4 3 2 3 2 1 2 1 1 2 2 3 1 2 3 2 3 1 4 3 3 2 3 1 3 2 2 3 4 3 2 2 3 2 4 1 4 1 4 2 0 1 1 2 3 4 3 2 3 3 3 3 4 1 2 4 1 1 1 4 2 1 3 4 3 3 1 3 3 1 2 1 2 1 1 1 4 3 3 3 3 1 2 1 1 4 3 3 1 4 2 4 2 3 2 3 2 4 1 4 3 1 3 3 1 3 2 3 1 3 3 2 4 1 3 4 3 1 1 1 1 2 3 2 2 2 2 1 1 1 1 1 1 3 
1 1 1 3 3 2 3 3 1 3 4 2 2 1 3 1 2 3 1 2 4 4 3 2 2 2 1 2 3 4 2 1 3 3 4 3 3 1 4 1 1 3 4 3 3 4 2 4 4 4 2 3 4 3 1 4 4 0 4 2 3 3 1 2 2 3 4 3 2 3 1 4 2 1 4 3 3 2 2 2 4 3 4 3 2 4 3 3 2 4 3 2 4 3 4 1 4 2 4 4 4 1 2 2 3 4 1 2 2 3 4 3 1 1 1 3 3 2 4 1 1 2 1 4 3 3 4 3 2 4 1 4 1 4 4 4 2 1 1 3 1 2 2 3 3 3 2 2 1 1 
1 2 1 3 2 3 3 4 3 3 3 1 4 3 2 3 3 4 1 2 1 3 3 1 1 4 4 4 2 2 4 2 2 4 2 3 4 4 3 3 3 1 3 4 1 2 2 4 4 2 1 4 1 3 3 1 2 3 0 3 3 3 2 2 1 1 4 4 3 3 4 4 4 3 3 4 3 1 3 3 3 4 4 3 3 4 3 4 2 2 2 1 2 4 4 2 3 2 3 4 4 2 3 3 3 4 2 2 4 2 1 3 1 2 4 4 3 4 2 3 3 4 4 2 4 1 4 2 3 3 1 2 4 4 1 4 3 3 2 4 4 2 3 2 3 2 3 3 3 4 
4 1 4 3 3 3 2 1 3 1 4 4 1 3 4 1 4 2 2 3 2 3 4 1 2 4 3 4 1 1 1 2 3 3 2 1 3 1 1 2 2 2 4 3 3 4 2 4 3 2 1 4 3 4 1 3 2 2 4 0 4 3 2 2 3 2 2 3 1 2 1 2 4 3 2 1 2 3 4 2 2 4 4 1 4 2 3 2 3 4 2 2 2 4 2 2 3 2 2 1 1 1 1 1 3 2 4 4 2 1 4 4 2 4 4 3 3 1 2 1 1 4 4 3 4 4 2 4 4 3 1 4 3 2 1 1 3 4 2 1 4 4 2 2 4 1 3 1 2 3 
2 2 1 1 4 4 4 4 4 1 2 2 3 3 1 3 1 3 4 2 4 1 2 3 1 2 1 3 4 4 4 3 1 1 3 4 4 3 1 1 3 3 1 4 2 4 4 1 1 4 2 3 2 4 1 2 2 3 4 2 0 1 1 2 3 4 4 1 2 4 1 2 1 3 4 2 2 1 1 2 2 1 3 4 4 4 1 1 1 2 1 2 1 4 4 4 2 4 4 4 2 3 2 4 1 3 2 4 4 3 3 3 4 4 2 2 4 4 4 4 2 4 4 3 2 4 1 2 1 3 3 3 2 4 3 3 3 1 1 2 4 1 3 1 2 1 1 4 3 3 
3 3 1 3 3 4 3 3 4 3 3 4 3 4 4 3 3 2 3 4 2 4 2 4 1 2 3 3 2 2 3 4 1 1 2 1 3 1 1 4 1 4 1 4 3 4 2 1 4 3 3 2 1 1 2 4 3 2 1 4 3 0 1 2 2 3 3 4 4 2 1 2 2 4 3 4 1 1 1 4 4 3 4 4 3 2 4 3 2 3 3 2 2 4 1 2 1 1 2 4 2 1 4 4 2 1 1 3 4 3 1 1 2 1 2 1 4 4 1 1 3 3 3 1 4 4 2 2 4 2 2 2 1 1 2 1 2 4 4 3 1 1 3 3 2 4 4 3 1 2 
1 2 1 1 1 4 4 1 4 2 1 1 1 3 3 3 1 4 1 4 1 4 4 4 4 3 1 1 3 3 3 3 3 3 2 4 1 4 4 4 1 1 2 3 2 1 2 3 1 1 1 4 1 2 3 3 1 1 2 2 1 3 0 3 2 3 2 2 2 1 1 2 3 3 3 4 1 4 3 4 3 4 4 4 2 1 2 4 3 3 4 2 3 1 3 3 1 1 2 4 4 4 4 4 2 3 4 3 2 4 2 1 1 3 3 4 3 4 4 3 2 1 2 1 2 2 2 3 1 4 2 2 3 1 4 2 3 4 4 1 1 3 2 4 1 4 4 4 2 1 
3 3 2 4 1 1 1 3 2 3 1 2 4 4 1 2 1 4 3 4 3 4 4 4 4 2 2 1 3 3 3 3 1 3 2 4 3 3 2 4 4 3 2 1 4 3 2 2 3 1 3 2 4 4 3 4 4 2 4 2 4 2 4 0 2 2 1 4 3 4 4 3 4 2 2 4 4 4 4 1 2 4 3 4 4 2 4 3 4 4 2 3 4 4 2 1 1 2 2 4 3 2 4 1 3 2 3 2 3 2 3 3 1 1 1 2 3 2 4 2 4 1 2 2 3 1 1 2 1 2 3 4 1 3 1 4 4 4 4 4 3 3 3 3 4 3 2 2 3 4 
1 3 4 1 3 4 3 4 4 4 3 3 2 4 2 3 1 4 3 3 3 1 3 3 1 2 3 2 1 4 1 3 1 3 2 2 3 4 4 1 2 2 2 1 2 2 2 2 4 3 2 1 2 4 1 3 4 4 1 4 4 3 4 4 0 1 3 4 2 4 3 3 4 3 1 1 3 4 3 3 3 3 3 4 3 2 3 1 1 3 2 3 2 2 2 3 3 1 1 3 2 4 4 4 2 4 1 3 3 4 1 4 1 2 3 3 2 4 1 4 1 2 3 1 3 1 2 1 4 4 2 3 3 4 3 1 2 1 2 2 3 3 3 2 1 4 4 2 3 2 
1 2 1 1 1 4 1 1 2 3 3 4 3 1 3 3 2 3 4 4 3 2 2 1 2 1 3 4 2 2 3 1 4 4 2 3 4 3 1 4 4 2 3 4 3 1 3 4 1 2 2 4 2 2 4 3 4 1 3 4 3 3 2 2 4 0 2 3 2 3 1 4 3 2 4 3 3 4 4 3 3 3 3 1 4 4 4 3 4 4 3 3 1 1 2 4 3 2 2 4 4 3 3 1 4 4 1 1 2 1 3 3 2 2 3 2 1 4 1 3 1 2 2 1 1 1 2 1 4 1 4 1 1 2 4 4 4 2 1 2 4 3 1 2 4 4 1 4 3 4 
2 1 4 2 4 2 3 1 4 2 4 2 2 3 4 4 2 4 1 2 4 1 4 1 2 2 2 1 1 4 4 2 3 2 4 4 3 2 4 3 4 4 4 3 2 3 2 3 1 2 1 3 1 2 1 2 1 3 1 4 1 3 1 4 3 1 0 3 3 3 4 4 2 4 4 1 3 1 1 4 1 1 4 3 4 4 4 1 2 1 4 3 4 2 4 4 3 1 1 3 2 3 2 3 3 3 3 3 4 1 4 3 3 3 2 4 1 2 3 2 3 1 1 2 1 2 4 4 2 2 3 3 1 4 2 2 1 3 2 2 4 4 2 4 2 3 1 4 4 1 
3 4 2 2 4 1 4 3 3 2 4 3 4 2 1 1 4 4 4 3 3 3 3 4 4 1 1 1 1 2 1 2 2 3 1 1 1 1 3 4 2 2 1 1 3 1 2 3 2 1 1 4 1 4 1 3 4 4 4 1 1 1 4 2 3 2 4 0 3 3 4 2 4 2 4 1 4 1 2 1 1 4 4 3 1 2 2 3 4 4 2 1 1 3 3 4 2 2 1 4 1 4 1 2 3 4 3 4 4 1 4 1 2 2 3 2 3 3 4 2 1 4 3 4 2 1 2 1 1 4 4 2 2 4 4 4 4 1 3 2 4 4 2 4 4 1 2 2 2 3 
4 2 3 1 2 4 1 1 3 3 1 4 1 3 1 4 4 1 2 2 1 4 4 2 2 4 3 3 2 1 4 3 2 1 3 3 3 2 4 2 1 2 2 1 3 4 1 3 2 2 4 3 3 4 3 1 4 2 1 4 2 2 2 1 3 4 3 3 0 4 1 2 1 4 2 1 1 3 2 2 4 3 2 1 2 3 1 1 1 1 2 4 2 1 1 4 2 3 3 4 2 3 3 3 3 3 2 2 4 4 4 3 2 1 3 4 2 4 4 3 1 3 3 4 3 4 3 3 3 3 4 2 3 1 2 1 1 1 4 4 1 1 4 2 4 4 2 2 2 2 
3 1 4 4 1 1 2 3 3 3 4 1 2 3 2 2 3 3 3 4 4 4 1 3 2 4 1 1 4 2 3 2 3 2 4 1 3 4 2 2 1 3 3 2 3 3 2 3 1 4 4 2 3 2 4 2 4 1 2 4 1 2 1 1 4 4 2 3 2 0 3 1 3 4 1 3 3 3 3 3 2 3 4 3 2 2 3 1 4 3 2 2 4 2 2 3 4 3 1 3 1 4 3 3 4 4 4 3 1 4 2 2 3 3 2 1 2 1 1 2 2 1 4 3 2 4 3 4 3 1 3 1 3 2 3 2 3 3 3 4 3 1 1 3 3 4 4 4 1 1 
2 2 2 1 3 4 1 3 2 3 4 2 1 2 4 3 2 3 4 3 4 2 3 3 1 3 2 2 2 3 2 3 3 1 1 3 4 2 4 3 2 4 1 2 3 4 1 4 1 1 2 4 3 3 1 3 2 4 4 1 4 2 3 1 4 2 4 3 1 4 0 2 3 2 1 2 3 4 1 1 3 3 4 4 4 4 3 2 4 3 4 1 4 4 3 1 3 4 1 4 3 3 2 2 1 1 1 3 4 1 3 1 1 4 4 4 4 2 2 3 1 1 2 4 3 3 2 3 4 3 2 2 3 2 3 3 3 3 1 3 4 1 3 3 3 4 3 3 4 1 
4 1 2 3 2 4 1 2 3 2 2 2 3 4 2 3 4 3 3 1 1 3 4 3 4 3 1 3 2 1 3 4 3 2 4 2 1 4 3 4 4 1 4 3 3 1 2 2 3 4 2 4 3 4 3 3 4 4 4 2 1 3 1 4 2 1 1 3 1 3 1 0 1 4 2 4 2 4 1 2 4 2 3 1 1 1 3 2 4 4 4 3 3 3 2 2 2 3 1 4 2 3 3 4 4 4 2 4 3 4 1 2 3 2 3 1 1 2 3 2 1 4 1 3 4 3 4 4 4 1 3 3 2 2 4 2 1 4 3 1 1 2 2 2 3 1 1 2 1 4 
1 3 3 2 2 1 4 4 2 1 4 4 2 3 1 1 2 3 2 1 1 1 2 2 2 3 3 1 4 4 1 4 4 4 2 2 2 2 1 2 2 1 3 4 4 3 1 1 2 3 4 2 4 4 1 1 4 2 4 1 2 2 3 4 3 4 3 4 2 4 4 2 0 4 1 2 2 4 3 3 4 1 2 2 1 3 4 2 1 2 2 2 1 4 3 4 4 4 2 4 4 1 4 3 3 3 4 2 4 3 4 2 2 2 1 1 1 1 4 4 4 2 3 2 1 2 1 3 4 2 3 1 3 3 2 1 1 1 1 3 2 1 2 4 3 4 1 4 2 1 
3 4 3 4 1 4 3 3 3 3 3 1 1 4 3 4 3 3 3 4 3 3 4 4 2 1 1 2 1 2 3 2 4 1 2 2 2 3 2 3 3 4 3 3 4 1 1 1 1 3 2 3 4 1 4 3 4 3 2 1 3 2 4 2 2 4 2 2 2 4 4 2 2 0 1 3 1 2 4 2 4 3 3 1 2 2 3 2 2 3 3 1 1 2 4 3 2 2 2 2 4 4 1 4 2 1 3 2 2 1 3 4 4 3 3 1 2 2 1 2 4 2 3 3 2 2 2 2 4 4 4 1 1 1 3 2 1 3 2 3 2 4 2 1 2 3 3 3 3 2 
4 4 2 3 2 3 3 3 4 1 4 4 2 3 1 3 2 3 4 3 2 4 4 4 1 1 3 1 2 2 1 2 3 4 4 4 1 1 1 3 3 2 3 4 3 4 4 4 4 3 3 3 1 2 4 2 3 3 3 2 4 4 3 4 3 3 2 2 1 4 4 1 2 2 0 4 1 2 2 4 1 2 2 1 1 4 3 2 2 2 2 3 2 3 3 1 3 1 4 2 1 1 1 1 3 2 4 4 3 4 3 4 2 3 2 2 3 4 1 1 4 4 2 1 2 1 4 1 4 1 3 4 3 2 2 3 1 3 2 1 1 4 3 2 1 4 3 3 3 1 
1 4 2 3 3 3 1 1 1 1 3 3 4 3 2 3 4 2 4 3 1 4 2 3 4 3 1 3 1 1 4 4 1 1 1 1 4 2 1 3 1 4 1 4 4 2 1 3 4 3 1 4 4 4 2 4 1 4 1 3 2 1 4 4 3 3 3 4 2 3 2 1 4 1 2 0 1 3 1 1 1 2 1 4 2 4 2 3 2 3 4 1 1 3 2 2 3 2 3 1 1 4 2 2 3 2 1 4 2 2 2 1 4 3 1 3 4 1 3 1 3 3 1 4 2 3 1 4 3 3 1 4 4 3 1 3 3 3 4 2 1 3 1 4 2 3 2 4 3 1 
4 1 1 4 1 3 1 3 3 2 2 1 4 2 4 4 1 1 3 1 2 2 4 3 1 1 3 1 4 3 3 1 3 3 4 2 1 4 1 3 2 4 2 2 1 2 2 2 3 2 2 4 3 2 3 4 3 2 4 1 4 1 2 4 4 4 1 2 2 1 2 4 3 3 1 2 0 4 2 4 2 4 4 3 3 1 3 4 1 3 3 4 4 4 4 2 2 4 2 4 4 2 1 2 2 3 3 4 3 1 3 1 2 4 4 1 2 1 1 1 3 3 2 1 2 3 4 4 3 4 2 1 1 4 1 4 2 3 4 3 4 3 2 1 1 4 4 4 3 2 
4 4 2 3 2 3 4 4 1 4 1 4 1 2 1 1 1 4 3 4 1 2 2 2 1 4 3 4 2 3 2 4 4 2 4 2 3 1 1 2 2 4 3 4 1 2 4 3 2 3 3 2 2 3 4 4 1 2 1 3 4 3 2 2 3 2 2 3 1 1 4 4 2 4 2 4 1 0 3 4 4 1 1 1 1 2 3 4 2 3 3 4 1 1 1 2 2 4 2 3 3 3 2 3 1 4 3 2 2 1 2 4 2 4 2 2 1 3 4 4 3 1 1 2 4 2 4 4 1 4 3 2 4 1 2 4 4 3 4 4 3 4 1 2 1 4 4 1 4 2 
4 4 4 4 3 4 3 4 3 3 1 2 2 2 1 3 3 4 3 3 3 4 1 4 1 2 3 2 1 3 2 2 2 4 4 2 3 4 1 2 1 1 4 3 2 2 4 2 4 2 2 4 3 1 3 2 1 3 1 2 1 1 2 4 1 1 2 2 3 3 4 1 2 1 2 1 2 1 0 1 1 1 4 2 2 4 4 1 3 2 1 3 3 4 1 4 3 1 1 4 2 3 1 2 3 3 3 2 1 4 4 3 4 4 4 3 1 1 1 2 3 4 4 2 3 3 3 2 1 4 3 3 3 4 4 4 1 3 2 3 2 2 4 4 2 1 1 2 1 2 
1 4 2 1 4 2 3 1 1 4 4 1 1 1 4 3 2 2 1 3 4 2 4 2 3 3 1 1 1 1 4 2 4 2 1 2 1 4 3 4 3 2 3 3 4 4 2 3 1 1 1 2 4 1 3 4 4 1 3 3 3 1 2 4 4 2 1 2 1 1 2 4 1 2 4 2 4 4 3 0 3 4 3 3 4 4 4 3 1 3 3 4 2 4 1 1 1 2 4 2 3 4 2 2 4 3 1 1 3 1 1 2 2 1 2 3 4 3 4 1 4 4 4 3 4 1 3 2 2 2 3 4 4 4 2 2 2 2 4 3 1 3 2 4 1 1 3 1 1 2 
3 4 1 4 1 1 3 4 2 2 2 1 2 4 3 4 4 1 3 2 1 2 1 3 4 3 1 3 1 3 1 4 1 1 2 2 4 3 2 1 4 3 3 3 3 1 1 4 1 1 2 2 3 3 2 4 2 3 4 3 4 1 4 3 4 2 4 3 4 2 3 1 2 3 1 3 1 4 4 1 0 4 3 1 1 4 4 4 1 4 3 4 1 3 1 2 2 3 3 1 2 2 2 2 2 1 1 1 4 4 3 3 1 1 2 1 1 4 2 2 2 2 3 3 4 1 4 3 3 1 2 4 3 2 2 4 1 3 1 1 1 2 3 1 2 4 1 1 4 1 
3 2 3 1 1 2 1 3 4 1 4 4 3 2 4 4 1 2 4 1 4 1 2 1 2 1 3 1 3 1 3 2 3 4 4 1 1 4 1 1 3 1 4 2 1 4 1 1 2 1 2 3 4 4 1 4 3 1 3 2 1 3 3 3 2 4 2 2 2 2 3 3 4 4 1 4 3 4 3 1 4 0 2 1 3 3 1 3 2 2 3 3 3 3 3 3 3 2 3 4 1 3 4 3 1 1 3 4 2 4 1 1 1 3 2 4 3 3 3 3 3 1 4 2 3 3 4 4 2 1 3 4 4 4 2 4 4 4 1 3 2 1 2 1 4 4 2 4 4 4 
4 4 2 3 1 1 4 1 2 3 1 4 1 2 1 3 3 4 1 2 1 3 4 1 4 2 2 2 2 3 4 2 2 4 2 2 1 4 4 3 1 3 1 1 4 4 1 3 4 4 1 3 4 1 3 4 2 1 1 2 4 2 3 2 2 3 4 3 4 4 1 2 4 2 2 2 3 4 2 3 2 1 0 3 2 3 4 1 4 1 1 2 4 3 2 4 4 4 2 1 1 2 1 4 3 1 2 4 2 1 2 1 2 3 3 4 1 4 1 4 2 4 2 2 3 2 3 2 1 3 4 2 3 1 1 4 1 2 1 4 3 2 1 3 4 3 2 4 1 4 
3 2 2 1 1 2 1 4 3 2 4 3 3 1 1 1 1 4 1 3 3 2 1 4 1 2 1 1 1 4 1 2 4 4 1 3 2 1 4 4 4 4 3 4 2 3 4 3 2 2 4 2 4 3 4 3 2 2 4 4 2 2 1 4 2 2 4 4 2 2 1 2 3 1 4 4 2 1 4 1 1 2 2 0 4 1 3 4 2 1 3 1 4 2 1 2 4 3 1 1 1 4 3 3 4 3 4 2 1 2 2 3 4 3 4 4 4 3 3 2 3 1 3 3 2 1 3 3 2 1 2 2 3 3 4 4 3 4 4 4 1 2 4 4 1 2 3 1 2 2 
3 4 4 4 1 4 2 1 2 4 2 4 2 1 4 4 4 4 2 4 3 2 1 2 2 4 1 1 2 2 4 4 3 4 3 1 2 1 4 1 3 1 3 3 2 4 2 1 2 4 3 2 1 1 4 2 2 2 2 3 2 3 4 1 2 2 2 3 4 1 2 1 2 3 2 1 3 1 3 3 3 4 1 2 0 3 3 2 4 1 2 2 3 3 1 3 4 2 4 2 3 4 3 3 1 4 1 3 2 2 3 3 1 1 3 1 4 4 2 3 2 3 3 4 4 1 3 2 2 3 4 4 2 3 3 3 3 1 1 1 2 3 4 2 4 1 4 2 4 1 
3 3 3 1 4 1 3 3 4 1 4 1 2 3 1 3 1 3 2 4 1 2 3 1 2 2 4 1 2 4 1 2 4 2 3 2 2 4 2 1 1 1 2 4 3 4 3 2 1 1 4 1 4 1 4 3 1 1 2 4 2 1 2 2 2 3 2 4 1 3 2 2 4 3 3 1 4 1 3 2 2 4 3 4 4 0 2 2 1 3 3 2 2 4 2 3 1 3 2 2 3 3 4 2 1 4 2 3 2 1 4 4 3 1 3 1 3 3 2 2 1 2 1 1 2 3 3 1 2 4 4 3 4 3 1 2 3 4 3 1 2 4 2 3 2 2 3 1 1 4 
1 2 4 1 3 3 3 2 2 2 4 2 3 3 4 1 3 4 2 3 1 1 3 1 4 3 3 1 2 1 2 2 4 4 1 1 2 3 1 2 4 3 3 4 4 4 2 3 2 2 1 1 2 1 2 2 4 1 2 3 4 2 1 1 2 3 3 4 2 3 1 3 1 4 3 1 2 2 4 4 2 4 2 3 1 1 0 3 1 4 2 1 2 1 1 1 1 2 3 3 1 3 3 2 1 2 4 1 3 3 3 3 3 1 2 3 4 4 2 4 3 1 3 2 3 2 1 2 2 4 2 2 2 2 1 3 4 4 4 4 1 1 2 4 1 3 4 4 3 4 
3 4 4 2 4 2 2 1 3 3 4 1 1 2 4 2 3 3 4 2 3 2 3 4 4 3 3 1 4 3 3 2 1 1 4 1 3 4 2 2 2 2 3 4 4 3 3 1 1 4 1 1 1 2 1 3 4 4 4 4 2 1 1 4 3 1 1 2 3 2 1 3 1 3 4 2 1 2 1 1 3 4 4 2 2 2 3 0 3 4 3 1 4 2 4 3 2 1 4 1 1 2 3 1 1 1 1 2 3 2 1 1 4 1 1 4 3 3 2 1 3 1 3 1 4 2 2 2 1 2 3 3 3 1 1 1 2 4 2 3 1 1 4 3 1 3 4 3 1 3 
2 4 4 4 3 1 4 3 4 3 4 1 1 3 3 2 4 2 2 3 4 1 3 2 4 4 4 2 3 3 4 4 2 1 4 4 1 2 4 3 1 3 3 3 1 1 3 1 2 4 1 2 1 3 2 3 2 3 2 1 2 3 4 1 1 1 3 1 2 3 1 2 1 1 4 4 4 1 4 2 1 2 4 4 2 2 3 3 0 1 3 3 3 1 2 1 3 1 4 1 1 4 2 4 2 3 3 2 2 3 3 2 4 1 4 3 3 4 4 3 3 1 2 1 3 4 2 2 3 4 4 4 2 2 1 4 1 1 3 1 2 1 3 4 3 2 4 4 4 2 
2 3 1 3 2 2 4 4 4 3 2 4 3 1 1 3 3 2 4 2 2 3 1 4 3 3 2 4 3 3 4 2 2 4 2 2 3 3 3 4 2 3 4 3 4 2 1 3 4 1 2 2 2 3 3 4 3 1 2 1 2 4 1 4 4 2 4 2 1 1 4 4 2 4 2 1 4 1 2 1 1 1 3 2 1 1 1 2 1 0 1 2 2 1 3 3 1 2 1 3 2 2 4 2 4 1 3 1 3 4 1 3 4 4 2 1 4 2 4 3 2 3 3 1 4 4 4 2 2 4 4 3 3 3 1 1 2 4 3 2 1 1 1 1 2 2 1 1 1 1 
1 2 3 1 3 4 4 2 3 3 4 2 1 3 4 2 2 1 2 4 4 3 4 3 2 2 3 2 1 2 3 4 4 3 1 3 1 3 4 2 3 4 2 3 4 1 2 2 3 3 3 4 3 4 1 1 1 4 3 2 1 4 2 3 1 3 4 3 3 3 4 4 2 3 4 1 3 1 2 1 4 1 2 1 1 1 2 1 2 2 0 2 2 4 4 3 1 2 4 3 4 1 3 4 4 4 3 3 3 1 1 1 4 2 4 1 2 3 3 1 2 2 4 1 3 3 3 1 2 4 1 2 1 4 3 2 2 4 3 2 1 2 2 4 2 3 4 1 1 1 
2 2 2 4 4 1 2 2 3 1 2 2 1 2 3 1 3 2 3 4 1 3 2 1 1 2 1 3 4 3 1 2 2 3 3 3 3 2 4 3 4 4 4 2 3 1 2 1 2 4 2 3 3 2 2 1 3 2 4 1 3 4 2 1 3 2 3 2 2 1 2 3 3 3 2 2 2 2 3 2 3 4 2 2 4 1 3 3 3 3 2 0 1 2 4 4 1 1 2 2 4 2 1 1 1 3 2 3 3 4 1 3 1 1 2 1 4 3 4 3 3 4 3 4 4 4 2 4 1 4 1 2 1 2 1 2 3 3 2 1 3 3 3 4 4 3 4 2 4 3 
4 2 1 3 4 2 1 1 2 3 4 4 4 4 3 2 4 1 2 1 4 3 4 3 3 1 2 3 3 1 4 1 3 3 3 2 3 1 1 1 2 2 4 1 4 3 3 3 4 2 1 1 2 2 2 3 1 3 3 1 1 2 4 2 4 2 2 4 3 3 4 3 3 1 2 4 2 3 4 4 4 1 3 1 2 2 3 3 1 2 1 3 0 4 4 1 2 2 4 1 3 2 4 4 4 3 1 3 1 2 1 1 1 3 4 2 3 4 2 1 2 1 4 4 3 3 2 1 4 4 1 3 4 4 4 3 3 2 4 1 3 2 4 4 4 2 1 4 3 4 
1 2 4 4 4 2 4 4 4 2 1 4 2 3 3 1 4 1 2 3 3 1 1 1 1 3 2 1 2 1 3 4 3 4 2 2 4 3 1 2 4 4 3 2 2 3 2 4 3 1 2 2 3 2 2 2 3 3 1 1 3 4 1 3 3 3 4 1 4 4 2 1 4 1 2 4 1 1 4 4 2 2 4 4 4 1 4 1 3 1 3 3 2 0 4 1 4 1 2 3 1 1 2 2 2 1 1 4 1 1 2 1 2 1 1 3 3 2 2 4 3 2 2 1 4 3 3 3 1 2 4 2 1 2 1 2 1 4 4 3 1 3 2 4 2 4 4 4 3 3 
1 4 4 1 3 1 2 2 3 4 1 4 1 2 3 4 4 1 2 3 2 1 1 1 3 1 1 3 3 3 1 4 2 3 2 1 3 1 4 1 3 3 1 1 3 1 3 1 4 1 4 3 1 4 2 4 4 3 2 1 2 2 4 4 3 1 3 2 4 2 3 3 3 4 4 1 1 2 2 3 3 4 1 2 3 1 4 1 1 1 4 3 3 1 0 1 2 4 4 2 3 2 2 2 4 3 1 2 4 1 4 2 1 3 3 2 1 2 1 3 2 4 4 4 4 1 2 4 3 2 3 3 3 3 4 2 2 2 4 1 3 1 1 4 3 3 1 4 2 1 
2 2 2 2 4 1 4 3 1 4 4 4 2 2 1 1 2 3 1 1 2 2 3 3 4 3 4 1 4 1 2 4 2 2 4 1 4 4 1 3 2 1 3 1 1 1 1 1 3 4 3 4 4 1 1 3 4 2 1 2 4 4 4 1 2 3 4 3 2 4 1 2 1 1 2 4 1 3 1 2 1 4 4 2 1 3 4 2 3 1 1 2 1 2 3 0 1 4 1 4 1 1 2 4 4 3 2 4 3 1 1 4 2 2 2 1 2 3 3 1 2 3 2 3 2 3 3 1 1 4 4 3 4 1 3 3 4 1 3 3 1 1 4 3 1 2 2 3 2 3 
1 1 4 4 4 2 3 2 4 1 3 4 3 2 4 1 2 3 3 3 2 3 3 2 1 2 2 2 1 4 2 4 2 4 4 1 2 1 3 2 1 1 1 1 1 4 2 1 4 1 3 4 1 4 4 4 4 1 3 4 2 2 3 1 3 3 4 1 4 3 3 3 4 4 4 3 1 1 2 2 4 3 2 4 1 3 2 4 3 1 3 2 4 1 1 3 0 1 2 4 1 1 1 4 1 4 1 2 2 3 4 2 4 2 4 2 4 3 3 4 2 3 2 3 1 4 1 1 1 4 2 2 2 2 1 3 2 4 2 4 2 1 4 2 1 4 1 2 1 1 
1 3 3 1 3 1 3 1 4 1 4 2 1 4 2 3 4 4 3 3 1 4 1 1 4 3 4 3 2 2 2 1 1 3 3 4 4 2 1 3 2 2 1 3 1 3 1 2 4 2 2 4 2 4 2 3 1 3 1 2 2 2 2 2 3 2 2 2 4 4 3 2 3 4 1 3 2 4 4 2 1 1 1 1 3 3 2 3 2 2 4 3 1 1 1 4 3 0 1 2 1 4 3 1 2 3 2 2 1 3 2 2 3 3 1 2 3 1 4 1 2 1 3 1 1 4 2 3 2 1 4 4 1 1 4 2 3 1 4 4 3 2 2 2 2 1 2 4 3 2 
3 1 2 3 4 2 3 2 2 4 1 1 1 4 2 3 3 1 3 4 4 1 2 4 3 2 4 2 2 3 4 4 3 4 3 2 2 2 1 3 4 3 4 3 1 4 4 1 1 1 4 1 3 4 1 4 4 4 3 3 3 4 3 2 4 1 3 4 1 4 2 2 4 2 3 4 1 3 1 4 1 3 2 3 3 1 2 4 4 2 3 3 1 1 2 1 1 3 0 2 1 4 4 3 3 2 1 4 1 1 3 3 2 4 2 3 2 4 4 2 4 1 1 1 1 3 4 4 3 3 2 3 3 1 2 3 2 4 2 2 2 3 1 1 2 4 4 1 3 4 
1 1 2 3 3 1 2 3 3 4 1 1 1 1 3 2 1 4 2 3 1 1 2 1 2 3 2 4 4 1 2 3 3 3 1 2 3 3 2 3 3 1 4 3 4 2 4 4 2 3 4 2 4 1 4 2 2 3 4 3 1 1 4 4 3 4 1 1 4 2 2 2 4 1 3 2 3 3 1 1 4 2 3 4 4 3 1 1 2 3 1 4 4 4 4 2 4 2 4 0 1 4 1 3 4 4 3 1 4 2 4 3 3 2 4 4 2 2 3 1 2 4 3 1 4 3 3 2 4 3 4 2 2 4 1 1 2 2 1 3 1 3 4 4 4 3 4 3 4 2 
3 2 4 4 4 4 1 2 1 1 4 4 4 2 4 2 1 2 3 3 4 4 3 4 3 1 2 4 2 3 3 4 2 3 3 1 2 1 3 2 1 4 2 2 3 3 4 2 3 1 4 4 2 3 3 1 2 1 1 2 2 4 3 3 4 2 2 4 2 2 4 3 3 1 2 2 4 1 4 3 1 4 1 2 3 2 2 4 4 4 2 4 4 2 4 3 4 2 1 1 0 4 1 1 2 2 3 4 2 1 2 3 3 4 1 4 4 4 1 2 3 3 4 3 1 4 3 3 1 1 3 2 1 4 3 1 1 3 1 2 1 3 2 2 3 2 1 1 2 1 
2 4 3 1 2 1 3 4 3 2 1 3 4 3 3 2 3 4 2 2 1 3 3 2 3 1 3 4 1 1 4 1 1 2 3 2 1 2 4 1 1 3 4 3 2 4 4 3 4 2 1 3 2 3 1 3 2 2 4 2 4 4 3 4 4 4 2 2 3 3 2 1 2 1 3 3 4 4 4 4 3 3 4 2 3 4 3 4 3 2 3 3 2 3 2 2 4 3 3 1 4 0 2 1 1 2 3 3 2 1 2 4 1 3 3 4 4 1 2 2 1 3 4 1 4 1 4 3 2 4 1 1 1 1 4 1 1 2 2 4 1 1 1 2 3 3 4 1 4 2 
1 4 1 2 2 1 3 4 2 2 2 2 1 3 3 3 3 2 1 3 3 4 3 3 3 4 3 2 4 2 2 3 3 1 3 1 4 4 1 4 1 4 2 2 3 1 2 3 4 4 3 4 1 3 2 2 3 4 2 1 1 1 3 2 3 1 4 2 1 1 1 1 2 2 3 4 3 3 1 1 3 2 4 2 3 1 3 4 1 4 1 3 3 1 3 1 4 1 4 2 4 1 0 4 3 2 3 3 3 3 2 3 1 4 1 4 4 2 2 3 3 3 4 4 4 3 1 1 4 3 3 2 3 3 3 3 3 4 3 4 3 2 1 3 3 1 3 3 3 2 
2 3 1 3 4 2 3 3 4 4 3 1 2 1 2 2 2 4 4 1 1 4 1 4 3 4 3 1 4 4 2 1 4 1 4 2 1 2 3 4 4 3 4 2 2 3 1 2 1 2 4 2 2 3 2 3 1 2 1 2 4 3 1 1 1 1 3 2 4 2 3 3 2 1 3 3 3 3 4 3 4 4 4 1 4 3 4 2 4 3 3 4 1 1 4 3 3 3 4 2 1 3 2 0 2 2 1 3 2 4 1 3 1 3 2 4 3 2 4 2 3 4 4 1 4 2 4 1 3 3 1 2 4 3 2 3 4 3 3 4 2 2 2 2 2 1 4 3 1 4 
3 4 2 3 4 2 1 1 4 2 3 3 2 3 3 2 4 2 1 1 4 3 4 2 2 2 3 3 3 4 3 4 2 2 1 4 4 2 3 2 4 4 4 1 1 4 2 2 1 1 1 2 4 1 3 2 1 4 3 2 1 4 4 4 4 4 3 2 3 3 2 4 4 1 1 2 4 2 4 3 2 1 1 4 1 2 2 4 1 2 3 3 4 3 2 3 1 3 1 3 4 1 1 3 0 4 3 1 3 3 1 1 1 4 1 4 2 4 3 3 1 1 1 2 2 1 1 4 4 4 2 4 4 2 4 4 4 3 1 2 1 3 1 1 1 4 2 1 4 3 
1 4 4 3 3 1 3 2 1 2 1 2 2 4 4 2 1 2 4 1 4 1 2 2 1 4 2 4 2 1 1 3 2 3 3 4 1 1 4 3 3 4 2 2 1 3 2 2 3 1 4 4 4 3 4 2 1 3 2 3 3 2 2 3 1 2 2 2 1 1 1 3 2 2 2 2 1 1 4 4 4 1 3 4 2 4 1 3 4 2 2 1 4 1 2 2 2 3 4 1 2 2 3 1 1 0 4 4 2 3 4 3 4 3 4 1 2 3 2 3 4 3 3 2 2 3 2 3 2 3 4 3 4 2 1 4 3 1 4 4 2 2 3 3 4 1 3 1 4 2 
1 2 2 2 2 2 1 2 1 3 2 4 4 2 1 2 2 4 3 3 1 3 1 3 3 2 1 1 2 1 3 1 3 3 4 3 3 3 2 4 2 3 1 2 1 1 4 3 3 2 3 4 2 1 3 2 2 4 1 4 3 4 1 1 4 1 2 2 1 4 1 1 2 2 4 1 2 4 2 3 1 3 1 4 4 2 4 4 3 4 3 3 2 1 1 3 2 1 4 2 3 2 3 1 2 1 0 3 2 1 4 1 3 4 4 2 1 2 1 3 3 3 4 3 1 2 4 4 1 1 2 4 2 4 1 1 4 2 3 2 2 3 1 3 4 2 2 4 4 2 
2 4 2 4 4 2 3 1 2 2 2 3 4 4 2 3 4 3 3 2 2 3 3 1 1 3 1 2 2 3 4 3 1 2 2 3 1 2 3 4 4 4 4 3 1 4 3 2 1 1 4 2 2 2 3 2 2 1 4 3 2 1 4 2 1 2 1 3 4 4 1 1 3 1 1 2 4 4 4 2 4 4 4 1 2 4 2 2 2 4 1 3 1 3 1 1 4 3 4 3 2 3 2 2 3 1 1 0 2 2 1 3 4 4 1 3 3 3 2 1 1 3 2 3 2 4 2 4 1 4 4 2 3 4 3 2 1 2 1 1 1 4 4 1 1 4 1 3 3 2 
4 1 4 2 2 4 1 2 1 4 4 2 2 2 3 3 2 1 4 2 1 3 2 4 1 2 2 2 3 2 2 3 4 2 3 4 3 2 3 2 1 1 3 3 4 3 2 2 3 1 4 1 1 3 4 2 3 4 2 2 4 2 4 1 2 4 2 2 3 3 4 2 2 2 4 1 1 4 1 2 2 4 3 2 2 3 2 4 2 2 2 4 2 1 1 1 2 2 2 3 4 1 2 2 4 2 4 3 0 2 4 3 2 3 2 2 1 1 3 1 3 1 2 1 2 1 4 4 1 1 1 3 1 1 3 4 2 2 4 2 3 3 1 3 4 4 3 3 2 4 
1 4 1 1 4 2 2 2 3 4 2 3 1 1 3 4 3 2 1 1 1 1 3 4 2 1 1 3 4 3 1 3 1 1 1 3 3 2 4 4 1 4 4 2 4 4 2 1 4 4 3 2 1 3 4 2 1 2 3 1 4 4 3 1 3 1 4 4 2 3 3 2 4 4 4 2 3 1 2 3 4 2 3 3 1 4 2 3 3 4 1 2 3 2 2 3 4 4 1 4 1 2 2 4 3 4 3 1 1 0 3 1 3 2 3 4 1 4 3 3 1 4 1 3 1 2 1 2 2 4 1 4 3 2 2 4 1 3 4 2 2 1 3 4 3 4 2 3 3 4 
1 4 1 2 3 1 1 4 3 3 2 2 1 1 2 3 1 4 3 4 1 3 2 1 4 3 2 4 3 2 3 1 1 3 4 1 4 2 2 4 3 4 3 2 4 4 4 3 1 4 3 2 1 4 2 4 2 1 4 2 4 1 2 1 2 3 3 2 2 3 4 2 3 2 3 2 2 3 1 2 2 1 4 4 1 1 3 2 3 4 3 4 2 3 4 4 2 1 3 3 2 2 3 2 1 1 1 1 1 1 0 1 2 2 1 3 4 3 3 1 2 2 1 4 3 4 4 3 4 3 4 4 3 3 1 2 2 3 1 3 3 3 3 4 3 2 3 2 1 3 
3 2 1 2 4 3 3 2 1 2 4 4 3 2 1 3 1 1 2 4 1 2 4 3 1 2 1 3 2 2 1 2 2 2 4 3 2 3 2 4 4 4 2 3 2 4 1 1 3 4 4 4 4 1 3 4 3 4 4 2 4 2 3 3 1 4 4 1 4 2 2 3 2 3 3 2 4 4 3 4 1 4 1 4 3 1 2 1 3 3 1 2 3 3 2 2 1 4 1 3 3 2 2 4 2 3 4 1 1 3 3 0 4 1 2 1 3 4 1 1 1 2 2 3 3 1 2 3 1 4 4 1 4 2 4 4 1 4 4 2 2 3 3 1 4 1 2 4 4 3 
2 4 2 4 3 1 2 3 4 1 2 1 3 3 2 1 1 1 1 2 1 3 1 1 4 3 1 1 4 4 2 3 2 4 1 2 4 1 3 1 2 4 3 4 2 1 1 2 1 1 3 4 3 4 2 1 2 2 3 3 1 4 2 3 1 3 1 4 3 2 2 4 1 3 3 3 3 2 2 1 2 2 4 3 2 1 3 3 3 4 2 3 1 2 3 2 3 3 1 1 2 2 4 3 4 2 4 2 3 3 3 1 0 3 1 1 1 1 4 4 2 4 4 4 1 1 1 1 3 4 2 4 1 4 3 4 2 2 2 2 4 3 1 4 4 1 4 1 4 1 
3 1 3 4 3 1 2 3 1 2 2 3 3 4 3 4 2 2 4 2 4 3 2 3 4 1 1 3 4 1 1 3 3 4 4 3 2 4 1 2 4 1 4 1 3 1 1 1 4 4 4 3 1 2 3 1 2 3 3 3 2 2 1 3 3 2 1 4 3 3 4 3 2 1 4 3 2 1 1 1 4 2 4 1 4 4 1 2 2 2 2 4 3 2 4 4 4 1 3 4 1 2 1 3 4 2 3 4 1 3 2 1 1 0 1 1 2 4 1 2 4 3 3 2 1 2 3 3 4 1 2 2 3 3 2 2 2 1 4 2 3 3 4 4 4 4 3 4 3 2 
1 3 1 1 1 4 1 2 4 2 3 2 3 3 1 1 4 2 1 2 1 2 2 2 4 4 4 4 2 1 1 1 3 4 1 1 1 3 1 3 2 2 4 2 3 3 1 4 3 2 1 3 4 2 3 4 2 4 3 3 4 4 1 3 1 4 2 2 2 4 4 1 4 3 1 3 4 3 1 3 1 2 3 1 1 1 2 2 1 1 1 2 1 3 1 1 2 3 1 2 3 2 4 1 1 3 1 3 3 4 2 2 2 2 0 4 2 3 4 2 4 4 1 1 4 2 3 4 4 1 1 2 2 3 3 3 2 4 1 2 2 4 3 3 4 3 4 1 1 1 
1 4 4 3 3 1 3 1 3 4 2 1 4 2 1 4 1 1 2 2 2 1 1 3 3 3 3 2 2 1 1 4 4 3 2 2 2 4 4 3 2 3 3 3 1 4 2 3 3 3 1 4 4 3 3 3 1 1 1 1 3 1 1 4 3 4 4 3 2 1 3 4 4 3 2 1 1 3 3 1 2 1 4 1 1 2 3 2 1 2 3 4 2 4 4 4 3 2 3 2 3 3 2 4 3 1 4 2 1 4 1 1 4 1 4 0 4 1 1 2 1 3 2 2 3 4 4 3 3 2 1 1 4 2 2 1 1 3 4 1 1 1 4 3 2 1 4 4 2 4 
3 4 2 2 2 2 1 3 3 1 3 2 3 4 4 4 1 4 3 3 4 2 4 4 1 4 2 3 3 2 3 4 1 4 2 1 1 3 3 1 4 1 2 2 1 2 3 4 2 3 1 2 4 1 4 2 1 4 4 4 3 4 1 1 4 2 1 3 3 2 3 3 2 4 1 1 2 2 1 3 2 3 1 4 3 2 4 2 1 2 4 2 3 2 2 2 1 3 1 1 3 1 1 4 1 3 3 1 4 3 1 2 2 3 4 1 0 1 2 2 4 2 4 2 2 4 4 4 1 3 1 1 3 1 3 4 1 3 1 1 1 2 2 2 4 4 4 2 3 1 
4 1 2 4 3 4 1 4 1 3 4 2 2 2 4 3 2 4 4 4 4 4 3 3 2 2 1 3 1 2 4 4 2 4 4 2 2 4 4 4 1 1 4 2 1 1 1 1 1 4 1 2 1 3 3 3 2 4 4 1 3 4 1 3 4 3 1 3 1 1 4 4 2 2 4 3 3 2 2 3 4 1 3 4 2 3 1 1 2 1 4 3 2 3 4 3 4 3 3 2 4 3 4 1 1 1 1 2 2 4 4 3 2 1 2 4 2 0 2 2 1 1 1 4 1 3 3 4 4 3 2 1 3 4 3 2 3 3 2 3 2 2 4 4 1 4 2 4 4 2 
3 4 2 2 4 3 4 3 4 3 2 2 1 4 2 1 2 3 1 4 4 3 4 2 1 3 4 4 3 3 3 1 4 1 2 3 4 2 2 1 3 2 4 3 1 4 1 4 4 3 4 4 4 2 4 1 1 3 1 4 2 4 2 2 3 2 2 3 1 1 3 1 3 3 4 1 2 1 1 1 2 4 4 4 4 1 2 4 3 3 4 3 2 1 3 1 4 2 4 1 1 4 2 3 3 3 4 1 1 2 2 2 4 1 4 2 2 2 0 2 3 4 4 2 4 2 4 4 1 4 4 2 4 1 4 4 2 2 3 3 4 4 3 4 4 1 2 2 1 2 
1 3 4 2 2 1 4 1 3 3 2 4 1 1 4 2 1 4 2 2 4 4 1 1 3 3 2 2 1 2 1 3 3 1 3 2 3 2 4 4 3 3 4 4 4 3 3 4 1 1 2 3 1 4 1 2 1 3 3 3 2 2 1 4 1 4 3 2 2 1 1 1 2 1 1 3 3 3 1 1 2 1 4 1 4 3 2 1 4 2 4 1 2 2 3 4 3 1 4 4 4 1 4 3 2 4 2 3 4 2 3 1 4 2 3 1 1 4 3 0 2 4 3 4 2 2 4 2 4 3 1 1 4 2 4 4 3 1 2 3 2 1 4 4 1 4 2 2 2 2 
1 3 4 4 1 2 1 3 4 1 1 4 2 1 1 2 3 2 2 4 2 1 2 1 4 1 2 2 4 4 4 2 4 2 4 1 1 1 3 4 2 1 2 3 1 2 2 2 1 4 4 3 1 1 4 2 1 3 1 2 3 1 4 3 2 3 2 3 4 2 2 4 4 4 3 3 4 3 4 4 3 3 1 1 4 1 3 1 4 1 3 3 4 4 2 4 1 4 2 2 4 4 1 3 3 1 1 1 3 2 2 4 2 1 4 3 3 4 1 2 0 4 1 2 1 3 4 3 3 4 1 2 2 2 1 3 2 3 1 2 2 2 2 3 4 4 1 3 2 1 
1 3 4 4 3 1 3 1 2 1 1 1 1 2 4 1 1 3 4 4 1 2 1 2 3 2 3 1 4 3 2 2 4 1 3 4 1 2 3 2 1 3 2 2 3 3 2 4 3 4 4 2 1 4 1 3 1 4 4 2 3 3 3 2 3 4 4 4 3 1 1 1 3 1 2 2 2 4 3 2 1 4 3 1 4 3 4 4 1 4 1 1 1 3 4 3 4 2 4 2 3 4 4 1 4 3 4 1 2 2 3 1 2 1 2 3 4 1 4 3 1 0 3 2 1 2 1 1 2 1 3 4 4 3 4 4 1 2 4 4 3 1 1 4 4 2 1 2 2 3 
4 4 4 3 2 3 4 1 4 1 2 2 3 4 3 1 4 1 2 1 1 2 1 3 3 1 1 2 1 4 1 4 1 2 1 2 1 3 4 3 3 4 3 4 4 4 1 3 4 1 2 4 4 1 2 1 3 1 2 4 3 4 3 4 1 4 1 1 3 4 3 2 4 1 4 4 1 1 2 4 3 3 2 2 3 4 1 4 2 1 1 2 3 3 4 4 1 4 4 3 3 2 2 3 4 1 2 3 3 3 2 3 3 4 3 2 3 2 2 1 4 4 0 2 4 1 4 2 2 3 4 2 4 2 3 2 1 4 3 3 1 1 2 3 1 2 3 3 2 4 
1 2 1 2 3 1 2 2 2 4 3 2 4 2 1 4 4 4 4 2 4 3 4 4 4 3 2 4 2 4 3 1 4 2 4 1 3 4 1 4 3 3 3 2 4 4 1 2 1 1 2 1 4 1 1 1 3 1 2 4 4 1 4 3 3 2 2 2 2 3 1 1 2 4 2 4 4 3 2 4 3 2 1 3 4 3 3 2 1 4 4 1 3 4 4 4 2 4 2 3 2 3 1 1 4 1 4 3 3 3 1 3 2 4 1 3 3 2 1 2 2 3 3 0 3 2 1 4 2 2 4 1 1 4 4 4 1 4 2 2 3 2 2 4 1 4 3 1 1 4 
1 3 1 2 4 3 4 1 1 3 1 1 3 3 4 4 3 2 4 4 1 2 2 1 1 4 1 2 2 2 4 3 2 4 1 4 4 3 1 1 4 1 3 2 4 4 4 4 2 2 3 4 3 2 2 4 1 1 1 1 4 1 3 2 4 1 2 3 4 4 3 1 3 1 4 2 4 1 3 4 3 1 2 3 2 1 3 2 2 3 4 3 2 1 3 2 3 3 4 4 1 2 2 3 4 2 4 4 2 1 2 1 2 3 2 1 2 1 1 3 3 1 4 3 0 4 1 4 2 4 4 2 4 4 1 2 2 4 3 4 1 3 4 3 2 4 4 3 1 2 
4 1 4 1 2 3 4 4 4 1 3 4 3 1 1 3 2 3 2 3 3 1 3 3 3 2 3 1 2 3 3 3 2 2 4 1 1 3 1 1 1 1 4 1 2 4 3 3 2 1 3 3 4 2 3 2 2 1 1 1 4 2 1 2 1 4 4 4 4 4 3 3 2 2 4 1 2 1 4 3 2 3 2 4 1 1 4 2 1 1 2 2 4 1 3 3 4 1 1 3 1 4 4 1 1 2 3 1 3 1 3 4 4 1 4 3 2 2 2 4 1 3 4 3 1 0 4 2 1 4 2 1 4 1 2 4 2 2 2 3 4 2 1 2 2 1 1 1 1 4 
2 1 1 1 1 1 3 2 4 2 4 1 4 3 3 2 3 1 4 4 4 2 2 3 1 4 2 3 4 4 3 3 2 3 3 1 2 4 4 2 2 1 2 2 3 3 4 2 4 3 4 2 4 2 2 4 4 3 3 3 4 1 1 3 2 3 1 2 2 4 1 4 2 1 1 1 2 4 1 1 1 3 2 3 4 1 1 2 1 4 2 1 4 3 3 3 4 1 1 2 1 4 1 2 2 1 1 1 1 2 3 3 3 3 4 3 1 4 1 1 3 1 3 4 4 3 0 4 1 1 4 4 1 2 3 4 2 1 4 4 2 1 1 1 4 2 2 3 1 2 
2 1 4 2 3 1 4 1 3 4 4 1 4 2 2 2 3 2 4 4 2 3 3 1 1 3 2 1 2 3 2 4 1 4 3 3 3 3 3 1 1 1 1 1 3 2 2 4 4 4 2 4 4 2 2 4 2 3 1 1 3 2 3 3 2 3 2 3 1 2 2 1 1 2 2 1 1 4 2 2 4 1 4 3 2 2 4 3 4 1 3 2 4 3 1 1 1 1 2 3 1 1 4 1 1 1 4 3 1 1 4 2 1 1 2 1 4 2 2 2 4 1 2 2 4 3 4 0 2 1 3 2 1 2 2 1 1 4 1 4 3 2 2 3 1 1 3 3 1 2 
3 3 3 4 3 2 4 1 3 2 2 4 2 2 1 2 1 2 1 2 2 3 1 4 1 4 1 4 4 2 3 3 1 3 2 2 4 4 1 4 4 1 3 1 1 1 4 3 3 2 2 1 4 1 2 3 2 1 1 2 1 4 4 2 1 4 2 3 1 4 4 4 4 4 4 1 3 1 4 2 3 2 2 1 4 2 2 3 1 2 3 3 4 2 1 3 3 4 2 2 1 2 4 4 3 3 2 2 3 1 3 3 1 1 3 3 4 3 1 2 3 4 2 2 1 2 1 4 0 2 2 2 2 1 2 3 4 1 2 1 1 4 3 1 1 3 4 4 4 2 
1 2 3 1 2 3 3 4 3 1 4 2 3 4 4 2 2 1 1 4 4 4 3 4 4 3 3 4 1 2 1 3 3 3 1 3 2 2 2 3 2 3 3 4 3 1 4 1 2 3 1 1 1 4 3 2 4 2 3 1 1 1 4 4 3 4 3 1 1 1 4 3 3 3 4 1 1 2 3 4 4 2 1 3 2 1 1 3 1 3 4 1 1 3 1 1 2 3 2 2 1 1 3 4 4 3 3 3 3 4 3 3 1 4 3 2 1 3 2 2 2 3 3 4 2 1 4 3 1 0 1 3 4 3 3 1 1 4 1 1 3 4 1 1 1 2 1 1 3 1 
3 4 3 4 3 4 3 4 2 2 1 4 4 1 3 3 1 2 4 2 1 1 1 3 3 3 4 2 2 3 2 2 4 3 3 3 1 4 4 1 4 3 4 1 4 4 4 4 2 2 1 2 3 3 2 1 2 4 2 3 1 4 1 1 1 2 3 4 3 2 1 2 1 4 3 2 3 1 3 2 2 2 2 2 2 2 1 3 2 3 1 4 2 1 4 1 2 2 2 3 2 2 2 2 4 3 2 1 4 2 1 1 2 4 1 1 3 4 4 3 2 4 1 3 3 1 4 1 3 4 0 1 4 2 2 4 2 1 4 4 4 1 2 2 2 2 3 1 2 2 
3 4 4 4 2 2 2 3 3 3 4 4 2 4 3 4 4 3 3 1 3 2 1 1 3 4 4 4 4 4 2 2 2 1 1 2 3 1 2 3 1 2 4 4 4 3 2 2 4 3 1 1 1 1 1 3 1 1 4 4 3 2 3 1 3 4 3 4 3 3 2 1 1 3 1 4 3 2 2 2 3 4 3 4 1 4 1 3 4 2 2 2 4 1 3 3 3 2 3 2 2 2 3 1 2 2 1 3 1 2 3 2 2 4 4 1 1 2 2 1 4 3 3 3 2 4 4 2 4 1 3 0 2 2 2 4 4 4 2 2 3 4 1 4 2 1 4 2 1 2 
1 1 2 4 2 2 4 2 1 3 3 2 4 3 2 4 3 4 3 4 2 1 2 3 2 3 2 4 1 1 2 3 4 1 4 1 1 4 3 3 3 2 2 4 2 2 4 3 1 4 3 3 1 4 2 1 4 2 4 4 1 4 2 3 3 1 1 1 2 1 1 1 4 2 4 1 2 3 1 2 4 4 1 2 2 2 3 1 4 1 3 3 2 2 2 3 4 1 3 3 2 1 4 4 1 4 4 1 3 2 3 3 3 2 2 4 2 4 2 1 2 1 1 1 2 4 3 1 3 1 1 3 0 1 2 3 4 2 2 2 4 4 3 4 3 4 3 4 2 2 
2 3 2 3 2 3 3 2 2 2 1 4 1 2 1 2 4 2 3 3 1 2 1 1 4 2 2 2 2 3 3 1 2 4 2 1 3 1 2 1 1 1 4 2 2 3 4 2 2 1 2 4 4 4 4 1 2 4 1 4 3 4 3 4 1 3 4 1 2 3 3 1 2 2 1 2 1 4 3 1 4 2 3 1 4 4 2 3 1 2 3 2 2 1 1 3 4 3 1 1 1 2 3 3 3 4 3 1 3 4 3 1 4 3 3 2 3 2 3 4 1 2 2 2 3 2 4 2 1 1 4 4 3 0 3 2 2 2 3 3 1 1 4 1 3 1 1 2 3 2 
3 3 1 4 4 4 2 3 2 2 3 4 3 2 1 1 3 1 3 2 1 2 3 1 2 2 3 3 2 3 4 1 1 1 1 3 2 3 3 2 4 1 1 4 4 3 2 2 4 2 1 3 2 4 3 2 4 2 4 4 2 2 4 3 1 1 3 2 4 4 3 1 4 2 4 3 2 1 4 2 3 4 3 3 2 4 2 4 4 4 2 2 1 3 1 4 1 4 2 1 2 2 4 2 2 2 2 2 2 3 1 3 2 2 2 3 3 2 1 4 4 1 3 2 3 4 4 2 3 4 4 2 3 3 0 1 4 4 3 4 3 3 2 2 1 4 4 1 1 1 
1 3 2 4 3 2 1 3 1 3 3 1 4 2 2 1 3 4 2 3 2 4 1 1 3 3 4 2 4 1 4 3 2 1 3 1 4 3 2 4 4 2 2 3 2 3 2 2 1 3 4 2 4 3 2 3 3 4 2 1 1 3 4 2 4 3 1 3 1 1 3 1 2 3 1 3 3 3 4 1 1 1 1 1 1 3 2 2 2 3 3 1 1 1 4 2 2 1 4 2 1 2 2 3 3 1 1 3 2 2 1 3 2 4 1 2 2 1 3 3 1 2 3 4 2 1 2 3 1 1 1 3 3 3 2 0 2 3 1 2 3 4 1 1 2 1 4 3 3 2 
1 3 3 2 2 3 2 3 1 3 4 2 4 1 3 2 4 4 1 2 3 2 1 1 4 1 1 3 4 4 2 3 3 2 1 2 2 2 4 3 2 1 4 3 3 3 3 4 3 3 2 4 3 1 1 3 3 1 2 3 2 1 1 4 3 3 2 2 2 4 2 3 2 1 3 4 3 3 3 3 4 3 2 4 4 2 4 4 1 3 4 3 4 3 4 2 1 4 1 1 2 3 1 1 2 2 4 3 2 4 1 2 3 1 3 2 1 2 3 2 2 3 3 4 3 3 3 2 2 4 1 2 3 4 1 2 0 4 4 2 4 3 2 3 2 2 3 4 2 4 
1 2 3 3 3 1 4 2 3 4 3 2 2 4 3 3 2 2 1 3 4 3 4 1 1 4 1 4 4 4 2 4 2 4 4 1 1 2 2 3 3 4 2 3 2 1 3 4 2 2 3 4 1 3 1 1 1 1 3 4 1 4 1 1 2 3 4 3 1 1 2 4 3 1 1 2 4 1 3 1 3 3 4 4 2 3 1 3 2 1 1 3 3 4 3 2 4 4 3 3 1 1 4 4 3 4 4 4 1 4 3 2 3 3 1 1 3 4 4 1 2 2 3 1 2 1 1 3 4 1 3 1 4 3 3 3 1 0 4 4 1 4 4 2 1 4 2 4 3 1 
3 1 3 1 3 3 2 1 3 3 2 3 2 3 4 2 1 3 2 4 1 4 2 4 2 4 3 1 4 2 1 3 2 1 3 4 1 2 4 3 2 4 1 3 2 4 3 2 3 2 3 2 3 4 2 3 2 2 1 1 4 4 1 2 2 2 2 2 1 4 4 1 1 1 3 2 3 1 4 3 4 3 2 4 4 3 1 4 3 2 4 2 1 2 4 2 3 4 2 3 2 1 4 3 4 1 3 2 1 2 2 3 1 4 2 4 2 1 2 3 1 4 4 1 1 4 3 4 4 2 3 3 4 1 4 2 3 2 0 3 1 1 4 4 2 3 1 3 4 3 
2 1 3 2 4 2 3 3 3 3 1 3 1 2 2 3 2 1 2 1 4 4 1 3 1 2 1 2 3 1 1 4 1 4 1 4 2 1 3 1 3 1 2 1 3 3 1 1 4 3 1 4 2 3 3 4 4 4 4 2 3 3 4 3 4 2 2 4 3 3 4 3 2 2 3 3 3 4 1 1 3 3 3 4 1 1 2 4 4 3 4 1 3 1 3 1 1 3 1 3 4 1 4 1 1 3 2 3 3 4 3 1 2 4 3 4 3 3 2 3 3 3 1 1 4 3 4 1 2 2 3 4 4 3 1 2 4 2 3 0 3 4 3 4 1 2 1 4 4 4 
2 2 2 3 1 3 3 1 2 2 3 3 3 1 2 4 3 3 3 3 3 1 3 2 1 2 4 2 2 3 4 1 1 1 3 1 4 3 1 2 3 1 4 2 2 3 1 2 2 1 3 3 4 3 3 4 4 4 1 4 4 4 2 3 3 4 4 3 2 2 4 4 2 2 3 4 3 1 3 4 2 4 4 4 3 1 1 4 3 4 3 1 4 1 2 4 4 3 3 4 1 4 2 2 2 1 1 2 3 2 1 4 2 3 2 2 2 1 4 2 4 2 3 3 4 2 3 1 1 1 2 4 2 1 2 1 2 3 1 2 0 4 1 1 1 4 4 2 1 2 
4 3 2 2 2 3 1 3 1 1 4 3 1 3 4 3 3 2 2 1 1 3 4 2 3 1 1 3 1 2 1 1 2 1 3 2 3 1 1 1 2 3 2 3 1 3 3 3 4 2 3 1 3 1 4 2 3 4 3 3 2 3 4 3 1 3 3 4 3 3 1 2 3 2 4 3 1 2 2 1 4 2 1 3 2 1 4 2 3 3 1 3 2 2 4 4 2 2 1 1 4 3 3 4 1 3 1 1 2 2 2 1 3 3 4 3 2 2 4 3 1 2 4 2 1 3 1 2 1 3 4 4 4 3 3 3 1 1 2 4 4 0 4 2 3 4 4 1 2 1 
1 2 2 4 1 2 4 3 4 1 2 2 2 1 3 4 1 4 4 3 1 4 3 4 3 4 2 4 2 3 2 1 2 4 3 3 1 3 2 1 1 4 4 3 3 2 3 3 2 2 3 1 4 4 2 3 1 1 1 1 3 2 2 2 4 2 1 2 2 4 4 2 3 1 4 2 4 3 3 3 1 1 4 3 4 4 2 4 1 2 1 4 1 1 2 4 2 4 4 1 1 4 3 1 4 2 2 2 2 4 2 2 2 4 3 3 1 4 1 2 1 3 2 1 4 4 2 2 4 3 1 4 4 3 2 2 3 2 1 2 4 1 0 4 2 3 1 4 3 2 
4 1 4 3 2 3 2 1 3 1 3 3 1 1 4 2 1 1 2 2 2 3 4 1 2 1 3 2 3 3 1 3 2 3 4 1 1 3 2 3 4 3 1 4 1 2 1 3 2 1 3 3 2 4 4 1 4 1 4 3 1 2 1 4 2 2 3 2 4 3 1 2 3 1 4 3 4 4 4 3 3 1 3 1 4 2 2 4 3 1 4 4 1 4 1 4 3 4 2 3 2 4 3 4 2 1 4 1 2 3 2 2 3 2 2 1 1 1 2 3 4 4 3 3 3 3 3 4 1 4 1 2 2 3 1 1 2 3 2 3 1 2 1 0 2 4 2 3 2 1 
3 2 3 2 2 2 4 3 3 3 4 4 4 4 1 4 1 1 4 2 2 4 2 1 3 1 4 4 1 2 3 2 4 4 4 3 2 2 3 4 4 2 1 3 4 1 2 2 4 1 3 4 1 4 1 1 3 4 1 4 4 4 4 4 1 2 1 3 4 4 4 1 3 3 1 2 1 1 1 2 3 3 1 2 1 3 2 1 1 2 4 3 2 2 3 4 2 1 1 1 2 4 2 4 2 1 4 2 3 3 1 2 3 1 3 4 2 2 3 2 1 2 4 4 4 1 1 3 1 2 2 2 2 4 1 3 2 4 4 1 1 4 1 2 0 4 2 1 4 1 
4 4 2 2 1 2 4 4 2 3 2 3 3 4 3 3 2 2 2 4 3 3 4 4 4 1 4 1 4 1 3 4 2 2 2 4 2 2 2 1 1 3 1 2 2 4 4 2 2 4 3 1 3 3 1 3 2 3 4 4 3 2 4 1 3 3 1 2 2 1 4 4 4 2 3 3 4 2 4 4 3 1 4 4 1 1 3 1 2 1 4 4 3 3 1 2 2 3 1 4 1 3 4 3 1 2 2 1 1 3 2 1 1 1 1 4 1 3 4 4 2 2 3 3 4 2 4 4 4 2 3 3 2 4 4 1 4 4 3 4 1 2 4 3 1 0 3 4 2 1 
3 1 4 2 1 2 1 4 4 1 4 1 4 2 4 3 1 1 1 4 1 1 3 2 3 3 3 2 3 1 3 2 4 4 1 1 2 4 4 1 2 4 3 2 4 3 3 4 2 3 3 4 3 2 2 1 3 3 2 4 1 3 2 2 2 1 1 1 2 3 2 2 4 4 2 1 3 4 4 1 3 4 4 4 4 3 1 3 1 1 4 2 2 4 2 3 2 3 4 3 3 2 1 4 1 2 4 2 2 4 2 1 4 3 3 3 2 2 1 1 2 4 4 2 1 2 4 3 2 3 1 2 4 1 2 4 4 2 4 3 2 4 2 4 4 1 0 1 4 2 
3 3 4 3 1 1 2 3 1 2 4 2 2 4 3 1 4 1 2 3 4 1 1 2 1 2 1 1 4 2 1 4 1 2 3 2 1 1 2 3 3 4 3 2 2 1 1 2 3 3 1 3 1 3 4 1 4 4 1 3 3 3 2 3 3 3 4 3 2 3 2 3 3 4 3 2 2 3 4 2 4 2 3 2 3 1 4 2 2 2 2 1 2 4 3 3 2 3 3 4 3 1 3 4 4 3 1 1 2 4 1 2 3 1 2 4 1 4 3 4 2 2 4 3 1 2 4 3 2 2 2 2 1 2 4 4 4 3 1 2 2 1 2 3 3 4 2 0 3 2 
3 4 4 1 1 1 3 3 4 4 1 1 3 2 3 3 2 4 2 2 3 2 2 4 3 2 3 3 3 2 3 3 2 1 4 4 1 2 2 2 3 1 2 3 3 4 4 3 2 3 4 1 2 4 4 2 4 1 1 2 2 4 4 1 3 4 4 3 2 2 2 1 4 2 2 3 3 2 4 4 2 3 1 3 4 4 4 4 2 3 2 1 4 1 4 2 1 3 3 3 2 1 1 4 1 1 3 2 1 2 4 1 1 2 1 3 4 4 1 4 2 1 4 3 1 2 1 1 1 3 4 3 1 2 1 3 4 4 1 3 1 1 4 2 3 2 4 1 0 1 
2 1 3 4 2 2 4 3 1 1 2 3 3 1 3 4 4 4 2 4 1 2 2 4 3 1 1 1 3 4 2 1 4 2 1 4 2 4 4 3 1 3 4 3 4 2 3 4 3 3 1 2 4 2 4 4 3 1 2 4 2 2 2 3 2 2 1 1 2 1 3 2 1 3 4 3 3 1 1 1 4 4 2 3 4 1 1 4 1 2 2 4 3 3 1 2 3 1 2 3 1 3 1 4 3 3 3 4 3 4 4 3 3 1 1 3 2 2 1 2 4 1 4 4 1 4 1 4 4 2 1 2 1 3 3 2 3 2 3 1 1 1 1 3 2 4 3 3 2 0 
