150
330 9502
280 20518
64 27054
50 12984
55 10885
228 24401
253 1152
132 25905
439 6508
322 10077
149 1729
169 23114
252 2623
83 2902
35 2108
66 9901
401 10383
237 25490
88 22513
151 15873
239 25844
232 26289
183 7182
301 3627
21 21516
363 22824
470 3321
25 3796
224 132
56 8470
467 1496
151 8545
340 21260
265 24541
407 14074
365 5505
426 27103
197 3072
88 10506
323 11052
241 25286
293 5866
354 16312
364 17522
254 20119
126 5583
275 26099
119 15887
26 9469
266 17142
110 15306
291 8263
281 23979
339 25075
54 13877
98 4308
120 1435
221 15552
97 19857
398 19416
54 23557
450 21372
126 4051
299 13860
49 3017
191 3645
186 18866
394 3248
70 581
175 7369
94 13297
39 15645
112 14004
151 27052
149 19451
44 10723
124 8289
135 13028
344 25576
420 25976
141 56
205 22280
122 4985
94 17999
215 238
257 18833
441 795
122 5541
447 2976
355 21221
318 2688
329 25431
370 14126
146 1678
244 26774
110 4509
164 24250
150 4395
403 3366
112 2221
253 18900
108 12936
84 13298
406 25939
41 2949
349 9271
73 5997
358 10428
277 15656
475 21348
198 19624
150 4671
298 24506
463 7326
269 18906
364 26568
342 2885
272 1066
316 24790
83 2393
349 12041
465 25545
338 927
161 14468
407 2893
159 26974
54 12315
375 11853
308 21659
352 21668
347 19695
367 1123
309 21294
291 9549
255 15295
294 7449
238 17256
425 9565
366 4307
421 18499
392 4299
472 3112
247 17870
475 9331
176 10904
447 9674
252 13126
191 9391
319 19398
328 1057
0 7 4 2 1 6 2 4 5 2 3 3 2 6 2 6 1 8 8 7 2 2 1 8 1 5 6 6 4 10 4 7 1 9 4 6 5 7 9 6 4 8 7 10 6 5 4 8 7 9 9 3 2 4 9 8 9 9 6 10 3 10 1 10 4 6 8 9 6 10 2 10 5 9 8 3 10 10 6 1 3 7 1 6 9 6 8 5 9 9 4 3 6 9 5 5 10 6 9 5 3 1 7 3 9 6 2 1 10 3 8 1 9 9 3 10 7 10 8 7 3 7 9 10 5 7 6 9 7 2 2 9 8 7 8 2 10 8 1 10 7 2 6 6 10 2 2 8 6 3
6 0 1 1 8 7 7 7 2 7 10 6 8 5 10 2 2 3 1 7 7 3 10 7 10 10 6 10 8 9 8 3 6 7 9 10 2 4 4 10 9 8 8 2 4 9 10 4 1 3 6 10 2 2 10 7 6 10 4 10 4 8 5 4 1 10 7 7 6 10 9 3 1 6 4 7 4 6 5 8 9 5 2 9 1 9 5 1 3 6 2 4 4 1 10 1 9 10 5 3 1 10 8 6 3 9 10 7 6 10 3 1 7 7 7 5 3 2 10 8 8 6 2 8 2 5 4 10 2 7 10 6 10 10 6 10 8 7 4 8 1 7 9 10 10 6 7 9 4 9
5 9 0 10 9 7 2 4 1 9 3 4 9 2 1 4 6 3 3 8 4 2 9 7 2 10 5 8 6 4 4 10 8 8 2 10 2 1 10 9 4 8 10 9 5 3 9 10 4 6 6 8 7 8 2 9 2 7 6 9 3 1 4 9 1 6 7 4 8 8 6 4 6 6 6 6 7 4 2 4 9 9 8 9 3 8 9 5 7 2 10 4 9 7 3 7 3 6 2 8 8 1 7 3 3 8 7 4 6 9 5 8 5 10 8 5 10 2 5 9 3 2 5 3 2 10 7 2 4 1 1 7 3 3 6 9 10 4 8 4 5 10 5 7 9 2 5 6 5 9
8 8 1 0 4 9 6 10 6 6 6 7 7 7 1 2 1 2 8 9 1 4 6 5 4 5 7 2 2 4 7 6 7 6 2 5 1 10 3 7 6 6 10 8 7 9 3 3 7 8 6 2 1 5 9 10 5 4 4 4 4 8 3 9 7 8 10 7 4 7 6 6 7 9 3 6 9 6 8 2 3 3 10 4 6 5 8 8 3 4 6 4 6 7 6 7 5 1 4 5 9 2 8 9 4 3 8 10 5 7 1 1 7 6 2 5 3 1 6 10 8 2 3 6 10 2 1 5 4 7 8 4 1 5 4 10 10 3 10 7 1 1 8 2 8 10 8 10 10 7
2 10 6 1 0 3 7 1 2 3 1 4 6 1 1 6 5 4 4 4 8 4 2 2 1 2 2 9 4 9 4 5 3 9 10 6 10 9 5 5 9 7 6 7 9 5 3 6 4 10 10 5 7 7 10 1 4 5 3 7 1 6 5 10 5 5 5 7 2 6 3 6 1 5 10 6 8 4 4 1 3 7 4 1 2 5 8 7 5 4 7 8 6 8 1 5 2 6 10 6 10 10 10 6 8 8 7 3 7 8 9 4 3 5 1 8 7 6 8 7 4 9 2 2 3 3 8 10 5 3 3 2 2 2 7 5 1 1 7 7 4 6 4 4 9 3 1 9 5 3
6 3 6 9 3 0 1 8 8 9 5 6 1 2 9 10 9 8 5 8 10 7 2 1 10 8 7 8 10 9 1 2 6 5 4 2 10 4 7 3 8 6 10 3 1 5 3 1 8 1 2 9 6 6 1 9 1 1 5 5 2 4 2 5 9 5 2 4 8 6 7 9 7 6 7 5 3 9 8 5 8 6 7 1 2 8 6 10 7 3 1 9 1 2 2 8 9 5 2 3 3 5 8 10 10 8 8 8 2 3 1 7 7 4 3 2 3 1 8 5 2 9 1 6 9 7 4 9 4 1 4 4 8 4 2 3 6 4 4 2 9 10 8 10 9 8 7 8 8 7
7 10 2 8 5 9 0 4 9 9 2 7 4 6 3 6 1 7 7 1 2 2 8 6 1 9 6 4 6 5 4 4 4 7 4 6 1 2 6 4 1 4 9 7 2 9 2 9 5 5 3 8 7 2 6 4 3 1 4 4 3 1 7 10 9 7 8 5 8 8 5 6 10 3 8 7 2 6 8 6 9 10 1 10 10 7 10 6 6 7 4 7 6 7 8 7 7 8 9 6 1 4 10 10 7 10 6 8 5 3 6 1 5 9 9 8 4 8 6 4 1 9 6 10 1 5 3 10 10 7 7 8 7 2 6 5 2 5 9 7 9 8 10 6 2 7 8 5 9 2
8 5 5 8 8 9 3 0 3 10 9 6 6 4 10 1 5 3 8 6 5 9 6 3 2 9 3 7 9 9 8 3 4 4 10 4 1 1 10 2 5 5 2 9 5 3 3 7 10 5 7 7 9 5 1 2 5 1 1 3 1 1 4 5 4 1 10 6 4 5 5 5 1 7 6 9 5 3 4 5 5 3 5 7 8 10 1 10 9 9 5 2 7 10 3 10 1 1 1 2 2 5 10 4 4 3 1 2 4 1 8 3 6 10 2 6 1 6 6 7 4 7 2 10 8 7 8 8 3 6 8 7 10 5 5 8 5 7 10 10 10 10 5 9 3 2 2 4 6 9
8 8 3 4 2 8 4 10 0 7 6 7 8 2 6 5 6 9 6 5 7 1 4 4 6 2 6 5 3 7 2 9 5 6 7 2 10 9 2 8 8 2 3 1 4 9 3 10 1 4 1 6 3 6 4 5 9 6 7 2 8 5 5 4 9 5 9 5 9 9 5 1 3 1 2 9 9 1 1 1 3 2 1 7 1 3 7 10 4 4 3 7 8 7 1 3 3 9 9 5 6 5 9 8 9 6 10 7 8 7 10 6 10 8 3 7 7 8 7 4 5 4 9 1 2 9 2 4 2 10 1 4 4 7 3 2 8 9 9 7 6 3 7 4 4 2 9 1 2 2
3 9 7 1 8 2 6 6 10 0 8 2 3 8 9 1 7 4 3 1 6 9 6 10 9 7 10 4 6 7 9 4 5 4 3 1 6 10 4 4 7 1 8 5 8 3 6 1 10 1 6 5 2 1 7 7 3 3 9 6 10 1 5 2 7 10 1 2 8 2 9 3 9 6 2 9 4 7 6 10 7 3 7 2 8 1 9 8 5 5 5 5 5 6 7 2 7 10 8 2 9 2 4 5 6 7 1 4 9 1 5 2 4 7 7 4 8 6 2 10 10 1 8 10 1 5 6 8 1 6 4 1 5 4 1 1 3 2 3 2 8 8 3 6 6 9 4 4 7 8
6 3 9 4 5 1 4 7 4 2 0 10 2 10 9 5 9 3 4 8 9 4 7 10 4 9 2 6 7 1 2 10 5 5 1 6 1 3 4 8 9 6 8 3 6 9 2 10 3 4 8 1 6 10 5 1 5 10 9 2 2 4 4 8 3 1 2 9 6 6 5 10 4 7 7 10 4 10 1 5 5 3 3 3 2 2 3 7 7 3 7 1 4 9 5 8 1 1 3 8 4 9 3 8 5 4 3 2 9 7 7 6 5 7 3 4 1 10 8 8 3 8 6 7 8 8 9 9 1 10 7 10 3 8 2 2 5 10 1 2 9 2 2 5 4 9 2 6 10 6
9 6 6 6 7 2 8 9 8 4 3 0 9 6 6 1 4 1 6 5 3 5 3 9 2 10 2 2 5 1 7 2 6 9 7 10 9 6 8 7 8 6 5 10 8 3 8 6 9 10 3 6 7 3 2 6 10 5 4 3 2 4 9 10 6 1 5 2 8 2 2 7 1 3 3 10 8 6 6 4 9 9 5 1 1 4 9 3 5 1 1 1 3 5 2 2 3 4 1 9 4 8 1 10 10 5 9 8 7 7 1 2 7 10 1 3 6 3 3 8 3 3 2 7 5 7 1 5 2 3 8 9 7 7 9 3 2 3 6 5 1 8 1 8 5 1 7 8 7 2
2 3 3 7 10 7 1 5 10 6 10 7 0 6 9 6 5 3 2 9 10 4 5 5 2 2 10 9 4 10 2 7 8 3 1 3 2 1 5 7 10 4 7 1 8 3 5 7 3 10 4 4 6 9 2 3 9 9 4 10 1 1 3 8 2 1 2 1 4 6 9 6 8 1 10 10 6 2 4 5 7 5 5 6 9 8 1 10 3 7 3 6 9 6 9 1 1 7 4 2 1 6 4 4 3 3 9 9 3 2 6 1 3 4 9 6 8 6 10 10 1 10 3 7 6 3 5 8 10 7 2 9 3 2 8 4 9 3 10 6 9 1 4 4 8 10 5 3 7 2
6 5 10 3 8 5 2 9 8 7 5 4 5 0 7 6 5 5 1 3 3 8 7 10 2 3 1 7 10 9 8 1 2 7 10 8 3 7 3 1 10 3 8 9 3 7 2 4 1 10 5 4 3 6 1 7 9 3 8 7 3 7 3 8 3 3 10 3 4 8 8 8 3 7 10 5 5 7 5 6 4 5 6 1 8 6 5 6 4 7 8 9 6 3 5 3 6 5 5 8 5 6 3 7 7 8 1 7 1 1 2 9 4 10 3 5 7 10 8 5 4 2 1 3 10 7 3 4 10 7 4 9 8 5 1 6 9 5 4 4 6 3 1 7 10 5 1 1 9 10
10 5 6 10 6 7 9 4 5 4 8 4 10 3 0 9 1 8 3 3 3 8 10 4 5 2 6 6 1 4 10 1 7 5 2 1 2 8 1 1 10 9 5 2 5 6 1 4 9 7 8 6 8 4 10 8 1 8 5 1 1 1 5 7 6 10 3 6 3 9 1 10 5 4 1 3 3 8 9 5 1 8 2 5 10 8 4 6 4 7 3 9 5 5 7 6 10 8 3 3 4 9 3 5 9 7 7 1 8 5 3 10 2 6 9 10 4 8 9 4 3 1 8 5 4 7 3 6 2 6 7 4 9 10 5 3 5 10 5 4 3 3 9 10 2 2 4 2 10 2
9 9 7 10 2 7 1 8 9 5 5 1 2 2 8 0 7 10 6 8 7 2 8 1 6 3 2 5 10 6 1 5 10 10 2 5 9 5 7 2 1 7 3 6 8 9 7 1 8 6 4 10 7 1 3 8 9 4 9 4 2 8 10 7 5 4 1 3 7 5 2 7 2 9 8 9 8 8 5 4 4 6 7 10 8 4 9 6 1 5 7 6 6 7 1 6 7 10 8 9 2 8 10 8 6 3 3 8 4 10 10 2 3 3 10 5 6 5 9 7 5 4 5 8 3 10 3 9 7 5 2 8 1 2 3 2 2 4 10 6 6 1 9 9 5 7 1 5 6 6
10 4 1 3 9 9 7 9 6 2 1 2 10 5 2 6 0 2 7 3 7 9 6 7 9 2 6 9 6 7 9 6 6 7 8 2 2 6 1 4 1 9 10 4 6 7 7 4 9 10 7 7 9 4 8 7 10 5 1 3 1 1 7 7 3 6 9 3 6 9 3 5 2 8 4 7 10 10 10 9 1 3 1 1 8 10 5 2 1 7 3 7 6 4 9 1 4 1 7 1 5 2 1 5 1 5 3 4 8 9 2 6 3 2 8 1 9 6 2 3 9 4 4 8 3 2 6 6 2 9 7 10 1 7 1 8 8 1 3 10 6 8 7 10 3 4 7 5 2 2
6 6 6 3 1 2 10 6 5 4 6 7 3 5 9 8 1 0 3 3 2 1 10 2 4 7 1 2 10 5 7 8 2 10 6 1 4 8 6 5 2 10 3 10 1 9 5 3 10 10 6 9 2 3 2 10 9 8 7 1 5 3 5 6 10 1 7 3 6 7 2 4 3 2 10 10 2 5 8 8 8 2 5 8 9 8 1 4 2 9 9 5 10 1 3 7 6 2 6 7 10 9 4 9 7 2 4 2 8 5 6 9 9 2 3 1 9 10 8 4 1 10 4 3 2 5 8 5 5 9 9 1 7 8 1 4 8 5 3 4 2 10 10 9 9 5 10 7 3 1
10 9 6 7 1 2 7 10 1 3 1 6 3 1 3 5 6 6 0 2 2 5 10 5 9 8 3 8 10 4 2 1 5 10 10 10 10 5 10 5 8 10 1 4 3 3 9 7 4 9 5 4 8 6 10 5 4 7 4 1 5 10 9 2 8 5 4 10 8 3 10 7 6 10 5 10 4 1 5 3 5 5 6 6 6 4 2 2 3 1 7 4 8 6 4 4 4 6 7 5 6 6 10 9 8 5 2 9 3 8 8 2 1 3 4 5 3 5 3 4 9 2 2 6 2 10 10 8 2 3 2 6 3 9 2 6 9 1 9 3 6 5 8 10 8 10 3 1 7 10
10 10 6 6 3 7 9 9 3 6 5 5 1 1 7 4 1 2 4 0 4 9 6 4 6 5 10 10 8 6 3 3 8 3 10 2 6 9 8 10 5 4 4 6 1 2 4 6 7 9 4 8 5 1 5 7 2 1 8 8 10 9 8 8 6 1 4 7 10 2 5 1 9 10 1 3 9 6 8 10 7 2 1 8 3 5 5 8 2 7 3 1 7 7 8 8 4 6 1 8 1 3 4 4 9 2 6 8 6 3 3 8 7 10 10 9 8 4 8 9 7 9 5 1 9 8 4 7 3 5 4 3 5 2 10 5 7 8 6 3 9 2 6 9 9 10 7 2 7 2
3 6 2 8 6 5 3 4 8 6 6 6 10 9 10 8 2 8 5 3 0 4 2 10 1 5 8 1 1 4 3 8 8 1 5 3 4 10 4 4 1 2 9 4 6 8 2 6 3 9 3 9 8 8 9 1 1 1 3 4 6 3 7 7 4 8 5 9 10 2 8 3 2 9 6 9 3 8 2 8 9 6 7 5 9 2 5 7 8 2 10 5 4 5 5 9 5 1 1 7 2 4 5 2 1 8 7 4 8 10 5 4 6 8 5 6 8 1 1 8 9 8 6 6 3 9 10 2 2 5 8 4 7 1 1 4 10 9 9 10 6 3 3 6 2 2 4 4 9 8
3 9 7 1 4 5 7 3 2 5 10 10 4 1 6 9 2 8 3 9 8 0 6 2 7 3 9 5 6 6 3 8 5 4 4 1 8 9 8 3 4 4 1 6 4 8 6 6 8 10 6 3 2 4 8 5 4 7 8 5 2 1 6 4 9 5 7 2 2 5 9 10 8 6 3 8 4 8 7 1 8 1 3 9 9 1 8 7 3 3 9 5 10 10 8 4 4 7 1 6 6 1 4 4 5 2 6 7 3 9 1 2 1 9 6 10 4 8 1 6 1 2 6 10 3 1 3 2 9 4 1 9 8 8 2 7 5 2 5 2 9 10 10 5 3 8 10 9 6 7
2 2 3 6 4 3 2 1 10 1 8 9 9 10 2 6 8 2 9 8 1 7 0 8 5 5 5 3 8 3 3 8 3 8 8 1 4 4 10 3 2 2 2 8 10 2 10 4 10 1 9 4 3 3 7 2 6 1 10 1 3 3 1 2 9 5 9 5 6 4 4 3 7 8 6 2 5 10 9 6 1 10 1 1 9 6 3 2 6 4 10 6 10 2 3 10 5 2 9 2 10 9 2 6 7 5 3 2 9 6 3 3 3 8 3 3 3 4 2 1 7 8 1 9 3 3 2 8 9 9 1 10 7 2 2 7 8 2 1 3 3 2 10 5 10 7 1 5 9 5
10 8 1 3 1 2 7 6 3 6 1 9 7 9 9 8 8 8 2 10 8 1 9 0 2 1 6 1 3 10 4 8 4 10 4 2 3 7 1 4 3 7 7 8 5 3 4 9 1 9 6 10 1 5 10 7 5 5 4 5 4 2 8 1 2 6 8 10 2 8 3 4 8 3 3 1 3 1 7 1 10 5 4 7 8 2 6 8 1 1 5 8 8 1 9 9 8 1 4 2 9 4 10 7 10 9 3 10 6 7 8 1 7 6 4 1 1 4 6 2 2 4 1 3 1 6 8 7 10 5 9 2 4 2 2 9 9 9 8 2 7 1 7 8 2 3 7 6 5 7
5 7 6 6 5 4 10 3 6 6 4 6 8 4 4 9 3 7 5 9 10 9 9 3 0 6 3 6 6 3 4 9 1 10 6 6 9 5 6 1 8 2 10 9 1 7 1 2 8 8 3 1 1 2 7 1 5 7 9 9 6 9 9 3 3 9 10 9 3 7 9 5 3 10 8 6 5 7 3 5 1 7 6 1 6 2 10 8 6 5 8 7 8 7 10 9 7 4 8 6 7 2 3 1 7 9 4 7 9 9 1 1 7 10 2 5 5 1 5 3 1 5 3 2 8 8 5 8 7 3 3 10 3 5 5 8 9 7 8 8 5 5 7 7 8 6 5 10 3 9
4 7 6 6 9 5 5 10 6 4 1 10 4 9 10 5 6 4 5 3 3 8 8 4 8 0 5 3 5 9 9 8 3 8 3 10 7 1 9 7 2 4 9 7 10 6 5 1 5 3 4 3 3 1 1 8 8 7 4 5 6 5 3 2 7 8 10 3 1 3 7 10 4 2 1 2 10 3 4 5 2 5 8 10 6 6 10 4 5 7 6 3 1 5 1 4 3 7 1 2 1 8 9 2 10 6 5 6 9 2 10 4 4 9 8 3 10 7 4 3 1 6 7 8 2 9 7 8 7 10 2 9 8 6 3 2 10 4 8 5 1 3 4 2 2 2 8 7 9 7
8 3 2 9 4 6 1 3 6 5 6 9 7 3 8 6 9 5 8 1 3 5 4 6 10 1 0 2 5 6 9 1 2 9 3 7 9 6 5 6 7 1 3 2 6 5 6 9 10 9 1 8 6 9 5 1 8 5 8 1 4 10 7 6 5 3 7 3 8 5 2 5 1 9 1 2 6 7 10 5 4 5 4 5 7 6 2 1 8 9 2 9 3 4 5 4 8 2 7 8 10 2 5 5 6 7 3 2 4 9 3 4 4 9 7 9 6 1 9 2 4 7 8 1 5 7 1 9 3 4 10 9 3 4 10 1 5 9 8 7 10 4 1 8 6 8 7 9 6 7
10 2 9 5 3 9 8 2 6 6 2 9 6 8 5 8 9 3 10 9 2 3 5 8 10 6 6 0 3 5 3 5 1 6 8 5 10 9 10 8 5 1 9 6 5 4 2 6 5 3 9 5 9 9 9 7 2 4 1 8 5 9 7 2 7 1 5 3 7 3 7 4 7 5 4 1 10 4 9 5 1 3 6 8 8 8 9 8 5 7 10 3 4 7 3 2 4 7 2 9 7 5 10 9 3 8 1 10 8 6 6 5 5 3 10 2 4 9 1 8 2 3 8 5 3 8 6 8 6 7 1 10 1 6 3 3 9 3 3 7 10 9 6 7 8 8 5 10 10 2
1 2 1 6 10 3 3 5 1 6 1 6 10 6 3 9 2 10 4 3 3 2 1 6 5 3 6 5 0 1 10 4 4 2 7 1 9 6 7 10 3 7 6 4 6 1 6 10 2 2 10 3 4 5 5 4 4 6 2 7 2 5 8 6 9 10 9 4 4 9 7 3 4 1 6 4 10 2 7 3 10 9 3 3 4 5 4 1 10 6 7 10 10 8 10 7 9 6 5 9 1 1 5 9 3 9 7 6 6 3 7 1 8 6 7 6 1 6 9 2 6 9 1 6 1 5 5 7 4 5 4 6 2 4 9 7 9 4 5 5 2 1 10 2 6 4 8 10 7 10
9 4 6 10 6 9 7 2 1 7 7 8 2 5 6 10 2 1 6 10 8 10 8 4 10 9 1 8 4 0 9 9 3 8 8 4 8 5 4 4 9 1 9 9 1 2 8 5 10 4 1 2 2 1 10 10 5 8 3 5 3 5 5 7 7 5 8 9 10 5 8 6 2 1 7 1 4 2 9 2 4 6 1 6 4 10 10 10 1 1 6 7 4 6 6 3 3 5 9 5 7 1 7 4 5 7 10 3 9 7 10 7 1 2 7 5 2 5 9 6 7 9 9 9 7 9 9 10 5 8 5 10 3 3 3 4 1 6 9 7 8 9 1 4 2 6 6 9 7 7
9 6 4 6 9 6 1 5 3 4 9 8 9 10 8 5 5 10 3 1 4 3 6 1 2 1 7 1 10 1 0 6 5 3 2 9 5 9 3 9 6 5 3 3 4 8 4 2 1 10 5 6 4 6 10 4 5 1 9 6 3 5 7 3 3 9 2 10 1 10 1 7 5 9 6 7 2 3 10 5 7 7 9 10 7 2 3 10 5 3 5 1 1 2 8 8 4 4 10 1 3 2 8 9 8 9 9 4 8 10 3 1 8 6 1 1 8 1 1 9 10 1 4 1 6 9 4 7 5 4 3 1 7 8 8 6 6 3 9 10 2 5 9 7 4 4 6 3 6 5
2 1 7 4 9 5 7 6 9 3 10 10 1 1 5 6 9 1 6 9 2 10 2 8 3 8 7 10 4 2 10 0 1 7 10 7 5 2 8 1 1 3 10 8 2 3 5 10 4 9 1 2 7 5 2 5 2 7 3 5 5 7 2 4 6 2 8 3 8 10 6 8 8 10 9 4 10 2 5 8 1 7 5 8 8 6 2 1 5 8 4 6 3 5 5 3 7 6 1 10 9 6 7 6 5 2 3 4 10 4 3 8 3 1 6 5 8 3 4 6 5 9 1 5 7 4 9 8 3 2 2 1 7 7 8 9 5 6 1 10 1 4 1 2 8 1 5 3 3 2
8 10 4 3 6 10 7 4 10 9 4 7 3 7 6 9 7 6 6 5 6 2 2 3 4 1 6 1 4 10 9 8 0 3 3 3 9 5 8 4 4 1 1 4 5 7 7 4 7 9 5 2 5 5 8 2 2 7 4 2 3 5 5 8 4 8 6 10 8 2 8 1 1 4 2 2 4 9 7 7 5 10 2 2 8 5 4 9 8 2 10 9 2 10 2 2 6 9 9 10 8 10 2 10 9 10 9 5 3 7 6 9 8 6 6 7 5 2 8 4 6 7 4 1 9 2 5 1 7 2 1 9 2 9 3 6 5 6 5 8 5 6 9 9 7 6 5 3 3 8
5 8 1 5 9 7 5 7 1 10 1 3 10 2 7 5 4 10 6 5 2 9 5 9 4 9 2 9 8 9 1 8 2 0 3 2 9 8 7 10 9 7 4 9 3 1 2 10 10 9 5 6 8 3 1 4 8 10 3 5 6 2 2 4 6 8 3 6 7 9 6 7 2 1 5 3 10 3 9 8 8 2 9 3 2 2 5 5 3 7 4 7 6 5 2 5 1 5 9 9 5 3 6 2 9 4 8 6 8 9 5 8 7 7 1 3 10 5 2 6 8 5 5 6 4 4 10 7 2 2 8 7 3 9 3 5 3 7 2 10 10 7 7 8 9 9 1 4 10 9
6 5 4 10 9 1 1 3 9 1 6 1 2 4 6 6 8 10 9 5 5 3 5 3 5 2 8 6 10 6 7 2 10 4 0 9 7 6 7 3 10 6 8 9 4 10 2 9 7 7 4 1 10 9 7 9 1 8 6 1 4 9 10 7 3 4 1 3 2 6 2 2 4 7 1 1 6 6 6 5 5 4 1 3 4 6 2 3 8 2 8 10 4 1 1 2 5 2 1 8 4 2 10 2 3 10 1 9 2 8 6 4 7 8 7 2 8 8 2 9 1 3 2 9 2 3 7 8 7 5 1 2 6 2 1 2 10 6 1 5 6 9 3 8 7 8 8 2 8 1
5 1 1 5 5 4 1 7 1 1 7 8 7 2 7 1 8 5 9 10 3 7 9 10 4 10 2 2 6 6 9 9 3 4 8 0 3 1 6 4 8 9 1 5 7 10 3 4 7 6 4 7 6 8 2 7 7 1 7 1 8 8 6 9 9 2 1 9 4 10 4 4 10 1 6 9 9 4 6 10 8 6 10 3 4 4 10 1 7 2 9 7 10 1 5 6 8 8 8 3 2 3 3 9 5 8 9 9 8 7 2 7 10 1 7 6 8 6 7 8 1 4 10 9 2 10 6 3 5 5 9 10 2 2 7 4 9 3 5 8 9 10 7 5 6 4 4 10 10 1
8 3 6 8 4 1 4 9 7 10 3 3 9 8 8 9 5 5 8 9 6 4 7 5 3 3 5 1 8 2 2 7 1 6 4 9 0 8 10 3 6 1 10 2 3 5 9 9 3 4 6 2 5 7 5 3 9 8 7 8 5 5 8 4 5 8 9 3 10 7 4 7 4 6 9 5 4 3 6 6 1 7 7 7 10 6 1 9 9 5 10 4 7 5 8 2 6 3 5 2 7 6 5 8 9 2 7 2 6 7 3 10 10 3 2 4 9 8 1 4 5 1 8 4 4 8 3 6 1 9 4 2 7 5 9 3 6 4 1 10 8 9 10 6 5 5 10 10 5 8
5 6 6 10 8 8 7 3 2 4 9 1 8 2 7 3 9 10 5 2 5 10 7 10 3 8 1 5 10 4 9 7 10 2 9 2 4 0 6 3 10 4 10 8 8 2 4 2 10 3 5 8 10 9 10 7 4 9 3 7 10 7 6 8 2 6 9 2 1 5 10 1 10 6 1 7 3 6 8 10 4 4 8 6 9 3 6 8 3 4 10 4 10 2 5 10 5 5 5 3 5 6 4 7 1 7 6 9 9 4 1 9 4 9 8 9 2 6 1 2 1 4 6 9 2 1 1 1 2 2 10 5 4 3 8 2 3 10 1 9 9 9 9 2 4 8 2 2 5 9
8 2 5 8 4 10 3 4 10 3 8 3 8 4 5 7 2 8 8 7 10 10 6 2 7 5 6 2 1 7 9 7 9 9 10 1 4 4 0 8 4 6 3 5 6 6 5 2 1 7 1 2 8 3 1 1 6 6 9 5 3 4 6 5 1 8 9 9 2 1 7 2 5 4 9 5 6 7 5 7 4 8 3 5 6 5 9 5 8 1 1 2 9 1 9 10 6 3 4 4 1 10 5 6 9 10 2 6 10 4 7 1 7 6 3 10 5 8 1 3 3 5 2 9 1 6 2 7 8 4 6 6 10 1 5 2 10 10 1 7 4 1 3 6 6 1 6 2 7 10
6 2 5 6 2 2 3 1 10 2 9 4 1 5 5 3 7 1 6 2 5 9 6 9 2 7 5 5 3 6 9 6 2 6 9 9 10 7 7 0 10 7 6 8 10 4 9 10 2 3 4 2 3 8 4 8 1 1 8 1 8 7 9 2 9 7 10 5 10 2 5 2 7 3 5 3 10 4 4 3 1 2 1 5 9 1 2 10 7 10 10 4 4 5 10 8 5 5 3 3 8 7 4 4 10 8 7 5 2 9 10 4 6 7 3 9 1 4 7 3 1 9 8 9 6 3 10 10 4 1 8 6 10 1 10 8 3 4 4 1 1 7 10 8 6 9 9 3 1 9
5 2 5 6 4 3 5 2 2 1 7 2 10 10 10 2 10 5 9 5 5 3 1 9 10 6 3 10 7 1 9 9 1 1 3 4 5 10 1 2 0 10 9 2 4 2 9 7 9 6 8 4 3 7 10 6 2 1 6 6 4 2 6 9 8 1 10 4 7 1 5 1 8 6 10 8 10 2 9 1 2 1 10 4 7 2 5 3 7 4 10 4 6 2 8 10 5 1 5 2 9 7 5 6 9 4 8 10 2 1 3 10 6 9 7 3 7 4 5 3 10 5 5 5 6 10 8 6 4 7 3 10 5 5 9 8 7 6 8 5 4 1 5 8 4 2 5 8 1 9
4 7 10 2 6 7 4 3 5 2 2 1 4 8 2 3 3 4 5 10 6 9 2 1 6 5 1 5 7 4 4 4 10 5 8 10 10 9 9 3 7 0 4 9 8 6 8 8 1 5 10 10 8 8 6 8 4 10 1 7 3 5 2 8 4 9 5 5 9 1 4 10 5 4 1 3 1 3 8 1 7 1 1 8 4 10 9 2 2 7 4 4 5 3 7 4 5 6 10 9 2 5 5 2 8 4 6 4 5 7 1 3 9 8 1 4 5 10 2 5 2 2 5 6 3 1 7 2 1 10 3 9 4 6 7 9 9 4 4 5 10 9 9 1 1 4 5 2 7 10
7 1 10 8 3 9 8 2 3 10 2 7 6 1 1 1 8 10 1 2 2 5 9 2 7 10 3 10 6 5 5 2 5 6 3 4 7 8 3 7 4 4 0 2 8 9 3 9 3 5 4 5 3 2 6 6 6 1 9 10 8 3 10 9 9 2 4 4 9 9 2 3 2 2 10 2 1 9 10 1 10 10 2 9 3 7 7 2 4 9 10 1 5 3 1 5 10 3 9 6 10 3 1 10 5 1 7 7 2 7 9 4 6 1 6 7 4 10 10 6 7 7 8 4 4 9 3 2 10 3 4 3 5 6 8 10 8 3 4 10 5 3 7 9 1 3 6 2 8 9
7 2 2 7 7 4 2 5 9 4 3 6 6 2 8 10 1 8 3 4 9 3 7 2 6 10 10 7 9 8 3 1 9 3 6 4 1 7 8 9 8 8 4 0 3 3 2 7 10 1 4 7 1 9 5 4 9 8 5 10 5 6 4 1 6 6 9 10 6 10 1 2 1 3 4 8 1 3 6 9 4 3 4 3 3 6 3 3 1 9 5 8 8 3 2 7 10 7 4 7 10 5 4 7 4 9 1 2 8 1 8 6 7 4 1 4 5 4 5 3 2 7 3 9 8 7 8 8 10 2 5 6 10 7 7 10 9 3 9 9 3 2 3 3 6 3 10 9 9 8
1 7 5 1 8 4 1 5 10 10 10 10 2 9 7 3 9 10 8 6 1 10 4 8 5 2 9 1 4 9 2 9 2 9 9 4 5 9 10 3 10 8 1 10 0 6 10 10 2 3 4 2 1 9 10 6 6 3 3 1 1 6 7 7 7 10 10 1 3 3 1 6 5 8 10 6 8 5 5 3 10 4 6 2 8 8 9 7 2 9 2 2 10 6 3 4 6 4 8 3 8 2 8 2 9 4 6 8 8 4 8 7 5 6 5 5 3 5 6 6 1 9 3 5 6 1 9 9 7 10 7 2 7 5 6 5 8 3 4 8 6 4 10 1 9 2 3 1 2 4
6 4 3 6 3 7 4 6 4 9 6 4 1 5 8 3 5 9 5 10 1 7 8 3 2 4 10 6 7 5 5 5 2 7 3 7 1 6 1 9 6 1 9 6 3 0 2 8 10 5 9 8 5 6 7 8 3 1 1 4 10 6 9 7 2 4 6 6 5 1 6 3 8 10 9 9 5 5 4 1 4 7 4 2 5 9 9 4 10 7 5 1 9 5 9 8 4 7 1 10 3 9 8 1 7 7 2 8 7 5 7 9 9 3 1 3 7 4 1 4 1 2 7 3 5 10 6 2 3 5 4 10 10 8 8 8 2 2 3 8 7 5 2 7 3 6 2 7 10 2
2 2 10 2 4 9 8 4 8 4 3 1 1 3 5 5 8 1 5 7 10 8 1 4 7 3 8 7 7 10 3 1 4 8 10 3 9 4 6 4 2 8 6 7 9 10 0 1 5 2 6 6 6 4 4 3 10 9 5 8 2 9 4 10 1 1 1 8 9 2 10 3 3 6 10 9 4 9 10 7 5 3 4 9 6 1 8 5 6 4 4 4 2 10 10 8 3 4 2 9 5 9 4 2 7 2 8 5 7 6 2 8 8 2 6 7 2 1 3 6 8 5 8 1 9 8 5 7 6 1 3 1 6 9 6 4 7 10 4 9 10 7 4 2 1 7 6 5 8 3
7 10 6 10 9 6 9 8 6 7 8 8 4 8 4 3 9 7 7 5 5 2 7 4 5 2 8 7 6 8 6 2 2 6 7 4 2 7 10 8 4 8 6 1 10 2 2 0 6 9 1 10 2 2 10 8 3 6 8 7 1 5 6 1 1 1 4 8 1 10 3 5 1 8 6 7 10 7 5 9 7 5 10 2 3 8 1 4 2 4 10 7 8 9 8 7 6 8 9 3 2 6 5 7 10 2 10 9 1 2 7 3 10 4 9 5 8 8 5 2 7 6 2 3 6 9 1 7 8 1 7 8 8 9 5 2 9 8 3 7 9 10 3 7 2 4 10 1 10 9
3 5 2 1 6 4 3 5 10 6 2 6 10 5 4 10 9 1 2 8 8 1 3 7 10 7 10 3 1 3 1 5 2 6 10 1 2 5 8 2 10 8 5 4 5 7 1 3 0 6 2 1 10 2 10 5 4 7 8 6 6 5 4 5 2 5 5 4 9 4 5 8 2 8 7 3 2 2 7 8 5 5 7 10 7 9 1 8 6 4 1 6 6 7 9 2 4 2 8 2 3 10 8 8 5 6 1 10 4 10 8 6 6 1 2 7 9 3 10 3 8 6 1 10 1 6 10 1 6 9 10 4 6 4 3 1 7 9 7 3 5 2 5 6 7 9 8 10 3 9
3 10 10 5 9 1 6 4 9 3 9 3 7 3 2 2 5 3 5 8 3 8 7 10 1 10 2 6 2 1 10 6 3 10 5 3 9 5 1 4 10 2 8 9 1 7 1 10 6 0 8 3 10 9 7 4 1 6 7 5 1 9 7 4 7 4 3 1 3 2 4 6 6 10 1 2 9 9 2 9 5 3 5 2 10 4 9 5 6 1 2 9 2 8 8 1 9 1 9 3 8 6 10 4 7 9 9 1 5 8 1 10 8 8 9 2 9 5 2 3 6 9 6 5 9 7 9 3 10 3 9 5 1 5 10 10 10 9 8 7 3 10 4 9 9 7 9 6 8 1
3 9 3 7 9 2 5 9 7 1 1 7 9 2 10 6 10 2 1 8 7 7 7 10 9 5 6 10 10 6 7 6 3 10 6 6 2 8 9 3 5 3 7 4 7 8 8 1 7 9 0 2 5 9 5 7 7 10 2 8 7 8 5 9 2 9 4 4 2 1 2 5 9 6 4 9 5 5 2 6 7 10 4 1 9 8 7 8 1 1 6 7 4 2 2 5 4 4 3 4 8 8 8 4 9 3 3 5 9 8 6 8 5 4 10 8 4 5 5 2 10 8 4 7 8 9 1 4 5 10 1 5 5 2 5 10 8 3 3 6 8 6 6 2 9 10 4 6 7 9
7 9 10 7 10 6 2 1 10 7 3 8 6 6 6 6 3 4 3 6 4 1 5 9 3 9 6 5 9 5 2 1 10 1 7 8 1 8 3 9 4 7 5 9 2 10 4 6 2 10 6 0 5 9 2 7 2 8 7 1 9 5 2 4 5 3 7 4 6 3 4 10 1 2 5 6 4 2 6 9 10 4 10 6 6 1 6 2 7 10 6 8 8 6 10 2 7 8 2 10 1 2 9 2 1 1 7 3 8 10 1 6 6 6 8 7 3 3 1 4 4 2 6 3 6 10 3 1 7 1 1 1 3 10 9 5 2 4 5 1 10 3 2 3 4 1 6 9 7 6
7 8 1 1 10 4 10 8 4 5 7 5 2 10 7 8 3 9 4 1 5 2 1 9 5 3 5 5 4 2 6 4 9 5 8 1 5 4 9 9 10 4 2 5 10 8 10 9 8 6 9 8 0 7 5 5 7 3 10 2 8 9 5 10 8 8 4 5 4 1 10 9 10 1 6 8 5 9 9 8 7 4 6 1 2 2 3 1 1 8 3 3 8 9 9 9 7 1 1 10 9 8 7 9 9 5 6 10 9 4 7 5 7 6 5 5 10 10 3 10 3 5 3 1 10 1 8 8 6 1 8 7 10 8 5 4 4 9 5 9 6 5 8 8 5 3 9 6 9 9
4 4 10 6 2 2 3 6 4 3 6 5 6 9 7 10 8 2 3 2 9 5 5 2 7 7 1 7 5 9 3 4 3 3 2 9 4 7 6 3 6 10 9 10 4 1 3 7 9 10 6 8 1 0 1 7 3 9 6 9 9 3 4 5 4 9 10 10 6 8 3 5 4 4 2 2 7 1 9 4 6 1 3 7 8 3 2 4 1 8 5 9 1 10 5 6 7 9 3 4 8 5 8 7 9 9 3 1 3 6 4 3 1 9 1 4 8 1 9 4 5 1 1 8 5 5 10 10 9 5 9 3 7 1 9 3 4 1 2 2 8 8 8 9 5 6 7 8 2 7
1 2 9 9 4 1 2 5 7 6 6 6 5 5 2 4 8 5 2 8 3 2 10 3 7 5 10 5 3 10 5 8 4 10 3 10 7 9 2 1 7 10 6 3 2 7 4 4 5 3 10 9 2 7 0 7 9 4 7 9 2 4 5 8 10 3 5 6 5 9 5 5 10 8 9 9 8 10 5 6 4 8 6 1 6 4 8 7 7 2 10 5 2 10 2 10 5 5 7 2 5 7 2 7 8 5 10 7 8 7 3 6 5 1 9 6 6 3 10 2 8 10 3 8 9 5 2 10 5 2 8 5 6 4 2 6 6 2 8 1 6 9 6 10 6 5 4 3 3 4
9 9 9 1 1 10 8 7 10 3 3 4 7 1 3 5 10 1 9 6 9 2 8 9 4 5 8 8 3 10 5 7 5 6 9 2 7 10 8 4 5 7 2 5 9 7 2 8 2 8 5 7 9 2 9 0 5 4 7 10 6 8 2 8 3 2 10 7 2 7 9 5 1 3 9 5 5 1 3 5 4 6 5 3 10 7 10 9 5 10 9 8 1 10 7 8 4 7 7 7 4 3 1 7 2 3 7 10 3 10 8 5 8 6 6 4 9 5 2 6 6 5 4 10 2 10 10 9 7 8 8 4 1 5 1 4 10 9 9 7 10 9 5 7 3 3 6 7 3 8
8 10 9 6 10 3 6 10 5 9 7 4 2 2 8 9 1 8 5 9 1 2 6 1 2 10 8 9 7 2 1 7 8 7 1 7 1 3 2 10 4 9 5 4 7 10 9 9 6 3 10 5 4 1 2 9 0 10 8 3 10 6 6 5 7 1 8 8 6 9 6 5 4 9 10 7 10 5 10 10 1 7 9 9 4 2 8 7 7 4 7 8 7 3 6 9 4 9 8 1 1 7 2 1 10 6 1 9 8 5 2 5 10 9 6 5 10 10 8 9 5 1 2 2 1 1 5 3 9 1 1 9 1 2 3 5 2 5 4 3 9 8 9 8 6 4 8 3 1 2
7 9 9 5 5 7 10 10 10 3 7 3 2 9 2 1 7 5 4 10 5 8 6 4 3 5 4 6 2 2 1 8 8 6 4 8 7 1 4 6 3 3 10 9 6 6 6 4 5 5 3 3 4 2 8 3 6 0 7 4 4 5 1 9 9 8 10 2 9 6 3 5 4 4 9 5 1 3 7 6 3 8 1 5 4 5 9 10 7 4 4 3 9 10 4 4 7 9 10 7 6 8 10 10 1 10 4 9 4 3 3 1 7 10 1 5 4 7 3 5 10 3 10 3 5 2 8 6 9 2 10 9 10 3 10 6 8 7 10 8 4 3 7 10 4 7 1 10 7 4
4 3 7 5 4 2 6 6 1 6 10 3 4 9 6 8 7 10 9 2 5 8 10 4 9 7 3 6 3 9 10 3 8 2 8 3 2 5 4 10 10 7 7 3 4 2 7 3 4 8 1 8 3 9 5 7 6 9 0 7 6 4 6 3 3 1 6 10 5 4 4 6 7 5 8 7 6 10 8 10 9 5 2 6 10 2 8 9 10 4 9 4 8 7 7 10 10 8 8 5 7 7 10 9 3 5 2 4 1 10 6 7 6 9 7 7 2 7 7 5 2 7 4 9 9 6 9 8 6 7 5 9 2 10 2 2 9 10 1 1 2 6 5 4 5 9 4 5 7 8
5 5 6 4 3 4 1 7 8 7 7 7 6 5 8 10 9 4 10 9 6 8 6 7 7 7 1 8 6 7 3 9 8 9 5 6 8 2 2 9 6 9 9 1 2 6 9 9 2 5 6 8 6 1 4 4 9 10 8 0 4 8 10 5 4 4 8 6 1 6 4 9 7 10 8 7 8 6 5 9 1 1 1 4 7 3 1 7 1 5 1 10 8 3 3 5 6 2 5 8 6 10 9 7 6 10 2 1 8 8 7 2 4 10 7 6 4 7 8 5 10 5 10 4 10 2 4 3 2 1 6 7 10 7 7 5 9 5 10 3 2 7 10 6 9 6 4 2 6 2
3 5 4 7 2 9 10 1 9 5 9 10 3 8 10 2 1 1 6 4 1 3 5 9 7 2 5 7 6 6 10 2 8 8 8 4 7 4 7 10 5 4 5 6 2 2 7 10 3 3 4 4 3 6 2 5 8 4 9 2 0 5 6 8 4 10 1 10 10 2 2 1 10 10 9 10 2 10 8 10 5 10 10 2 5 1 8 6 6 9 4 6 4 9 1 2 8 5 10 1 2 7 3 3 7 2 6 6 3 5 4 1 2 9 5 7 2 4 1 7 7 2 2 6 7 3 1 9 1 9 3 7 5 8 6 4 10 8 7 8 4 1 6 9 2 10 4 1 7 8
4 2 8 6 9 6 2 4 8 3 3 5 8 4 5 7 6 6 10 7 2 9 4 5 5 10 5 6 3 8 9 7 10 7 8 2 7 3 6 7 7 9 1 2 6 5 6 5 7 4 5 9 10 3 2 3 6 8 4 2 10 0 4 3 3 3 8 8 8 4 9 6 7 1 4 6 5 3 1 10 4 10 10 10 3 4 8 10 6 9 9 3 9 1 9 9 6 7 7 6 6 3 4 10 4 6 2 10 9 2 2 8 8 9 6 10 3 9 9 5 6 2 1 2 6 5 7 10 2 7 1 5 8 7 5 3 6 6 2 1 1 10 9 5 9 4 5 1 5 2
6 6 3 1 1 5 9 1 2 1 6 7 2 4 7 6 3 3 4 2 10 10 1 10 4 8 4 5 1 7 7 8 7 6 8 5 10 1 2 2 3 2 1 8 1 4 2 5 6 8 9 1 10 2 8 7 2 2 6 8 1 6 0 4 5 4 9 4 9 6 4 10 1 9 10 8 6 3 2 2 1 6 8 4 4 6 2 10 2 5 2 3 7 8 6 10 9 4 10 10 10 10 8 1 2 5 1 4 4 4 7 5 5 3 10 1 6 1 7 5 4 10 7 10 1 2 10 3 4 3 9 5 5 6 1 2 8 9 3 10 6 2 1 6 5 7 7 5 7 2
10 1 6 4 10 4 8 2 9 7 10 6 5 1 3 5 6 3 3 10 4 2 6 8 7 5 9 8 10 2 7 2 9 7 3 9 4 8 5 9 7 7 3 1 6 9 5 8 6 6 10 10 4 1 1 6 1 5 6 9 9 9 9 0 7 5 4 6 7 5 1 9 10 8 2 2 6 6 10 9 2 5 4 10 5 10 10 9 10 8 3 10 2 6 10 5 10 6 8 2 9 4 4 1 2 7 5 3 7 5 6 3 3 4 2 7 5 5 1 8 6 1 4 1 3 3 6 1 1 9 7 8 7 7 3 7 10 9 10 4 10 1 1 1 10 3 4 9 9 7
2 4 4 5 10 3 8 6 6 1 6 10 7 5 9 4 4 10 3 1 9 2 1 7 9 4 6 9 5 1 6 6 9 8 9 4 9 5 6 10 4 8 6 5 6 3 1 8 8 6 8 8 2 9 7 5 10 3 5 2 2 7 8 5 0 10 5 10 5 1 1 10 6 1 6 3 6 7 2 1 9 6 4 8 9 4 7 7 8 6 7 2 2 6 6 6 3 5 6 7 6 6 3 8 1 10 8 1 5 3 8 9 8 4 4 7 9 2 3 8 4 6 2 9 3 5 1 5 2 4 6 2 4 8 10 1 8 7 1 10 9 10 8 1 3 6 3 3 7 4
4 1 4 2 9 5 10 7 3 9 1 9 4 6 3 10 6 1 2 3 10 5 7 8 8 10 8 6 9 3 10 9 1 10 8 4 2 10 1 2 4 8 7 4 10 6 5 3 10 2 3 1 10 8 4 9 6 2 6 3 4 4 9 8 6 0 7 2 4 1 10 1 3 4 10 8 6 10 3 3 3 9 10 6 2 5 6 2 9 4 1 6 1 1 10 4 1 4 7 4 9 6 3 1 6 3 10 8 7 4 6 7 10 8 10 7 9 3 4 3 8 1 1 5 1 2 1 7 4 3 8 4 10 4 5 10 7 2 2 9 7 3 1 10 3 6 8 7 7 8
7 2 8 2 10 3 8 6 4 10 4 9 7 7 2 3 7 9 2 3 3 6 2 2 8 3 1 5 8 1 8 3 5 8 10 9 8 2 10 4 10 1 10 2 5 8 3 4 7 1 6 4 3 5 7 3 2 7 8 3 2 5 5 1 5 10 0 6 4 2 1 3 9 2 8 2 4 2 6 10 3 4 8 8 5 3 7 5 7 6 1 5 2 2 8 3 2 8 3 6 9 10 2 5 7 9 9 8 7 2 8 2 3 10 3 7 6 10 8 7 1 2 2 5 3 3 8 8 10 5 3 4 4 10 10 3 3 7 8 3 8 6 8 8 2 5 3 1 5 9
9 1 9 1 8 2 8 7 4 2 10 2 1 10 6 5 2 10 1 5 10 1 6 9 4 6 8 3 8 6 8 1 8 5 9 5 1 5 3 8 6 3 3 3 1 4 9 7 10 6 3 9 10 8 5 3 9 2 8 10 10 10 7 7 2 1 2 0 3 8 4 4 1 9 7 4 6 2 9 10 2 9 6 7 10 8 10 8 5 2 8 9 2 6 6 5 5 6 9 3 5 8 2 3 10 5 6 6 2 10 10 1 10 3 3 5 7 10 1 6 1 1 6 6 2 10 10 1 4 5 4 2 3 3 1 10 4 6 3 7 6 8 7 8 10 2 9 4 5 6
7 3 1 9 7 9 5 9 8 9 10 10 7 1 4 9 8 1 5 3 5 3 8 3 3 2 3 10 3 5 10 6 4 7 6 2 9 4 8 9 2 5 2 9 10 5 4 2 6 5 9 4 4 9 5 2 6 1 6 5 3 6 6 9 9 1 7 10 0 3 4 5 9 6 1 4 10 6 10 5 7 9 10 4 2 10 4 2 4 4 7 3 9 8 7 9 7 4 3 6 10 3 3 2 7 10 9 3 3 3 1 6 5 10 4 10 3 6 8 1 5 3 9 2 9 10 7 9 10 5 4 8 2 1 10 7 6 10 10 10 3 10 4 9 2 2 10 2 10 8
4 10 5 7 2 4 9 6 10 6 5 10 8 9 9 7 5 9 1 6 4 2 5 9 9 7 4 9 1 5 10 2 4 7 9 2 8 7 3 10 3 1 1 8 1 2 8 8 7 9 7 8 4 2 9 6 8 8 4 7 8 4 2 7 2 3 9 3 10 0 4 2 3 3 7 1 3 3 9 10 10 2 9 8 9 8 2 5 3 6 10 4 8 5 6 7 4 10 8 9 5 5 9 6 8 8 7 7 10 2 4 5 4 6 9 3 7 1 8 4 4 7 9 4 4 4 6 8 8 4 7 6 7 8 3 2 4 3 6 1 2 2 7 4 8 2 7 6 6 8
1 1 4 3 8 1 8 5 4 2 9 5 10 9 2 5 4 6 5 5 4 5 5 2 2 2 7 8 4 4 4 10 7 8 2 7 6 5 5 2 6 10 9 8 9 7 3 10 1 10 2 1 1 8 9 7 10 6 8 8 7 5 4 6 7 9 5 2 3 5 0 5 4 6 8 9 7 7 7 6 1 3 4 7 2 2 10 9 9 9 7 3 10 4 10 3 10 6 8 7 6 10 1 6 1 10 3 7 3 8 8 9 2 2 9 9 1 5 8 4 3 9 3 1 2 2 1 3 3 4 10 7 10 2 2 10 3 6 10 6 1 5 9 5 9 5 5 1 10 1
1 10 5 8 3 5 1 4 6 4 8 9 10 1 5 5 6 5 5 4 1 2 4 4 1 9 4 9 3 6 7 5 7 4 10 9 8 8 3 8 1 9 7 1 7 5 5 4 7 6 8 2 6 4 9 10 9 10 6 10 1 9 1 9 10 5 1 4 8 1 4 0 10 3 10 10 3 7 5 7 5 8 1 8 5 10 7 6 2 1 1 4 10 9 10 9 10 6 3 3 9 7 4 3 1 9 5 5 2 10 1 3 1 2 5 8 8 5 3 8 5 4 9 3 9 3 4 8 5 4 7 9 2 5 3 4 9 3 10 3 2 10 4 7 9 8 9 1 10 1
1 3 5 6 7 3 9 10 5 10 6 6 2 9 8 6 6 4 3 6 10 5 2 4 1 9 6 5 3 1 4 2 10 3 9 10 10 7 2 10 5 2 5 4 2 10 10 4 3 5 6 1 10 10 4 8 7 3 8 10 4 2 6 2 6 4 8 5 2 2 2 10 0 9 2 8 1 2 5 3 9 8 5 7 1 7 6 10 8 8 1 1 6 5 10 5 7 6 4 1 10 9 9 7 8 8 4 6 8 3 5 1 5 7 9 10 6 2 7 8 7 2 6 8 4 8 6 1 4 6 3 10 7 7 9 10 8 8 8 2 6 1 8 2 3 3 10 3 6 4
9 4 9 1 6 10 2 10 8 1 10 3 4 8 3 4 8 1 6 8 3 5 7 6 1 8 10 3 1 4 9 2 7 4 7 7 10 10 10 1 5 10 7 5 6 1 1 7 4 2 1 2 10 9 6 5 6 5 7 1 9 6 4 7 2 4 3 3 1 6 3 4 3 0 10 4 1 8 10 7 1 2 10 9 1 3 9 1 5 1 10 10 9 1 8 4 10 3 7 5 3 7 8 6 5 3 9 10 8 9 6 2 3 1 8 6 3 3 2 6 3 8 9 5 2 7 3 10 8 7 2 4 5 10 7 4 10 3 2 10 6 2 3 3 7 1 2 9 7 1
2 3 3 8 10 5 9 3 3 4 4 7 2 6 10 5 4 10 8 1 7 7 8 10 4 3 1 7 3 9 2 8 4 10 9 8 6 9 3 10 10 7 6 8 8 9 5 1 5 1 4 6 7 9 2 8 5 3 6 6 10 10 2 9 6 3 8 1 8 2 10 4 3 10 0 9 4 2 2 1 6 5 8 8 4 3 10 6 2 7 10 6 2 6 10 7 9 4 7 3 6 7 1 6 9 4 9 8 8 3 2 6 10 4 1 4 2 4 4 2 2 6 4 3 1 8 3 8 9 9 9 6 7 7 3 5 8 6 8 9 4 7 2 5 4 6 10 7 7 10
9 1 7 4 1 3 1 2 10 4 10 5 4 7 6 10 6 10 8 2 4 4 7 1 8 7 10 1 1 2 5 10 4 10 2 8 5 6 5 1 8 5 8 8 5 5 6 1 9 1 2 8 8 1 6 6 9 10 1 6 9 7 1 9 5 1 2 7 1 1 10 8 3 2 5 0 3 9 2 10 8 10 7 2 3 9 3 10 7 5 8 2 8 8 7 9 7 9 5 7 5 10 7 4 6 4 1 7 5 4 1 3 10 10 3 3 1 4 9 6 2 6 6 1 10 2 10 7 7 8 6 3 7 8 7 2 8 1 7 3 10 5 10 10 6 5 7 8 1 2
1 4 6 9 9 4 1 10 8 10 6 5 8 1 2 8 3 5 1 7 4 10 7 1 1 8 10 9 9 5 9 1 8 9 6 7 7 2 8 2 10 8 5 2 3 6 1 5 7 10 4 1 8 7 1 10 5 10 8 2 1 7 3 5 3 10 2 7 10 4 6 8 6 1 6 8 0 9 10 7 7 4 4 7 9 3 8 5 2 10 1 10 10 4 2 10 2 9 1 3 10 6 10 9 3 2 2 2 9 5 2 8 1 6 1 3 3 3 1 7 2 8 10 2 2 1 9 7 1 5 2 10 7 1 10 5 3 7 7 2 2 8 1 7 8 4 7 3 4 6
9 7 8 1 10 10 3 10 3 2 1 3 3 4 1 2 2 1 4 10 2 4 3 9 7 3 7 6 3 9 7 6 3 3 10 9 3 9 5 9 8 10 5 1 1 8 2 6 6 7 3 7 2 4 6 5 4 10 6 8 9 10 9 9 7 3 9 2 3 4 6 7 3 4 5 2 6 0 4 1 3 6 1 5 5 5 6 4 4 4 6 2 10 5 3 2 8 1 10 2 6 10 4 10 7 6 9 9 5 3 3 4 2 4 8 1 4 7 7 9 1 2 5 8 4 9 10 7 3 5 8 9 8 9 9 8 10 10 8 9 4 5 4 1 6 4 1 6 7 10
6 5 4 1 5 2 1 8 2 4 3 9 7 1 5 4 2 3 5 6 4 6 4 3 3 4 7 6 5 10 10 5 9 9 2 8 4 5 6 6 2 3 1 10 5 1 4 5 10 9 9 9 6 8 9 7 6 4 6 2 9 9 2 4 1 7 7 9 7 9 9 8 2 9 5 3 3 8 0 3 6 4 5 8 1 9 5 6 7 9 8 6 8 9 7 8 5 3 7 5 6 4 8 9 10 9 9 8 9 6 8 5 8 3 6 2 6 3 7 2 2 7 7 5 6 3 5 5 2 1 4 3 1 5 6 4 4 1 7 6 8 2 3 8 1 3 5 6 10 2
9 7 9 5 7 10 6 6 4 7 10 5 8 10 10 3 1 10 9 4 4 5 8 7 8 5 3 8 4 6 7 10 10 2 9 4 4 5 3 8 1 9 10 5 1 5 1 6 3 4 2 5 2 9 9 2 7 7 9 6 8 3 7 7 7 6 10 2 8 5 3 3 10 4 5 6 7 6 3 0 5 4 6 9 3 2 5 4 3 10 2 10 5 1 6 5 9 2 6 7 5 7 9 10 1 1 1 10 9 2 10 5 4 9 1 3 8 10 8 6 4 5 4 9 2 4 4 2 3 1 4 7 4 9 8 3 2 9 3 1 4 7 3 8 2 1 3 1 7 5
9 9 4 9 10 5 9 7 7 2 6 9 10 1 1 5 3 1 4 7 9 3 8 4 5 6 2 9 4 8 9 3 2 5 7 1 4 7 5 9 10 9 4 5 6 8 2 6 5 5 1 1 2 9 10 2 8 5 3 3 10 3 1 6 5 9 9 10 1 9 6 10 7 10 4 9 1 2 2 6 0 9 1 8 9 2 1 10 6 5 9 4 7 6 4 7 2 4 4 4 7 8 3 7 5 7 2 9 2 8 6 4 1 8 4 5 10 2 6 7 7 9 6 2 8 9 6 4 2 8 8 9 5 2 3 9 8 9 3 5 6 8 5 5 8 4 6 10 8 3
7 1 2 6 7 8 8 8 4 10 1 10 6 10 3 8 1 5 6 2 8 2 7 3 6 2 5 9 7 3 3 4 5 6 5 1 8 1 10 8 2 7 1 8 8 8 1 7 8 1 5 8 3 10 6 6 1 7 3 2 7 7 2 1 9 9 9 3 8 1 5 5 3 7 7 10 3 1 1 1 6 0 2 2 8 6 9 1 7 1 8 7 7 8 2 6 1 3 1 3 2 3 2 9 4 7 3 7 3 3 4 1 7 10 2 10 10 6 1 8 2 4 5 4 2 6 8 6 5 4 5 10 2 2 5 7 4 5 2 6 6 4 6 8 6 9 2 10 10 1
10 4 1 4 9 2 3 9 6 5 4 3 9 1 6 8 6 10 6 8 7 8 4 7 3 8 3 10 8 9 8 10 2 4 4 9 1 8 2 9 9 6 1 10 1 4 3 9 4 2 2 6 7 5 5 9 4 10 2 1 2 9 10 3 7 6 10 7 9 7 1 9 5 8 4 9 3 5 8 8 7 6 0 10 2 3 5 8 8 7 10 3 2 4 7 9 8 6 1 5 4 10 3 5 1 3 3 10 6 8 4 3 5 2 10 2 10 10 10 10 10 6 2 2 1 5 1 10 5 6 9 10 4 6 3 9 1 9 5 10 9 3 8 1 2 5 1 9 8 2
6 1 7 2 3 7 4 2 8 10 5 2 10 9 7 9 3 7 4 5 1 2 10 2 10 1 1 6 10 8 7 5 9 8 2 6 5 2 6 5 3 6 6 10 3 4 10 4 2 1 4 7 7 3 8 8 3 2 5 6 4 5 5 5 9 7 2 2 8 1 1 9 6 2 10 2 9 7 8 3 6 6 8 0 6 4 5 4 1 7 5 4 6 10 1 5 9 6 10 3 4 3 8 4 7 4 8 9 6 9 8 4 5 8 2 3 7 10 10 2 3 2 6 8 6 5 10 3 8 2 4 5 2 8 3 6 4 2 9 7 7 5 5 9 8 9 5 9 6 5
6 5 6 2 5 6 10 6 10 9 1 3 3 9 7 2 8 10 7 9 6 5 2 8 1 10 7 2 6 6 10 8 8 6 4 5 8 7 8 10 10 8 8 6 3 4 10 1 2 8 1 3 5 8 5 2 7 8 4 9 5 9 3 6 5 1 8 7 4 5 6 6 8 4 1 2 10 9 2 6 2 8 4 4 0 6 6 5 5 5 4 5 9 7 2 4 3 9 3 8 2 6 3 10 4 10 1 6 7 3 6 1 9 6 1 7 6 7 4 1 1 10 4 3 10 1 1 5 6 7 7 3 1 9 10 9 7 4 2 3 2 7 9 7 4 1 6 7 9 9
6 3 6 7 7 10 10 6 9 1 5 8 9 10 4 2 6 9 2 10 5 7 4 10 10 5 7 3 1 6 8 1 4 5 6 2 5 10 9 3 1 5 5 10 3 6 1 3 6 8 1 10 9 8 8 6 4 1 5 8 7 3 6 2 7 3 1 7 6 2 9 10 8 7 8 1 9 7 5 9 8 4 7 4 9 0 7 8 1 3 7 5 9 9 3 3 2 10 3 8 7 4 8 6 9 5 9 7 4 3 4 7 10 5 8 10 1 5 1 1 5 4 5 9 1 2 3 6 10 7 6 2 3 6 6 10 2 4 10 8 2 5 7 8 2 10 10 3 5 6
9 2 6 4 3 10 6 10 7 1 4 6 7 8 4 7 4 6 5 4 4 6 3 6 4 1 2 10 10 8 10 2 9 8 2 1 9 5 2 5 4 2 7 10 10 6 3 2 5 7 5 8 2 4 1 7 10 6 3 4 4 9 9 4 10 1 2 7 6 7 1 4 2 1 2 4 4 10 10 2 4 2 9 9 6 9 0 4 9 2 3 9 8 10 5 8 8 1 8 9 10 5 1 1 10 3 1 2 9 8 3 1 7 7 7 8 4 10 10 4 4 1 4 9 6 2 5 2 7 7 5 6 1 4 1 10 10 2 6 3 6 3 9 1 10 6 4 1 1 6
7 9 10 9 8 6 2 5 8 5 5 1 10 9 10 10 6 7 9 8 5 5 4 1 10 6 5 8 3 9 10 7 5 6 4 4 10 5 2 3 9 3 5 6 1 6 3 7 3 2 1 1 5 6 2 4 3 3 7 4 7 7 5 9 5 6 7 4 7 6 10 9 6 7 9 7 2 7 9 9 4 10 10 5 5 10 4 0 4 10 10 3 10 5 8 6 3 7 3 10 10 3 5 8 1 6 7 5 2 9 8 2 5 2 1 10 5 5 3 5 2 8 6 7 1 9 2 1 2 2 2 1 1 1 4 5 6 9 7 9 8 3 4 3 9 5 8 7 9 10
5 7 1 4 8 8 6 7 10 5 1 3 3 4 8 1 2 4 6 3 5 8 4 2 1 9 4 1 4 3 7 1 7 10 2 3 3 6 6 9 3 1 5 4 10 5 4 8 8 2 8 1 1 7 5 4 3 8 4 7 4 9 9 7 10 5 10 7 4 5 7 6 5 10 8 2 9 9 7 2 5 9 1 8 7 4 2 7 0 7 1 6 5 5 7 7 1 2 9 1 1 10 10 2 4 1 6 4 8 7 4 7 1 1 5 8 5 6 6 10 7 7 1 3 6 4 9 8 7 2 1 5 8 10 1 6 1 7 1 10 8 4 4 7 5 5 8 9 9 9
10 3 6 6 2 6 5 2 1 5 10 2 6 3 5 1 3 3 7 2 8 3 3 10 1 2 4 8 8 3 8 1 10 10 4 4 8 10 5 6 6 10 3 8 5 1 6 2 1 6 5 5 2 8 4 7 9 7 9 6 10 8 5 8 8 10 9 8 6 6 2 8 9 10 5 7 4 7 3 5 1 9 3 8 4 9 10 9 6 0 6 8 5 4 2 4 8 3 1 3 1 5 5 2 10 7 6 8 5 5 8 3 7 2 3 3 1 4 1 9 3 6 1 6 7 10 1 8 4 3 10 1 8 2 10 1 1 6 8 8 10 6 1 1 10 10 8 4 4 5
2 8 5 3 3 4 8 5 2 9 4 2 4 4 6 10 1 3 6 1 8 7 2 10 6 3 5 1 3 5 9 5 6 6 10 7 10 5 1 4 9 6 4 7 2 9 4 2 9 5 8 7 4 7 6 8 4 3 10 8 7 5 10 3 1 6 7 1 5 7 3 10 4 10 5 6 1 3 5 1 6 9 2 1 6 9 4 5 9 4 0 4 8 10 9 9 9 3 3 9 9 3 1 2 8 5 10 5 10 5 10 10 5 1 3 9 8 3 2 3 7 2 2 3 4 2 5 8 9 3 9 1 8 8 7 5 4 2 6 6 5 3 1 2 6 10 2 7 1 3
1 3 3 9 7 7 1 5 4 4 7 6 4 1 5 9 8 2 4 6 8 1 4 8 3 4 5 1 4 3 7 2 1 4 4 4 5 7 1 8 6 1 5 5 10 3 2 5 7 10 9 10 2 8 3 8 7 4 10 4 9 4 6 9 10 6 2 4 5 1 9 2 9 9 8 8 4 10 7 1 1 3 7 2 1 6 8 3 8 1 2 0 4 7 2 4 5 3 3 5 9 3 4 8 9 2 7 5 3 4 7 10 7 9 2 2 5 4 2 8 4 8 6 8 3 3 4 1 3 10 8 7 6 6 3 2 8 3 6 5 8 8 5 5 9 2 3 10 3 10
1 9 9 3 9 7 7 10 6 8 8 7 5 2 5 10 5 3 1 8 3 9 6 5 8 5 9 1 6 9 7 9 5 8 10 8 9 5 6 9 5 4 8 3 5 9 6 6 1 9 4 8 3 9 5 6 1 1 10 3 4 5 8 9 4 1 10 5 9 9 10 3 8 4 5 6 6 7 5 10 5 7 6 8 1 6 8 10 10 1 3 10 0 6 7 6 1 1 10 2 5 8 1 1 6 3 9 9 3 8 5 2 10 10 6 4 8 5 1 9 4 4 10 6 8 10 6 1 10 5 5 4 1 3 1 2 2 2 6 8 10 5 5 8 3 2 6 2 1 5
9 10 8 3 6 5 9 7 8 1 7 6 7 10 5 8 5 2 6 4 10 6 6 7 7 2 6 4 3 4 2 2 3 6 1 3 10 6 10 10 10 5 4 7 10 1 5 6 10 10 10 9 10 4 7 5 2 9 7 10 5 1 2 6 7 9 5 2 10 8 7 3 6 3 8 9 5 8 1 3 4 2 1 6 7 5 3 3 8 3 5 2 9 0 2 5 7 10 8 2 2 9 1 8 2 7 3 2 8 3 9 2 4 10 8 10 9 1 6 6 10 9 8 10 1 8 3 7 4 2 5 2 1 6 8 9 1 2 6 10 3 2 9 5 5 7 9 1 9 7
6 5 2 10 9 3 10 7 10 10 9 6 5 10 4 5 3 5 9 7 3 10 5 6 4 4 8 4 9 8 3 9 9 6 6 3 1 10 1 10 4 2 8 5 6 4 4 1 9 10 6 9 3 8 2 9 1 5 6 3 2 8 7 1 6 10 2 9 6 9 3 5 5 7 4 4 4 7 4 10 4 8 1 8 6 5 3 3 2 8 3 1 9 5 0 5 5 3 2 9 8 7 6 7 1 6 10 10 4 3 10 3 2 8 6 1 4 8 10 4 6 3 7 3 4 3 4 4 1 10 9 1 6 8 8 5 3 1 9 7 6 5 4 8 2 2 8 3 7 8
5 5 3 1 7 4 2 9 7 5 6 10 3 1 5 1 2 2 2 4 9 2 10 4 5 6 10 2 10 7 4 3 1 10 9 8 10 2 8 5 7 10 10 5 5 2 2 1 10 9 4 8 9 1 8 6 5 1 4 7 5 10 8 7 1 8 10 8 10 5 5 3 10 5 10 7 10 4 10 8 6 2 5 2 4 4 10 1 6 9 7 10 5 9 7 0 5 6 5 2 7 5 6 6 3 8 10 2 10 3 2 5 9 4 4 10 1 8 10 6 3 4 9 3 10 2 6 2 1 1 5 7 9 3 3 1 3 5 2 10 8 10 9 1 5 4 2 4 7 9
6 9 2 4 8 2 4 9 5 2 2 3 5 7 6 10 2 4 8 4 3 5 8 6 7 9 1 6 2 1 3 8 7 5 5 1 7 4 7 8 3 7 3 9 2 7 7 8 7 5 3 9 10 6 10 7 2 7 1 4 5 7 7 1 9 1 6 1 6 7 4 2 4 10 1 6 7 4 5 1 6 5 9 4 4 4 5 7 7 6 1 6 2 10 5 9 0 8 3 3 3 2 9 4 10 8 10 10 10 6 3 5 7 6 4 2 8 3 7 4 8 8 9 1 9 8 4 4 6 8 4 2 3 6 10 2 3 4 10 10 6 4 6 3 7 10 6 9 4 9
9 6 9 2 6 4 9 2 1 4 6 10 4 2 8 3 10 3 6 7 9 9 1 5 10 9 10 10 7 8 3 2 10 9 2 3 1 1 8 3 8 4 7 2 2 5 8 4 8 5 9 10 6 4 10 7 10 6 1 2 10 6 3 6 6 10 9 6 9 5 2 4 2 2 8 4 2 1 7 4 6 2 7 7 1 3 9 8 6 7 3 10 5 1 7 4 5 0 1 3 9 10 7 9 1 4 1 5 3 8 9 6 10 1 1 3 8 5 10 7 8 6 10 9 1 4 2 8 2 1 8 9 3 5 6 2 2 3 2 8 10 4 1 3 6 7 2 5 3 7
9 2 7 5 10 6 3 1 2 3 1 4 8 4 8 8 5 4 4 5 3 1 10 4 5 9 9 5 3 9 4 8 8 1 5 1 2 2 10 10 6 1 7 5 3 5 5 1 2 4 2 8 1 4 8 8 7 5 8 3 5 9 4 3 8 9 3 7 3 3 2 10 9 10 4 5 6 1 7 6 3 5 7 8 4 9 1 7 10 7 5 2 2 5 3 9 9 6 0 7 9 10 7 5 9 3 7 9 5 7 3 8 2 4 3 9 9 10 2 4 8 4 10 4 2 5 4 3 2 5 6 7 9 4 6 5 8 3 10 1 4 2 1 7 1 10 3 6 7 8
6 4 5 2 4 10 10 3 7 5 2 8 6 8 1 3 2 3 9 1 4 9 6 7 9 1 3 3 3 10 10 1 2 4 9 9 8 6 10 5 6 1 6 10 8 10 10 7 5 5 8 3 5 4 5 5 2 4 4 7 8 1 10 7 7 2 3 2 6 2 9 5 5 6 1 9 4 1 10 6 9 1 5 4 7 3 3 8 2 10 5 5 10 10 9 10 9 8 9 0 7 1 5 7 10 6 6 1 6 2 10 4 2 9 1 1 4 1 10 4 7 7 10 9 2 6 5 8 4 10 1 2 10 3 1 4 4 4 4 2 5 10 10 8 2 6 3 4 8 10
1 7 10 9 5 1 2 6 4 4 9 7 9 1 1 3 4 4 5 6 8 6 7 9 4 1 10 8 8 5 2 2 2 2 8 6 5 6 6 4 6 3 1 7 2 10 6 10 1 4 3 6 6 3 1 8 4 6 7 10 2 9 8 9 4 5 6 6 8 2 8 9 7 7 3 3 2 5 4 5 1 3 1 4 9 3 1 8 9 9 10 10 6 2 7 10 5 6 8 8 0 10 9 4 2 5 1 8 3 3 8 1 7 9 7 4 2 6 6 10 1 6 6 4 8 1 2 4 4 4 6 10 3 8 2 2 4 4 10 9 3 1 9 8 9 4 1 5 9 4
5 2 1 8 5 2 2 3 6 4 10 4 5 5 2 8 2 10 7 2 7 8 2 8 2 2 4 1 10 4 8 1 5 10 10 8 3 9 10 5 9 10 9 9 1 10 6 6 8 10 7 2 2 5 3 9 10 2 9 5 7 9 1 1 10 9 3 10 5 9 5 2 7 3 1 3 6 1 3 3 2 6 9 8 1 3 5 5 6 2 8 2 1 5 8 4 5 8 7 1 6 0 8 8 7 4 2 8 9 3 6 3 4 7 4 6 10 7 7 1 6 1 1 6 2 6 8 4 7 4 7 4 10 9 9 10 2 10 4 9 7 3 7 3 9 8 4 1 5 6
3 9 5 10 3 10 5 1 4 6 7 2 3 3 5 2 1 1 4 7 3 3 1 10 2 2 2 8 7 9 9 10 3 6 4 10 10 4 1 6 2 2 9 3 10 8 10 2 1 4 3 7 2 1 5 6 9 2 5 4 7 3 4 2 2 3 6 9 2 9 4 5 9 5 8 4 4 7 3 5 3 6 9 2 1 2 4 9 1 6 2 2 7 2 8 6 1 10 6 8 5 1 0 9 8 4 4 9 9 10 8 7 1 7 3 10 8 7 3 2 10 7 9 8 2 6 4 5 6 3 10 3 5 7 4 2 5 2 4 7 7 9 7 9 7 5 6 8 3 4
10 5 9 1 1 8 6 1 2 4 1 2 3 4 9 6 1 1 10 9 9 7 8 7 8 6 8 8 6 6 10 2 10 9 7 3 5 1 7 9 2 7 10 4 3 5 2 2 2 3 6 7 2 3 5 3 9 8 10 2 4 1 4 4 5 7 1 5 6 7 5 8 2 8 6 9 8 10 1 2 6 3 5 1 7 9 6 3 7 10 1 3 1 10 10 10 7 10 2 3 10 8 5 0 6 1 7 2 10 7 2 8 5 6 7 2 7 3 5 1 6 6 5 3 3 5 3 4 10 7 5 7 7 8 4 10 6 3 10 3 2 3 2 2 1 4 9 10 7 9
8 2 3 7 6 5 3 6 2 9 8 5 6 4 9 7 5 3 5 2 6 9 3 10 4 1 2 2 10 10 3 3 1 4 4 4 5 8 6 4 9 2 10 8 4 9 3 9 7 2 2 6 8 4 1 1 10 5 5 10 8 4 5 5 3 9 7 2 10 4 8 1 4 7 5 7 8 4 9 8 8 5 10 5 3 4 5 1 1 9 7 6 6 6 5 8 2 2 8 10 5 6 2 7 0 2 8 1 7 4 10 7 6 10 6 6 7 3 7 10 10 4 5 4 10 8 10 3 2 7 10 10 7 2 6 10 10 4 10 1 3 6 6 10 6 1 9 9 8 6
6 3 7 5 2 6 2 1 7 9 7 5 4 10 4 8 5 2 1 5 6 6 4 1 4 10 6 7 9 8 5 8 9 5 10 1 1 3 9 6 6 9 9 4 7 3 6 9 5 10 2 2 8 4 8 9 7 8 5 3 5 6 2 3 8 1 5 8 7 6 7 2 2 5 3 4 5 2 10 8 1 8 9 1 5 10 9 10 5 7 1 2 10 5 9 6 7 2 2 5 9 5 2 5 4 0 3 9 2 6 3 9 1 10 3 7 3 6 2 1 8 10 2 10 3 5 4 3 8 3 7 10 6 6 8 9 3 10 4 9 10 10 1 3 2 8 3 3 4 1
8 1 3 7 10 7 9 3 10 4 3 4 10 8 7 1 6 2 5 3 10 1 4 7 8 7 8 2 6 8 9 6 10 7 3 8 7 2 1 7 3 6 9 10 9 10 7 8 3 5 10 10 9 7 3 10 9 1 8 6 4 10 9 5 5 9 5 5 6 3 8 4 1 9 6 9 9 9 7 4 2 4 2 10 4 6 7 7 4 1 4 8 8 2 4 9 10 10 1 7 10 2 4 10 2 1 0 2 5 7 9 8 6 9 6 9 10 10 5 9 9 5 7 10 9 4 6 3 1 9 7 7 5 10 5 5 10 3 4 3 3 7 3 1 10 10 7 10 7 5
3 9 3 1 4 3 5 6 2 6 5 1 6 6 6 5 3 1 8 7 4 7 5 10 7 8 4 9 1 6 1 8 6 8 2 7 10 2 10 6 2 1 6 7 8 8 10 3 1 7 6 6 1 7 8 3 9 7 5 8 8 7 1 6 5 8 1 9 4 8 4 3 9 5 9 1 6 4 2 7 1 3 3 9 9 4 6 2 5 1 3 2 3 7 3 6 4 7 6 1 2 8 6 10 9 1 10 0 7 5 10 1 7 9 6 5 1 4 1 7 10 7 6 10 4 9 5 7 5 4 5 2 8 9 10 9 2 2 10 6 6 10 2 1 8 4 8 7 9 2
8 6 9 8 9 5 5 6 10 3 5 7 1 5 2 3 6 1 2 8 5 2 1 8 5 3 10 9 10 8 1 2 6 7 10 10 2 7 2 9 4 6 7 9 1 9 10 10 9 1 3 4 1 2 3 6 4 8 7 2 1 3 4 2 5 3 2 1 4 10 5 7 1 1 3 4 10 8 8 2 1 9 10 6 7 8 3 6 5 1 7 2 8 4 8 7 10 3 2 4 1 6 7 3 3 5 2 7 0 3 10 7 2 7 7 6 5 8 8 9 3 2 1 4 9 1 9 6 4 8 3 10 1 4 10 1 5 6 2 3 6 10 4 4 7 5 3 9 4 8
9 10 9 10 6 4 8 9 8 3 5 10 9 9 9 4 10 4 1 3 3 5 7 2 9 10 10 9 7 9 3 3 8 1 4 3 1 10 4 8 1 6 3 1 5 9 1 7 9 4 1 6 3 4 7 7 1 2 1 6 7 5 9 7 3 4 2 1 5 4 9 6 1 4 10 1 3 3 3 2 1 3 7 5 7 1 8 1 6 5 2 10 1 10 4 10 8 6 6 2 3 7 7 2 7 10 1 9 3 0 9 7 10 10 9 4 10 8 2 8 5 7 2 5 5 1 9 4 8 2 1 5 4 7 7 7 5 3 8 2 7 5 9 4 9 4 5 5 9 3
5 6 7 2 6 1 7 6 9 1 5 10 6 10 3 8 2 3 7 7 2 2 2 9 4 10 10 9 5 1 4 7 4 2 1 6 5 5 9 7 9 7 1 6 1 2 9 2 6 4 10 5 1 5 9 1 2 5 10 9 7 5 3 5 9 1 4 1 8 1 7 1 8 3 10 4 9 6 5 9 4 3 10 8 6 1 7 5 9 8 10 4 8 9 10 1 2 10 3 4 3 9 4 6 8 9 3 2 1 5 0 2 1 1 8 8 7 3 5 4 8 1 4 5 4 10 8 1 3 3 3 10 5 10 5 3 9 1 6 4 7 8 4 1 4 2 3 3 2 9
1 8 3 9 7 8 6 5 9 3 4 3 10 4 10 3 5 2 9 8 9 1 3 6 9 9 7 9 8 6 1 1 6 3 9 10 5 1 7 8 5 9 8 7 8 6 1 1 7 2 1 1 5 4 2 1 8 1 3 10 6 8 8 10 3 10 4 8 6 5 10 3 3 6 6 4 1 2 5 4 1 1 6 10 2 1 1 1 8 6 2 2 4 7 2 6 3 2 7 8 6 2 6 4 4 7 3 1 6 9 4 0 3 10 3 4 6 7 5 8 9 9 4 2 1 6 4 8 1 8 1 5 5 8 7 4 5 10 8 1 1 2 9 10 5 5 1 8 9 5
9 6 7 8 8 5 1 7 8 4 9 1 4 7 4 7 10 7 10 6 5 2 1 1 3 7 2 10 7 7 2 9 1 5 2 8 1 7 3 3 2 7 9 10 1 8 9 3 8 1 2 2 8 6 10 7 3 10 9 10 1 2 7 1 9 2 3 7 4 7 5 2 3 9 4 4 7 9 5 10 3 2 9 4 9 8 1 9 5 3 2 10 3 4 10 6 1 10 7 5 9 2 7 2 3 7 7 9 1 5 8 1 0 8 6 1 2 2 9 6 6 4 6 4 10 8 4 1 3 6 10 9 5 2 6 7 2 9 7 6 5 1 2 2 6 9 2 6 7 5
6 8 4 8 4 6 1 9 3 5 6 8 4 2 1 5 5 3 10 8 6 8 1 1 3 9 7 7 10 6 4 10 1 3 9 6 8 4 4 4 6 5 4 10 10 7 4 10 1 4 5 8 7 8 9 10 10 8 8 2 3 7 8 5 6 8 2 4 5 9 4 3 9 10 1 10 9 6 10 1 9 1 10 2 4 5 10 1 5 8 1 2 2 6 1 8 6 6 3 10 8 7 8 10 9 6 9 3 8 2 9 10 10 0 4 3 4 10 1 8 10 10 4 9 2 4 9 1 1 2 9 9 7 5 7 2 7 1 1 4 2 9 5 3 8 5 10 10 7 6
2 1 2 10 7 5 6 8 5 1 10 3 3 4 2 6 3 5 1 9 5 7 10 5 10 2 8 8 7 8 4 1 5 4 7 9 5 5 10 10 4 7 9 8 9 2 5 5 2 5 10 6 2 1 3 8 3 6 10 1 3 10 6 2 1 5 10 6 4 6 7 8 1 9 10 9 1 10 10 8 10 6 5 3 4 1 1 5 3 2 9 5 8 9 6 4 5 7 4 2 10 3 10 9 9 10 10 10 7 4 8 8 3 9 0 4 10 4 4 5 3 10 3 1 9 4 8 4 10 4 8 1 7 8 5 3 2 4 5 1 1 5 9 9 10 7 6 3 2 2
10 2 4 5 4 8 2 5 9 9 6 3 9 9 10 8 1 7 10 4 5 6 9 5 2 1 9 8 1 2 8 3 7 8 3 2 2 7 3 1 1 6 10 7 3 7 8 8 1 2 3 7 9 2 2 4 4 8 4 7 7 5 2 4 3 4 6 3 2 1 1 3 5 3 9 5 8 4 6 4 2 7 7 2 10 5 5 3 4 8 7 8 9 9 4 4 9 9 2 10 6 7 10 2 9 6 7 2 6 9 9 7 1 2 7 0 10 5 10 3 1 10 9 7 5 8 8 8 6 1 5 4 9 5 1 6 8 9 5 9 3 3 1 1 1 1 4 10 3 4
3 3 8 9 1 10 8 10 4 4 9 9 3 9 9 9 9 2 4 4 3 7 9 2 2 10 1 3 2 10 6 9 3 7 5 1 9 8 5 8 3 8 3 8 3 7 8 10 7 4 8 6 1 1 6 6 7 2 10 10 9 8 10 5 10 6 4 3 3 6 9 1 10 6 7 4 7 8 2 4 4 10 3 4 10 2 1 8 5 5 3 10 10 9 6 9 6 4 3 1 2 4 7 3 2 5 2 7 8 7 5 6 1 2 3 1 0 10 9 2 9 4 8 4 3 9 3 9 5 4 9 5 5 9 4 5 9 5 6 4 1 8 5 4 7 6 4 4 3 10
5 3 7 8 5 3 6 6 10 10 1 1 1 10 3 5 4 2 8 2 1 10 3 4 7 3 8 4 7 8 4 8 6 9 9 5 10 5 2 9 4 1 6 7 5 5 1 1 2 3 5 1 2 3 1 4 6 8 9 2 10 3 7 7 6 9 4 8 6 6 7 4 5 5 1 1 2 3 1 6 1 3 7 9 5 1 9 9 5 8 1 8 5 6 5 3 2 6 1 3 10 1 8 4 1 1 10 2 5 4 5 6 4 2 5 1 3 0 9 2 7 7 10 10 7 6 2 1 10 1 1 8 4 9 3 10 5 7 9 5 9 5 5 5 4 2 9 6 10 6
6 8 1 1 1 6 2 4 4 8 9 3 7 8 8 8 6 2 5 4 9 1 10 10 3 9 4 10 7 9 4 3 6 9 3 8 5 8 6 2 4 7 10 8 3 1 2 9 10 7 3 2 8 2 8 5 5 5 10 8 7 1 6 2 4 9 8 9 3 4 2 4 2 3 9 2 8 9 9 5 8 6 4 8 10 4 10 1 10 8 3 6 5 5 10 5 8 9 10 9 10 4 2 7 6 10 10 9 10 6 5 2 4 9 6 8 7 3 0 3 4 8 4 8 5 7 10 1 8 1 9 6 8 8 6 6 9 4 2 9 6 4 7 9 6 5 5 5 8 4
1 6 10 9 6 7 6 9 3 9 5 5 4 1 2 6 10 2 5 2 3 5 10 5 8 4 5 7 5 3 1 3 6 7 7 4 10 2 9 7 10 5 4 1 7 3 1 6 2 3 1 10 8 9 5 8 10 1 10 2 4 4 3 2 9 9 7 7 7 10 5 6 10 5 9 6 9 5 1 10 5 2 8 7 7 9 1 7 5 6 5 3 3 1 7 8 10 4 1 8 1 2 6 6 6 6 7 1 5 1 1 8 5 7 1 6 5 2 4 0 10 9 9 1 7 3 4 10 10 4 10 6 10 3 10 7 1 3 6 5 4 1 2 4 3 5 1 6 7 6
1 9 2 4 3 7 9 1 2 3 4 9 4 9 5 7 1 3 9 2 7 1 6 8 10 6 5 7 8 7 5 8 2 2 4 3 1 1 3 8 10 3 3 8 2 5 8 8 10 1 9 3 6 1 4 10 8 8 7 4 6 7 2 3 8 8 7 2 9 9 3 5 10 3 1 8 6 9 4 2 7 1 1 4 10 5 7 1 8 2 1 7 8 9 5 2 4 4 7 1 9 2 3 9 4 4 8 8 4 4 9 6 4 2 5 6 6 5 5 3 0 3 8 6 10 3 1 8 6 2 2 8 9 10 8 4 5 2 4 5 9 1 2 2 9 3 5 4 5 1
5 1 7 9 8 6 1 1 1 10 7 4 2 8 5 10 3 1 7 8 3 1 5 2 4 6 8 10 3 1 9 1 2 9 8 1 2 6 4 7 10 7 6 6 9 5 5 1 10 3 9 3 2 1 5 5 7 6 8 2 9 3 3 6 4 8 5 9 9 5 1 2 1 1 10 1 7 1 6 10 7 7 2 4 7 3 8 5 9 2 1 5 4 1 7 4 3 4 4 1 9 8 5 10 6 1 8 8 2 4 9 8 1 10 8 2 6 1 1 6 1 0 4 9 8 8 1 5 3 1 2 9 4 6 5 3 9 8 6 4 10 1 10 9 2 9 4 7 3 4
10 8 3 8 8 2 6 6 3 6 7 4 8 6 4 6 10 6 10 6 10 9 1 2 8 2 8 6 10 5 6 5 2 1 4 2 3 5 5 4 8 10 1 4 7 2 9 3 9 10 8 9 10 10 8 8 6 8 8 5 9 3 3 7 7 8 6 7 9 7 9 10 9 10 5 5 3 2 6 4 2 6 5 8 2 9 7 4 10 7 2 10 1 3 8 1 10 8 10 10 4 5 3 1 8 8 1 10 9 3 6 2 10 4 6 2 1 4 2 9 7 9 0 10 8 5 6 5 9 8 5 5 6 1 10 10 1 6 4 6 1 3 5 7 1 9 2 10 4 6
6 10 1 6 3 1 10 4 9 3 10 6 1 8 7 10 7 8 10 1 1 10 8 6 5 3 10 2 5 10 5 2 1 4 1 3 6 7 1 4 5 9 9 5 2 2 6 5 3 3 7 2 10 2 4 2 7 2 3 4 8 4 6 5 6 1 2 3 7 10 8 6 5 9 5 5 7 7 8 10 9 1 9 1 1 10 6 10 7 3 1 3 7 8 4 7 5 1 7 2 6 1 3 10 7 7 7 5 8 10 2 3 9 10 9 9 6 8 3 6 4 2 1 0 8 6 6 10 7 9 5 9 1 3 5 8 6 6 8 2 9 6 5 1 6 8 2 6 9 6
8 3 10 8 6 4 6 4 10 1 4 4 8 9 6 10 6 4 1 10 1 2 6 1 7 1 7 1 7 5 1 10 2 5 2 2 1 9 4 3 2 5 2 10 2 8 8 9 5 10 7 3 6 7 7 10 9 5 5 3 3 8 1 2 1 6 8 8 8 3 7 3 2 7 1 9 5 4 7 3 3 2 8 5 6 7 6 4 9 6 2 8 9 8 10 10 1 9 9 7 9 10 6 6 3 3 1 4 8 2 3 10 8 9 9 10 6 2 2 4 3 9 4 5 0 9 9 1 3 3 8 5 4 8 10 7 3 3 7 10 2 8 6 7 4 6 7 9 5 1
9 6 3 9 8 2 1 2 2 10 6 8 5 5 8 4 9 6 5 10 7 3 8 7 9 9 6 2 8 5 1 7 9 5 1 10 9 8 5 6 4 6 3 1 1 5 4 4 1 7 8 10 8 6 7 8 10 6 5 9 8 10 1 3 5 4 7 5 10 8 3 8 9 1 6 7 8 6 10 2 5 3 1 1 9 5 5 10 9 4 4 6 10 7 1 3 2 2 8 10 9 5 2 3 10 8 10 7 6 7 3 7 8 10 2 9 4 9 10 4 6 10 10 6 4 0 8 4 4 3 1 10 7 7 4 6 4 9 4 4 2 8 9 3 5 3 5 5 5 8
10 2 3 4 8 5 1 6 9 3 5 5 2 10 5 6 2 9 6 4 6 2 9 6 10 5 2 10 4 9 5 7 4 9 7 6 4 8 9 3 6 6 9 5 5 1 9 7 4 2 10 2 7 8 3 5 4 2 9 3 9 5 1 1 4 8 4 3 8 6 9 5 7 6 5 6 2 6 6 2 2 7 6 2 5 4 9 6 5 3 7 7 5 4 10 5 8 1 2 5 9 7 10 7 5 3 2 2 4 8 6 1 10 10 7 2 10 4 8 3 2 6 4 5 7 8 0 5 1 2 7 10 1 10 7 4 5 5 8 6 7 4 4 8 7 9 4 4 10 6
3 8 2 2 10 6 3 6 6 10 5 5 1 4 4 6 3 3 3 8 1 8 1 9 5 4 10 6 2 5 5 2 3 1 5 9 9 2 8 5 8 4 6 3 9 6 10 1 8 3 6 4 8 7 1 1 2 8 8 2 4 8 5 10 3 6 9 4 4 2 9 9 2 1 2 7 5 10 6 3 1 10 3 10 8 8 4 5 8 2 7 1 1 10 10 7 7 1 10 9 4 7 7 1 8 10 1 4 1 5 9 4 4 9 2 7 8 9 3 3 8 10 7 5 2 1 2 0 9 5 8 1 1 2 1 3 2 4 4 7 2 7 8 2 1 7 2 10 3 4
3 2 9 4 4 4 3 5 10 4 4 9 6 7 1 8 3 9 4 4 4 8 3 1 3 5 2 5 10 9 8 3 5 4 1 2 1 9 6 2 2 8 9 1 7 7 5 10 7 3 3 7 3 9 2 2 5 5 10 5 2 4 10 3 1 10 4 9 10 3 2 1 8 1 10 5 3 4 3 5 8 8 6 6 3 4 7 6 8 8 2 1 5 4 8 4 1 6 7 3 9 1 2 4 2 8 8 9 3 1 8 6 9 10 7 6 8 5 4 3 8 6 8 9 5 9 7 5 0 10 1 6 5 3 5 9 6 6 3 7 8 9 5 2 3 6 5 5 4 7
4 5 1 7 2 9 6 9 7 1 1 4 6 5 8 8 2 6 5 8 8 1 2 10 6 10 2 7 10 9 8 7 4 9 6 5 5 3 10 10 8 5 9 2 6 10 7 2 8 4 6 10 6 5 2 6 7 10 7 8 8 7 5 5 2 2 2 1 3 1 4 6 8 7 4 8 6 9 7 4 2 10 3 1 6 5 2 1 7 8 9 9 3 1 7 4 3 2 6 10 6 7 3 9 5 1 4 3 10 1 4 2 4 8 1 7 5 8 3 1 9 9 1 3 6 9 3 1 4 0 3 8 4 2 1 2 6 6 7 4 5 10 2 1 8 5 5 7 8 3
5 4 9 3 6 1 8 8 7 10 8 1 3 4 2 7 7 10 2 3 9 9 10 6 2 2 8 3 7 7 3 3 6 8 3 8 5 5 2 1 3 7 9 1 6 3 5 1 7 1 8 6 1 4 9 6 10 2 5 5 9 10 7 5 1 9 10 4 8 7 2 6 9 4 3 5 4 2 10 7 7 6 3 5 7 10 8 3 10 3 1 9 3 3 8 3 5 6 9 9 2 5 5 4 2 1 3 1 9 9 2 9 3 2 7 7 3 8 10 2 3 6 6 9 5 4 8 3 5 3 0 8 3 8 7 3 8 10 3 8 9 4 10 9 8 6 10 9 6 7
7 4 3 5 3 9 9 3 10 7 9 10 8 10 7 8 6 2 7 2 5 10 7 4 8 5 10 7 1 9 8 7 7 7 8 10 10 8 10 2 8 9 4 1 7 4 1 1 5 1 5 10 1 2 6 9 6 7 10 8 2 2 8 3 2 6 2 9 1 10 5 6 8 1 3 4 9 7 6 9 10 4 7 3 6 4 3 10 10 8 5 4 1 8 4 7 4 10 7 2 10 2 1 9 10 3 10 2 9 4 7 7 6 2 8 8 6 4 5 9 7 1 1 7 9 5 8 10 7 8 5 0 4 3 9 5 9 7 2 6 1 1 2 4 7 4 3 1 2 3
4 4 10 1 4 4 10 7 4 5 6 4 7 2 9 8 4 9 7 7 10 9 1 7 8 9 7 2 7 4 6 8 9 10 1 10 9 5 10 10 8 5 9 5 3 5 7 2 2 7 6 10 3 2 6 5 9 4 10 10 8 10 10 6 6 10 7 6 3 10 3 2 2 10 7 4 2 3 3 4 2 5 9 4 2 4 3 3 7 3 7 5 10 1 9 9 5 6 5 7 5 3 8 1 7 2 2 3 9 2 5 1 4 3 8 6 9 10 7 1 10 2 1 5 7 5 1 8 10 9 2 8 0 3 7 7 6 10 5 7 9 8 8 1 10 5 1 2 8 4
7 10 1 6 7 6 2 4 7 8 7 1 8 1 1 2 3 9 3 9 7 7 5 8 1 9 7 10 9 7 3 3 10 2 5 6 6 4 7 3 7 10 8 5 9 3 8 7 10 6 2 3 10 8 5 6 4 6 6 4 9 1 1 5 4 3 9 8 2 5 6 8 4 9 8 9 4 7 5 3 10 6 9 3 1 7 7 5 4 9 3 3 9 3 4 7 7 4 4 9 10 8 9 1 10 10 7 5 2 8 4 2 5 6 2 4 9 4 3 8 3 10 1 6 10 8 9 6 8 8 2 1 6 0 1 9 7 1 4 8 6 9 4 4 9 8 3 9 9 1
4 10 7 9 3 2 7 1 2 8 9 1 8 1 3 3 2 3 9 6 9 4 8 9 6 8 8 4 8 4 8 10 8 6 1 8 8 10 8 6 9 2 1 8 8 8 6 4 2 3 5 8 9 1 6 7 1 9 4 6 1 9 5 7 4 7 5 10 6 10 1 1 7 3 9 10 10 10 3 1 2 10 1 3 3 4 1 5 1 10 4 7 1 9 4 4 9 5 6 9 5 7 7 5 8 1 3 8 9 9 6 4 7 7 4 4 7 8 2 7 1 3 2 4 9 4 5 3 9 9 8 5 6 9 0 8 7 2 1 10 8 9 3 6 7 1 2 10 4 1
4 1 7 8 9 3 6 3 3 6 7 9 2 9 4 5 9 8 7 9 6 2 4 1 2 3 9 10 6 7 7 10 2 7 8 1 6 4 10 5 5 3 6 1 9 4 2 3 3 2 3 10 1 5 7 9 1 8 10 6 4 10 4 2 2 5 3 8 5 7 8 1 5 8 6 7 2 4 4 5 7 6 6 5 6 9 4 7 1 10 7 3 10 2 10 6 9 9 5 1 3 7 6 8 5 1 9 5 4 4 5 6 6 3 5 5 10 10 6 7 3 3 2 5 2 6 3 6 2 8 5 6 4 1 5 0 7 1 7 8 3 9 6 5 7 5 4 8 2 2
9 3 3 6 10 4 9 1 6 8 10 1 8 9 1 10 4 6 1 6 4 2 8 10 2 10 9 6 10 2 3 5 3 5 2 9 10 4 4 5 1 1 6 2 6 10 6 1 6 6 7 8 8 10 3 5 3 9 2 7 3 8 3 4 4 4 3 5 7 3 2 10 4 2 3 9 9 8 8 3 3 4 8 10 7 5 9 8 9 3 7 6 2 6 8 10 9 4 1 10 1 4 5 10 9 4 9 4 10 2 5 5 1 2 5 5 2 6 8 10 6 6 1 7 9 3 1 8 4 5 5 10 2 3 2 3 0 1 2 6 6 3 1 6 9 6 7 1 1 1
10 8 6 2 8 2 4 5 3 9 8 6 5 9 6 10 3 4 2 6 8 3 6 9 5 2 7 7 10 3 2 5 5 1 3 8 3 7 3 2 7 1 7 5 8 10 10 2 6 2 10 10 2 5 1 1 10 1 2 7 1 10 8 3 9 7 1 9 2 9 6 3 6 4 6 7 4 9 9 6 1 6 4 3 2 5 10 6 4 6 5 7 7 6 7 3 8 7 1 9 2 4 9 1 3 10 2 8 10 10 5 6 7 3 8 2 7 6 2 8 9 8 5 7 10 2 9 3 1 6 10 4 7 5 3 2 4 0 7 4 10 9 1 3 5 2 1 1 5 10
10 6 2 5 7 5 5 10 8 4 1 9 10 3 7 5 8 4 1 7 10 3 9 9 2 2 9 3 4 8 6 7 4 2 6 2 9 7 10 10 8 9 1 2 10 9 6 5 1 5 4 9 1 8 10 4 5 8 7 5 8 2 9 4 7 4 1 1 1 3 5 7 7 7 6 10 8 10 6 2 10 1 7 9 5 5 2 7 7 6 7 10 8 6 5 3 6 8 5 10 7 6 10 3 10 6 4 1 5 7 2 4 5 1 8 8 3 2 6 9 7 7 8 8 9 3 5 10 5 7 8 2 9 9 4 3 8 9 0 3 6 10 10 7 4 10 1 6 6 3
4 5 2 1 8 7 1 2 1 2 9 9 3 1 9 10 5 5 9 7 1 5 9 3 8 9 3 6 1 4 6 1 5 5 1 1 7 7 6 8 4 4 6 3 4 3 3 1 6 1 2 10 9 4 3 5 9 3 10 7 6 2 10 6 8 3 7 5 10 5 4 3 2 8 8 6 8 6 6 1 2 2 10 4 1 1 4 3 7 3 1 3 2 3 8 10 3 7 6 4 4 9 5 10 8 2 2 3 6 7 7 5 6 1 4 7 1 6 4 1 1 2 7 6 1 2 1 6 10 8 10 9 1 7 5 2 3 2 3 0 5 1 8 5 1 7 1 9 4 10
8 1 4 1 8 10 9 9 10 8 7 5 8 5 10 2 6 8 9 7 6 5 6 9 4 8 10 3 7 4 10 6 1 1 4 6 5 3 4 3 4 8 2 4 10 8 5 5 6 8 5 9 2 9 5 10 9 7 8 8 8 1 1 3 1 1 6 6 9 6 3 1 10 8 8 3 8 6 3 8 6 1 8 10 1 10 4 10 8 5 9 5 5 2 5 1 1 4 10 5 5 4 3 8 5 6 6 3 10 1 4 9 7 3 3 7 8 2 7 6 9 4 3 2 6 3 2 7 4 8 1 10 2 3 1 5 10 10 3 9 0 3 6 3 4 10 1 8 10 6
5 9 5 2 10 6 5 6 5 5 2 8 1 10 5 1 9 5 6 1 8 6 9 5 9 4 9 5 5 9 5 8 3 5 7 10 8 6 4 5 6 8 9 8 9 4 5 5 1 1 10 8 4 1 9 10 4 10 6 3 4 10 8 4 5 3 10 3 8 7 7 4 3 8 8 3 4 5 8 3 4 8 10 5 6 5 9 4 4 7 10 8 2 7 7 9 6 3 2 8 9 8 8 5 1 7 5 6 6 7 9 5 7 8 1 6 8 6 9 5 1 4 2 1 3 2 2 7 9 7 3 4 8 4 6 8 10 5 3 4 10 0 5 6 7 6 10 10 2 9
2 7 3 9 8 10 1 3 5 7 8 10 10 6 3 7 6 6 5 3 3 9 4 6 2 8 8 5 8 7 2 8 3 3 2 7 6 2 1 1 10 7 5 10 1 9 3 10 9 8 4 3 2 9 9 6 4 2 4 6 5 8 6 5 4 7 1 9 4 5 2 10 3 10 9 7 2 1 5 5 9 5 2 3 6 5 2 10 7 6 2 8 1 5 8 6 10 4 9 2 8 9 9 9 8 10 4 7 7 4 4 4 1 5 5 1 8 7 9 10 7 4 6 8 4 4 10 6 8 10 2 10 9 7 10 1 8 3 10 6 8 9 0 5 10 5 7 9 7 4
7 10 2 2 4 6 3 4 5 10 9 4 1 1 8 8 8 5 6 8 3 6 5 9 9 7 2 5 5 7 10 10 10 3 8 10 4 8 7 7 5 5 3 8 9 10 8 7 9 10 8 1 2 2 6 5 5 7 5 4 7 10 6 6 6 6 9 6 5 6 3 6 3 5 7 7 5 6 7 3 10 10 10 9 8 1 5 4 4 5 4 4 2 2 10 4 8 5 9 3 7 9 5 7 6 5 9 2 6 2 10 10 5 6 2 1 4 6 1 7 9 10 5 4 1 6 10 3 6 1 9 10 7 7 4 4 4 5 1 2 1 8 4 0 8 10 3 5 2 7
6 6 3 1 7 2 6 9 1 1 8 4 5 2 4 9 10 8 5 2 10 1 2 8 10 8 4 6 7 3 3 10 7 9 3 9 8 2 1 9 1 10 8 4 9 7 8 1 2 10 1 1 8 7 8 10 1 9 6 10 5 10 2 8 3 9 8 8 2 10 6 7 9 1 1 4 2 8 10 1 2 1 6 4 1 5 2 3 1 4 4 1 4 10 5 9 5 7 5 10 6 4 1 7 6 2 2 4 8 5 5 9 4 4 8 10 4 6 9 9 9 6 6 1 1 3 3 5 6 3 1 2 5 9 5 8 6 5 3 5 4 10 8 2 0 4 6 7 4 4
4 7 8 6 8 1 7 1 2 6 9 7 5 8 7 10 5 8 2 7 10 8 6 10 3 9 1 6 4 2 10 4 7 8 6 8 1 2 10 4 4 6 1 8 9 1 3 1 6 4 6 2 4 9 2 6 4 2 8 8 6 8 10 9 9 1 3 8 6 6 2 3 3 8 1 8 5 3 6 2 1 4 8 6 8 3 7 8 10 6 1 6 6 1 9 3 7 5 9 1 1 4 2 1 6 10 4 2 4 4 5 9 5 2 4 9 10 8 8 9 10 2 9 7 1 5 5 9 6 8 5 6 9 1 5 6 1 9 1 6 3 7 1 7 4 0 8 10 8 2
1 5 10 3 5 6 3 1 4 5 5 5 10 9 7 9 7 6 6 9 9 7 5 7 4 1 1 8 4 1 4 6 1 9 6 2 1 8 10 5 3 7 5 10 10 8 6 9 2 3 4 9 6 10 6 7 10 5 2 9 9 7 8 1 8 1 8 2 6 1 7 6 4 1 6 3 2 10 7 8 4 8 9 3 5 6 6 4 9 9 1 10 3 1 4 4 3 3 2 8 1 9 1 10 3 10 1 8 8 1 1 1 4 7 1 6 10 10 7 8 2 10 1 2 5 5 7 9 8 5 6 2 1 7 6 9 8 10 6 9 6 2 4 7 2 8 0 5 9 6
3 2 5 9 7 2 3 3 4 2 7 2 7 6 8 5 3 3 5 9 1 8 3 6 1 2 2 7 6 4 5 6 3 4 10 4 10 1 6 7 4 5 4 1 4 1 2 2 2 2 2 3 5 7 4 10 3 3 3 5 8 2 8 3 3 8 9 1 2 4 8 3 3 7 7 10 10 3 10 7 4 7 3 7 4 8 7 2 3 10 6 1 2 8 7 7 6 10 4 7 1 4 9 1 6 5 6 4 8 9 3 1 6 6 9 8 3 7 1 8 10 8 4 5 1 8 7 3 9 10 7 4 10 1 7 3 1 4 4 4 4 5 4 2 9 8 10 0 4 1
8 7 6 6 1 8 3 10 1 7 6 5 1 7 2 5 7 1 1 3 9 2 10 8 5 10 8 5 5 5 3 5 10 3 3 6 10 9 5 5 6 2 2 10 5 10 8 1 3 6 7 10 7 2 7 2 4 3 4 9 5 5 5 4 4 5 6 9 1 6 8 10 5 1 10 4 1 1 7 8 6 6 2 5 9 9 9 4 3 4 2 2 2 2 4 8 2 2 6 9 3 3 1 3 2 4 1 1 1 2 7 6 7 8 7 6 6 2 6 5 5 4 2 9 3 3 6 7 5 4 9 9 3 5 6 9 3 10 9 3 3 8 8 10 5 9 10 8 0 8
1 8 10 7 5 10 10 6 8 1 6 1 2 9 6 1 8 3 6 6 8 1 2 6 10 1 6 1 7 9 2 3 4 6 4 7 7 3 1 1 6 7 1 1 8 5 5 6 5 8 8 8 2 6 9 5 9 1 2 10 10 5 5 2 2 1 8 2 5 5 1 1 6 2 2 8 7 10 6 1 8 6 7 5 6 6 6 2 4 7 6 8 3 8 7 9 2 2 2 5 9 3 9 6 6 8 1 1 5 6 4 7 4 4 1 2 10 8 3 3 4 6 5 3 10 3 9 6 8 6 9 2 2 2 2 9 7 3 9 8 5 2 7 4 3 7 2 2 10 0