50
68 2415
89 1805
50 1894
42 344
38 2509
37 2579
69 369
45 2012
67 2340
37 339
90 1364
37 159
45 495
24 2103
6 144
87 758
91 378
32 2169
40 1870
36 1758
11 1674
22 1061
75 1977
72 792
58 850
90 855
84 2140
37 301
37 1590
96 2474
39 69
13 2658
49 1043
55 518
93 1097
29 741
37 2182
28 1969
100 1911
82 1240
95 2307
34 680
67 2203
58 1791
54 177
61 2417
45 161
79 2142
49 2095
49 1777
0 12 8 19 6 15 11 11 14 4 1 7 14 9 15 16 15 11 13 19 1 3 16 5 17 4 4 12 17 16 10 4 9 13 5 4 20 11 17 0 15 14 13 20 12 0 17 19 10 18
7 0 16 16 7 4 12 19 17 3 0 13 12 13 18 3 4 16 11 12 18 9 7 1 9 17 1 3 9 10 0 10 14 14 17 11 5 3 0 9 3 1 15 1 6 9 1 14 6 5
17 14 0 1 1 20 17 18 10 20 20 10 6 15 19 13 13 4 7 1 10 16 15 7 2 18 14 13 15 2 8 6 14 9 0 16 19 15 16 7 10 17 10 2 6 3 19 15 14 4
7 13 5 0 8 2 5 11 4 12 13 16 17 14 2 4 20 18 8 18 7 8 5 6 13 10 12 0 10 10 8 1 19 17 16 1 3 13 16 12 16 18 8 14 14 16 3 16 17 3
12 2 15 12 0 13 14 18 10 16 8 12 4 0 9 10 16 13 19 16 17 18 0 10 14 20 15 4 6 16 1 18 1 5 1 17 9 18 1 10 17 1 2 13 13 14 20 14 17 7
0 10 19 3 1 0 11 11 8 3 12 16 5 3 1 12 5 5 9 10 19 10 18 0 4 17 8 13 10 14 11 3 5 8 8 2 9 15 2 8 16 3 15 10 18 0 10 17 0 9
4 6 20 7 0 14 0 12 20 13 7 14 10 18 11 5 12 1 2 17 5 8 4 2 17 0 8 11 2 18 1 15 19 8 4 12 8 9 3 9 8 17 1 3 18 9 9 2 9 16
18 14 20 7 2 13 4 0 5 5 7 6 4 4 5 7 16 9 6 20 10 17 20 11 2 12 14 7 17 8 9 19 7 12 19 17 9 18 18 8 14 17 17 4 16 16 14 19 7 7
18 4 6 15 13 10 1 16 0 19 9 12 2 19 1 7 15 7 4 3 20 4 15 1 2 0 4 1 3 6 7 8 11 8 16 9 4 18 6 11 3 2 17 8 13 1 14 6 1 15
0 17 17 0 17 3 3 7 15 0 9 1 2 10 15 13 20 20 0 20 0 19 19 10 13 16 7 20 3 15 10 18 7 9 3 3 4 2 16 11 5 1 13 0 17 15 3 18 5 0
2 8 2 8 10 16 2 18 12 5 0 9 2 6 1 3 9 12 0 0 12 16 14 15 9 1 17 15 1 1 9 0 3 19 12 13 0 19 12 13 2 12 9 4 7 18 12 8 18 17
19 10 2 8 1 16 10 3 9 19 8 0 10 11 19 14 15 13 4 4 7 5 16 1 0 0 8 4 2 1 3 8 9 2 1 11 15 5 7 10 8 9 4 6 18 2 11 8 19 7
9 16 17 16 7 2 15 0 4 11 2 3 0 19 4 0 18 7 13 4 3 2 14 17 12 6 11 15 9 19 0 16 11 9 16 11 0 20 11 7 10 6 17 12 17 5 4 3 20 14
7 15 18 13 11 18 7 14 19 15 18 2 4 0 9 14 12 10 14 6 3 10 11 3 10 8 10 7 4 0 11 18 19 16 13 13 12 18 17 1 13 5 0 7 14 20 1 1 1 9
9 7 12 1 19 5 7 8 0 15 20 18 2 16 0 11 3 3 19 8 13 5 11 20 20 9 12 15 3 7 6 6 9 7 13 18 2 6 20 9 1 8 2 19 2 12 13 4 9 16
12 10 20 17 10 19 8 12 4 2 5 16 4 18 6 0 7 12 10 1 20 16 4 6 13 9 5 11 12 4 6 14 7 1 10 13 12 0 7 0 1 16 18 19 0 8 7 2 3 6
15 5 15 5 18 10 9 19 8 5 19 20 17 12 3 17 0 1 3 19 10 14 15 13 12 2 10 0 18 0 9 3 1 3 2 19 1 13 5 11 17 2 13 1 16 6 18 13 14 2
19 14 0 4 20 1 7 3 20 7 3 10 9 2 8 16 9 0 17 0 2 11 19 6 8 19 12 10 11 8 9 18 14 9 13 0 13 8 13 0 14 3 17 15 9 17 9 9 20 17
6 16 3 3 18 1 7 5 16 11 3 13 16 20 16 2 18 1 0 18 19 2 19 0 14 0 11 16 10 0 3 16 4 10 0 0 19 11 17 15 18 7 2 15 20 2 12 11 16 6
20 9 9 11 12 11 8 5 7 18 15 6 20 13 18 12 1 2 1 0 4 3 19 3 11 2 4 15 13 1 19 9 3 14 2 7 7 20 7 17 14 2 17 3 2 16 11 15 2 13
14 16 2 7 5 17 11 14 9 20 8 10 15 9 6 19 5 19 9 19 0 16 2 11 9 17 13 14 7 3 20 8 0 11 9 12 1 8 2 18 2 6 20 6 11 11 11 18 6 15
1 15 1 19 14 10 2 8 8 0 2 11 17 10 20 6 4 20 2 3 17 0 11 13 12 14 3 14 18 17 10 13 0 14 7 11 6 20 9 2 19 20 17 15 13 0 4 13 1 14
5 19 11 19 14 0 7 11 17 6 10 9 0 15 20 2 18 7 4 15 5 18 0 17 0 11 2 1 10 12 16 4 2 12 3 11 11 10 19 10 3 18 5 4 14 18 15 9 14 1
17 18 1 16 10 9 10 18 17 17 16 17 19 19 8 16 16 16 11 15 3 18 18 0 6 3 1 6 4 4 18 8 11 10 5 7 18 5 11 1 18 15 11 13 12 18 14 4 6 10
8 11 17 16 11 16 11 12 5 13 6 14 0 5 8 20 19 6 13 2 14 18 20 13 0 7 3 6 19 10 8 3 14 1 15 0 13 11 20 19 1 3 4 20 17 2 9 13 14 4
19 18 11 19 0 0 1 18 5 11 9 3 8 6 12 13 7 2 17 9 6 4 15 20 7 0 13 8 7 4 13 6 3 7 17 10 1 7 19 8 7 6 2 7 19 18 18 4 10 15
6 10 18 3 3 14 17 18 19 0 17 10 17 0 5 20 16 12 5 20 8 0 3 16 19 14 0 10 16 7 19 2 5 5 15 0 1 16 9 4 5 17 12 20 2 12 1 7 14 3
3 18 15 4 17 15 15 16 0 1 9 0 6 8 12 7 16 20 5 9 18 4 10 3 9 14 0 0 1 2 8 4 2 16 13 15 12 6 8 17 8 1 18 18 20 10 12 19 10 15
8 7 19 1 0 7 10 11 9 2 9 5 10 4 20 19 9 2 20 13 3 1 17 6 3 8 8 14 0 13 10 6 18 12 5 3 16 16 6 3 4 15 7 9 14 17 20 17 20 13
13 12 17 3 18 5 18 2 15 19 1 1 11 4 7 2 4 7 19 8 8 12 10 19 6 13 5 5 1 0 9 16 0 5 14 6 18 19 11 3 11 4 5 6 8 1 10 20 6 9
2 19 18 2 6 5 4 6 14 13 17 7 15 13 9 17 5 1 12 0 17 3 1 2 6 8 1 8 2 8 0 15 9 5 9 14 9 18 14 9 8 10 5 16 6 17 10 6 8 5
4 14 20 19 3 0 7 10 10 3 8 1 15 13 19 13 20 18 5 6 15 13 18 16 6 8 7 8 17 6 13 0 7 2 10 0 5 8 8 15 1 8 2 19 3 5 14 5 10 2
9 15 9 4 18 9 5 16 2 16 16 18 19 18 7 12 5 5 5 0 2 16 16 2 0 17 10 16 17 6 7 1 0 14 19 5 2 6 2 17 8 16 13 10 6 11 9 14 13 17
14 20 10 11 12 2 13 4 20 7 19 16 13 3 20 13 9 14 2 14 15 14 3 18 15 1 5 20 0 4 1 9 17 0 1 17 15 8 3 11 10 3 20 15 4 20 7 14 4 14
18 13 5 2 16 5 0 15 18 20 17 18 16 5 16 8 15 11 6 9 7 12 13 2 5 7 17 14 1 2 9 4 20 11 0 15 20 13 9 10 10 18 15 10 10 3 7 1 11 17
19 4 12 5 15 6 19 4 10 3 5 0 14 18 2 19 11 16 2 15 11 10 5 1 18 2 0 0 3 7 15 4 6 4 5 0 10 15 10 19 18 20 16 18 16 6 7 9 2 8
2 10 8 4 6 16 11 13 16 5 18 10 19 0 17 9 6 19 6 8 19 8 4 3 3 15 12 14 18 0 19 18 8 14 17 11 0 16 17 11 14 11 4 18 1 20 12 11 14 19
13 8 4 16 11 10 20 9 17 3 16 7 1 0 8 11 19 8 12 7 4 0 19 16 11 11 14 19 11 7 10 3 6 9 13 15 9 0 20 1 15 12 11 13 7 0 9 10 3 20
11 0 7 7 5 0 7 11 0 15 9 7 1 9 9 6 14 11 2 2 1 7 1 13 13 12 11 7 5 5 12 9 12 3 18 2 9 19 0 5 6 18 19 8 1 11 10 15 18 7
8 17 2 7 13 1 6 12 1 13 16 11 6 18 18 16 2 8 5 6 16 16 18 0 5 2 14 19 1 10 1 1 8 3 6 6 4 4 8 0 13 6 10 2 14 19 11 9 13 5
15 0 5 7 13 7 9 10 19 16 16 5 16 5 1 20 20 6 13 7 17 1 6 0 20 2 2 17 12 20 12 18 7 10 0 19 0 17 12 13 0 18 8 13 4 5 7 15 3 16
9 7 8 11 12 14 18 2 8 3 0 4 6 6 1 11 4 14 19 7 6 5 20 15 2 9 1 20 10 3 11 7 1 7 20 11 11 16 12 11 3 0 12 7 3 15 10 0 11 6
4 13 0 16 18 10 16 11 11 12 12 8 1 14 6 8 1 13 1 13 10 6 10 1 9 14 3 0 7 7 3 12 0 10 4 19 17 16 11 16 5 20 0 17 9 2 20 10 5 8
17 19 12 20 14 12 7 4 14 20 16 3 17 19 14 4 12 8 5 16 16 18 7 18 7 11 5 10 8 2 20 3 10 18 1 11 20 14 10 15 16 6 10 0 18 12 10 15 7 0
14 16 1 9 10 5 5 14 14 10 10 12 13 7 13 12 18 5 7 0 12 9 13 2 11 15 7 15 16 0 2 15 14 7 14 20 6 16 18 9 10 10 20 15 0 14 17 8 14 14
17 4 0 3 6 5 20 3 5 12 8 0 14 1 3 2 4 11 4 15 9 15 8 5 5 10 18 3 12 16 17 13 20 19 6 12 11 1 15 7 4 7 15 2 18 0 12 11 10 1
1 14 11 18 8 18 12 11 5 20 9 5 0 18 15 3 16 12 8 5 0 1 8 9 2 19 2 4 5 10 3 8 10 9 18 1 9 4 4 1 17 2 14 13 11 17 0 16 7 17
11 2 10 3 6 0 3 19 11 3 3 12 8 20 19 13 8 8 6 0 13 19 11 0 20 0 0 3 7 10 1 19 1 8 13 2 19 18 7 16 18 14 12 5 0 3 12 0 5 14
0 2 20 18 18 6 20 10 10 5 4 13 2 1 18 4 5 12 13 4 19 1 0 15 5 18 2 9 8 2 16 7 14 15 0 0 19 2 12 14 6 7 3 1 15 0 19 11 0 8
16 20 7 9 6 1 14 7 7 17 4 20 3 13 13 3 5 3 20 1 15 13 0 8 3 1 20 19 17 1 4 19 3 1 20 3 18 14 2 7 3 11 11 9 0 17 18 0 6 0
