200
6 7509
11 6373
28 4676
1 5934
13 1729
22 1628
40 3058
2 337
18 6153
15 8952
18 9223
40 1097
17 286
33 530
40 2564
46 3046
8 9479
6 4915
50 1460
45 5437
1 6844
26 2697
33 7756
26 7814
20 7496
4 1796
19 3814
18 1136
47 7547
30 7724
15 901
38 2747
48 3633
46 9083
9 3666
24 8780
26 8271
34 3280
34 9869
27 9117
44 1854
21 6352
23 596
21 7819
17 2565
50 1836
3 9747
35 2178
30 8214
41 395
11 6690
10 1866
33 4976
23 7498
7 2368
27 2382
38 1912
39 8441
12 2225
9 2252
22 1737
32 6639
49 3827
25 7689
2 0
49 8506
30 4565
47 1918
23 8069
27 5958
32 5142
33 81
40 120
46 8960
28 591
43 264
15 2691
7 4838
45 2784
25 9209
3 4397
42 9327
35 3540
3 3196
8 6854
4 2560
17 334
45 6803
40 9991
17 4754
6 198
1 6971
46 2476
12 3258
11 1451
6 9556
40 8447
32 291
45 5098
31 7901
27 403
8 3892
36 7768
15 9798
22 5403
24 1307
14 6077
29 2892
41 9855
33 1568
44 1368
33 1748
14 5923
12 4169
49 1115
27 6759
19 8587
34 2352
45 9397
36 4917
25 7315
19 2250
17 1092
32 9585
5 6996
33 7249
26 6025
5 4610
5 7271
6 4211
15 5179
21 4071
42 8175
23 3388
40 5656
1 7809
10 8805
11 7436
5 5773
3 8009
48 3720
42 7325
8 8017
36 3173
6 3992
31 6269
15 5873
10 2288
34 4011
42 6289
44 1464
21 5788
34 8285
7 5000
21 7437
49 8829
1 507
29 1958
27 7461
22 1778
11 4882
3 1843
2 2868
24 6259
20 2894
4 8281
37 561
49 1883
47 1139
26 9418
13 8977
25 686
30 3803
10 2019
8 4669
20 3203
10 618
2 1472
17 1071
29 5818
42 1849
43 3002
33 5122
12 16
44 1627
26 1521
8 8059
33 8411
26 5924
4 7547
13 9987
25 288
31 9303
5 8974
46 1624
38 780
21 7973
16 5028
15 9302
46 7301
0 3 7 9 6 2 1 4 6 9 1 0 3 2 8 8 5 4 1 4 0 0 9 9 2 8 1 8 1 5 1 9 4 4 9 7 10 10 4 10 8 5 8 0 9 6 5 3 5 3 0 7 10 4 7 9 5 6 4 9 2 5 6 1 9 10 0 4 9 9 7 1 9 7 5 1 3 6 6 2 4 8 7 0 5 1 4 6 8 8 2 2 0 7 7 10 0 3 4 1 6 4 0 0 5 1 5 8 10 6 0 9 1 3 4 5 2 7 10 1 9 1 4 3 7 3 2 6 10 5 9 8 6 0 4 0 8 0 4 10 7 1 3 3 7 2 10 4 2 1 9 9 1 7 5 5 0 4 9 4 7 7 3 2 10 6 9 6 1 5 3 8 4 7 3 3 4 1 3 6 5 10 8 2 5 2 10 0 6 10 10 9 4 3 10 8 3 3 2 9
0 0 0 10 4 2 5 7 8 9 8 1 2 3 1 0 9 1 9 8 0 7 2 7 0 0 2 8 9 5 5 4 0 10 3 7 8 9 0 10 7 3 0 0 6 4 8 0 5 10 6 1 5 10 8 9 10 9 9 1 10 5 8 7 8 9 5 8 0 9 1 10 9 3 5 1 2 9 3 2 4 0 1 0 0 1 7 5 3 9 4 5 4 1 2 10 7 0 4 7 9 5 1 7 6 10 2 4 1 0 1 9 7 8 4 9 3 8 10 9 5 9 1 8 1 7 0 7 10 4 8 8 3 10 9 9 6 3 1 5 2 1 10 9 0 6 9 3 6 3 5 5 2 7 5 0 0 9 4 9 2 5 4 4 10 5 6 6 5 9 9 1 5 4 5 4 2 10 7 5 8 3 4 10 7 3 0 2 2 0 2 6 7 8 1 4 4 9 5 0
1 3 0 10 6 3 4 5 1 10 9 8 5 8 4 0 9 10 5 7 10 10 7 7 6 10 8 9 3 0 9 7 5 7 4 4 6 8 9 1 4 9 9 10 1 5 0 3 3 2 0 0 8 6 5 2 4 0 3 0 2 8 8 8 0 0 6 7 3 3 2 6 0 7 5 2 1 2 10 7 7 8 7 7 6 4 1 10 0 0 0 0 1 6 1 4 1 6 2 3 5 9 6 0 4 5 4 10 3 7 8 10 7 4 3 2 7 1 5 9 6 8 4 9 8 7 4 1 9 2 7 5 7 2 6 5 6 2 2 9 7 10 3 9 2 5 4 1 0 6 0 5 0 2 4 8 3 7 7 6 9 10 3 9 1 6 1 4 4 6 6 4 10 7 4 2 3 7 0 8 9 2 5 5 0 0 5 7 10 1 0 4 3 5 10 3 10 8 10 8
3 2 5 0 5 5 6 2 6 9 8 1 7 8 7 4 7 0 5 6 6 1 2 5 3 5 2 5 1 0 1 5 9 9 9 8 3 0 10 10 7 3 4 7 10 0 2 2 2 0 1 8 7 8 0 4 3 0 2 1 8 5 1 9 6 3 0 1 5 7 5 4 3 5 10 6 6 8 6 9 4 1 4 3 5 4 0 10 0 9 0 9 0 9 0 7 8 6 9 4 10 8 8 6 7 7 4 2 5 7 10 3 0 0 5 6 1 9 1 6 1 0 6 5 5 8 3 0 9 5 4 4 0 1 3 2 4 1 9 0 6 0 3 1 3 9 3 8 6 5 6 1 8 3 9 7 4 3 3 0 5 0 2 7 4 2 2 2 4 2 6 8 1 4 4 0 5 3 2 7 7 7 7 3 9 10 7 6 0 10 7 7 5 4 0 9 7 0 5 0
0 3 3 4 0 1 6 3 1 8 6 8 1 6 6 1 10 5 10 9 10 2 5 1 2 0 6 10 5 4 6 5 8 5 5 8 0 2 4 2 2 6 3 8 0 4 0 10 0 7 4 5 1 6 3 1 8 6 0 7 4 4 1 1 7 1 9 0 0 0 8 10 3 8 7 6 0 10 8 5 4 0 3 3 7 7 2 1 10 4 6 2 0 8 7 3 5 0 3 8 3 7 9 10 9 5 9 9 7 5 1 5 6 2 0 6 0 2 6 3 8 3 10 2 9 1 0 3 8 10 9 3 2 4 4 0 2 2 8 2 2 3 6 3 7 10 8 0 1 1 4 1 8 9 4 10 10 8 4 9 4 4 2 9 8 10 9 5 10 6 5 1 2 0 0 5 8 0 9 2 8 10 8 8 6 4 2 10 8 2 2 7 4 9 7 3 4 9 6 9
0 9 5 1 0 0 7 4 10 9 8 6 0 6 6 7 0 2 10 5 5 10 1 1 1 9 4 7 1 1 2 3 2 8 6 9 2 10 4 7 6 2 8 10 10 4 3 2 8 8 9 5 1 4 2 2 3 4 6 0 9 10 6 2 5 3 2 8 7 8 8 8 7 6 6 3 10 8 9 2 6 4 6 0 3 9 9 6 0 8 4 7 9 9 9 8 8 1 7 9 7 6 10 9 9 3 2 10 7 2 4 0 4 8 4 4 2 1 6 8 0 8 7 6 5 4 2 5 3 10 7 6 3 1 6 7 1 7 8 1 1 10 5 6 5 6 5 5 7 4 9 9 9 5 9 10 6 8 5 3 9 0 9 1 7 3 8 1 2 5 2 9 8 7 7 10 3 5 3 6 0 3 2 8 5 9 9 8 4 6 8 0 4 5 4 3 1 8 4 6
10 1 10 7 6 0 0 10 8 5 7 10 2 3 6 10 6 4 3 0 2 1 2 8 6 9 8 3 2 7 2 2 0 8 4 3 2 10 5 6 0 4 9 2 4 2 0 1 0 1 6 9 1 5 7 6 0 2 10 7 3 1 3 9 6 0 2 4 6 2 1 6 9 8 5 0 4 5 6 9 5 7 10 3 2 2 9 1 1 3 2 1 9 9 5 7 10 9 2 9 10 5 9 10 7 1 0 4 6 5 1 3 10 1 6 5 5 9 8 9 3 10 5 1 0 1 5 5 3 4 0 4 7 5 2 1 9 9 5 6 6 7 2 10 9 4 3 10 0 6 9 8 6 8 7 6 0 6 6 2 1 5 9 10 0 7 0 1 5 2 7 7 0 1 5 1 8 3 5 6 0 8 2 8 0 1 7 8 9 1 4 7 8 3 3 3 0 9 7 10
9 6 9 10 0 4 0 0 9 6 8 7 5 10 10 6 4 3 0 2 1 0 4 5 4 6 2 5 2 4 8 3 10 1 6 7 6 10 10 7 4 10 4 3 0 7 4 1 6 7 0 4 2 8 5 1 6 7 6 2 8 7 0 0 1 8 0 2 9 9 9 3 7 0 2 2 7 5 6 2 10 3 1 1 2 2 4 3 0 4 8 4 10 7 5 7 10 0 0 7 1 5 1 6 2 5 1 2 3 2 0 2 1 3 2 0 7 2 6 1 2 5 7 2 0 0 1 1 4 5 4 2 6 2 0 8 6 7 3 2 1 1 1 6 6 7 5 10 7 3 4 9 8 7 5 2 10 10 5 6 10 5 8 2 0 4 6 5 2 2 1 8 8 7 10 4 6 2 5 10 7 0 1 7 7 6 3 0 1 3 9 2 6 6 5 8 4 7 6 1
5 9 8 1 5 6 8 4 0 5 3 9 5 0 9 7 8 4 1 0 4 4 10 8 2 7 3 7 3 8 0 1 4 10 7 4 9 9 9 8 8 7 2 0 4 1 6 2 10 2 10 9 10 7 4 0 0 1 0 9 10 3 10 3 2 0 1 3 4 10 10 3 3 0 4 3 5 0 2 7 5 1 10 2 1 5 7 1 9 0 3 7 8 3 8 8 0 5 5 2 4 7 9 10 3 1 4 1 6 6 6 9 0 1 0 5 2 8 7 0 8 7 9 9 6 0 9 2 5 1 7 0 9 2 0 7 8 10 9 6 1 3 5 7 0 3 0 7 9 1 8 5 9 8 6 2 6 4 2 0 6 10 10 4 7 4 5 10 6 7 10 8 10 4 5 5 2 0 4 10 0 5 2 0 1 3 8 10 8 1 8 10 0 1 7 0 9 1 6 10
3 0 0 8 10 2 3 8 2 0 10 10 2 4 4 0 2 4 1 0 4 2 2 2 1 3 10 8 7 8 8 0 0 2 7 8 9 0 2 7 1 10 1 5 0 8 6 8 2 9 9 8 9 5 2 9 3 2 6 2 7 0 3 1 8 8 7 0 6 1 3 10 0 9 5 2 4 0 5 0 0 5 5 7 5 2 10 9 2 2 8 2 8 8 8 10 8 9 4 7 10 5 6 8 10 6 3 3 7 8 2 10 7 2 10 4 2 9 4 7 3 1 6 4 2 2 2 7 7 4 3 0 9 5 8 4 3 0 1 10 7 8 8 0 4 2 6 10 6 9 4 2 0 9 4 5 4 8 0 4 2 4 9 9 6 1 1 9 10 5 4 8 8 4 6 5 0 1 1 5 1 6 9 7 10 4 10 10 10 10 7 4 0 10 6 6 3 10 7 1
1 8 2 6 7 10 1 4 3 8 0 7 2 6 6 8 3 10 9 8 6 0 8 2 3 7 0 5 3 9 2 0 9 2 4 5 6 9 1 8 7 7 0 9 6 4 9 4 0 4 7 2 1 3 10 0 9 6 0 5 6 0 10 1 9 0 3 7 4 4 1 7 1 6 7 10 8 8 4 7 5 5 5 9 7 3 5 3 10 7 1 6 9 1 9 1 8 6 0 10 1 3 2 4 5 10 6 6 1 4 8 0 6 9 2 7 7 4 8 5 10 2 1 8 4 6 5 8 7 7 6 0 0 3 9 3 6 6 8 5 1 2 1 9 4 5 8 4 6 10 4 3 10 1 7 0 7 5 4 3 4 10 2 4 10 10 6 9 8 2 6 4 0 9 9 6 1 6 6 6 2 6 0 10 6 7 2 6 4 5 9 10 0 2 9 6 8 0 0 6
1 1 7 5 6 0 0 3 5 2 10 0 7 7 0 9 6 6 3 9 9 0 6 6 4 4 2 2 1 10 6 4 4 2 0 3 1 8 6 0 10 6 5 4 1 4 0 5 0 8 0 2 5 9 4 8 9 7 2 3 0 7 4 7 7 5 0 9 7 10 2 2 2 8 0 4 6 8 0 7 0 9 0 1 7 9 6 5 8 7 7 3 4 4 6 8 6 4 10 10 2 9 4 7 5 10 10 1 4 5 2 4 6 1 10 3 8 7 7 8 9 9 1 3 8 2 0 0 2 1 2 2 10 5 10 10 3 1 1 8 8 2 6 8 1 1 1 2 0 2 2 8 1 7 1 10 8 0 9 0 7 6 3 4 8 1 1 3 1 1 8 4 1 2 7 8 10 7 8 6 4 4 10 0 7 6 3 6 3 2 4 7 4 0 4 2 6 2 9 5
6 5 9 7 7 1 10 1 0 10 2 2 0 2 5 8 7 0 5 1 3 6 6 5 5 2 6 6 2 0 10 0 1 10 7 8 4 10 0 2 7 3 0 0 5 4 5 9 5 10 8 5 10 4 7 9 1 7 9 9 9 3 4 9 4 1 8 3 0 0 7 7 1 4 10 2 5 8 10 8 8 5 5 6 8 3 7 10 9 2 3 10 10 6 4 7 9 1 3 7 8 0 8 2 5 3 2 3 0 10 6 4 6 9 5 9 5 8 0 10 10 9 8 10 0 6 10 1 10 5 9 8 2 10 7 7 3 5 3 8 2 2 4 0 2 1 7 9 0 5 10 4 8 7 1 2 8 1 10 6 7 7 6 7 3 10 0 5 5 10 8 6 7 9 8 3 3 4 2 4 8 1 4 8 1 1 4 0 5 9 0 10 6 4 6 6 3 10 1 10
3 2 2 4 10 5 10 2 8 10 8 4 3 0 2 4 6 10 0 1 6 2 10 4 10 4 7 7 2 3 2 4 7 7 7 0 4 5 5 2 6 10 3 10 2 5 8 0 5 0 10 9 10 1 0 8 6 10 10 4 2 10 9 4 3 0 7 4 7 4 0 7 4 5 6 2 8 5 2 1 10 1 3 2 6 3 5 0 9 6 10 9 5 3 7 2 3 2 5 2 3 7 2 0 0 3 7 7 1 3 6 6 6 7 5 0 8 6 7 4 10 3 0 4 9 3 9 4 8 1 4 7 4 10 8 2 1 6 10 3 6 4 0 10 9 2 3 0 4 8 1 10 7 8 7 9 5 0 8 3 6 5 10 0 4 3 7 6 0 9 1 8 8 7 9 7 0 8 3 5 10 6 7 3 7 1 3 9 7 6 3 10 4 2 0 4 8 2 3 8
6 3 3 8 7 2 7 0 5 2 8 10 6 4 0 0 0 6 2 7 10 9 10 6 5 10 0 9 9 8 8 7 0 0 4 1 4 9 2 0 3 8 6 0 0 4 7 6 4 3 10 1 10 8 4 6 1 5 4 3 10 1 7 6 1 2 6 9 1 6 5 3 10 9 6 6 7 3 1 3 6 2 8 3 4 10 3 3 1 1 6 4 3 6 4 4 10 2 9 7 1 1 7 9 9 2 0 7 5 7 2 4 5 8 1 10 1 0 10 2 9 8 8 5 9 9 1 0 7 7 10 5 8 6 2 6 7 8 9 0 2 3 2 8 2 3 10 7 10 10 6 10 4 3 8 6 5 0 10 8 5 6 5 8 0 6 10 3 10 1 0 2 5 6 8 10 5 6 1 0 5 3 1 0 3 0 2 7 0 8 3 10 5 4 4 0 2 3 7 10
3 2 10 9 3 1 1 7 0 0 0 9 4 8 0 0 3 7 5 0 6 0 4 0 3 6 7 8 9 8 8 9 6 6 7 6 0 8 2 3 6 3 3 9 7 0 5 10 4 5 7 5 4 9 6 10 5 9 10 6 4 9 10 0 7 5 8 9 5 1 6 10 9 8 3 3 0 4 1 3 6 7 5 1 10 6 7 2 10 10 1 5 0 8 2 3 6 0 0 2 7 9 6 8 10 2 10 5 7 2 2 4 3 5 5 8 10 6 7 4 1 9 7 8 10 7 5 4 9 1 7 6 7 2 3 2 10 7 3 9 4 5 7 2 1 4 6 1 1 4 5 6 2 6 7 2 3 0 4 9 4 4 9 10 9 9 9 0 7 0 6 6 3 3 2 9 7 4 1 10 7 1 6 9 0 1 1 0 10 9 6 2 0 5 9 10 8 3 7 3
8 5 8 0 7 10 3 7 4 9 9 7 5 2 1 2 0 2 3 3 4 0 2 6 8 1 7 1 1 0 6 5 6 9 7 6 0 7 0 10 3 5 5 2 3 9 6 6 6 3 8 7 9 10 8 7 9 5 9 0 2 5 1 3 7 0 2 7 5 2 7 7 8 3 2 7 4 4 6 3 2 8 5 1 6 4 7 8 7 6 10 9 1 2 6 7 1 5 0 6 10 7 6 5 10 5 5 0 2 3 6 2 6 10 8 0 3 1 4 2 2 2 9 10 1 1 5 1 7 8 7 0 6 10 10 2 5 2 4 8 1 0 6 0 6 1 10 9 0 5 9 4 1 5 9 7 4 10 6 10 2 1 6 6 10 7 2 7 3 9 8 3 8 6 8 1 10 6 1 5 2 2 10 5 2 3 0 7 4 2 6 6 10 8 2 1 8 5 4 0
9 10 9 3 10 10 6 2 6 0 3 6 2 8 1 5 4 0 0 8 4 10 10 3 1 2 9 7 3 3 1 1 2 8 9 2 2 8 4 5 1 3 10 10 6 2 7 4 9 7 5 4 0 10 3 9 2 10 3 2 4 8 6 2 1 10 5 4 4 7 4 0 5 4 4 4 10 4 4 10 2 5 0 6 7 3 8 1 7 3 6 10 9 10 2 1 4 2 2 8 6 0 6 10 2 2 0 7 6 2 8 7 8 9 2 2 4 10 5 7 5 3 6 9 9 9 3 2 1 9 5 3 6 1 4 3 5 6 8 6 0 7 9 4 6 1 10 2 3 2 5 5 7 3 1 2 9 2 10 2 0 5 7 10 6 9 5 4 5 7 4 8 7 10 8 2 6 10 9 10 0 2 5 6 6 1 2 6 2 9 1 2 5 2 9 10 8 2 10 10
0 10 2 8 9 8 7 5 8 1 6 2 8 6 7 2 8 0 0 3 0 5 4 4 7 10 5 0 8 3 8 5 5 1 3 0 3 6 8 9 9 5 5 2 5 0 7 6 0 6 9 6 4 8 8 7 6 8 3 5 10 6 7 4 4 8 0 4 7 5 0 4 6 10 8 6 2 4 2 9 7 6 1 0 1 3 0 6 7 8 3 7 7 0 1 3 6 1 6 6 8 4 6 0 8 4 9 6 4 2 10 7 7 3 0 2 0 8 8 10 3 8 5 6 1 6 7 10 5 10 4 4 7 4 1 8 7 1 9 6 9 0 6 10 5 3 6 1 2 0 5 4 3 7 0 4 10 8 1 2 1 10 3 0 0 6 1 6 7 9 4 8 5 8 10 1 10 2 8 7 4 2 9 4 5 5 2 0 9 1 7 9 8 2 2 1 7 3 7 9
8 0 3 3 2 4 7 9 9 1 7 3 1 10 4 4 9 3 9 0 2 6 8 7 3 9 7 9 1 10 5 8 5 2 2 10 1 0 10 10 9 7 5 1 4 4 10 3 4 2 2 2 5 2 9 0 10 7 8 10 0 9 2 10 9 9 0 8 10 8 7 5 4 0 4 5 4 0 0 5 1 8 5 0 5 5 5 2 10 8 8 8 7 10 7 1 9 8 6 1 1 3 10 9 7 7 2 8 2 2 1 10 3 3 2 3 1 3 6 4 4 8 5 1 3 2 1 3 5 0 6 0 10 4 3 4 5 2 9 3 9 8 8 4 1 9 6 8 7 6 1 6 3 4 2 2 1 3 1 10 6 9 0 10 5 1 5 8 3 3 1 7 2 1 7 4 8 3 5 2 6 2 2 7 3 10 3 7 9 8 3 1 10 7 9 4 3 0 8 7
6 1 2 10 3 0 6 6 7 10 3 4 3 10 2 8 2 0 2 10 0 1 9 9 3 9 5 6 4 1 0 6 5 1 5 8 8 7 7 4 6 1 3 10 6 7 10 1 10 3 9 8 8 5 1 0 8 2 7 3 3 9 4 7 6 3 6 9 7 10 3 9 3 10 2 1 4 5 2 1 1 10 5 9 8 10 3 8 7 9 6 0 0 2 3 4 10 7 4 9 4 9 4 9 0 9 4 6 1 3 4 3 2 7 6 5 10 6 10 3 2 2 3 8 5 9 1 3 0 9 7 9 4 4 2 1 6 9 7 5 10 8 6 1 0 6 6 7 3 2 6 7 8 1 6 6 7 2 5 4 10 1 5 5 6 5 9 4 1 5 8 3 6 9 3 0 7 10 8 8 10 3 7 8 2 10 4 8 6 7 9 8 6 10 0 0 2 8 1 3
10 6 7 7 0 4 4 6 10 1 2 5 8 7 2 8 10 6 7 6 9 0 10 8 3 2 9 10 2 7 8 7 4 3 6 5 3 6 4 8 9 2 2 6 3 2 7 2 8 5 9 0 4 4 0 0 7 10 6 6 0 7 2 2 3 3 7 0 8 3 3 0 0 2 6 4 2 6 10 2 8 5 2 6 2 0 10 7 4 9 0 1 4 1 3 0 3 3 2 7 1 5 10 3 5 0 10 9 0 4 9 3 10 0 2 7 8 0 1 9 2 5 4 2 5 9 3 7 6 3 4 7 7 6 6 6 1 2 0 1 0 8 6 9 3 6 2 8 7 8 10 3 10 9 5 4 8 9 10 4 5 6 8 10 0 6 2 7 4 6 10 5 0 3 5 2 5 4 7 8 9 5 0 2 5 6 9 8 5 5 2 6 4 4 10 0 4 7 8 2
2 6 6 9 9 10 3 6 5 2 9 2 1 4 7 9 1 0 1 7 7 8 0 7 7 3 9 4 8 1 6 3 10 6 6 3 0 3 4 0 10 6 4 0 2 1 9 7 0 6 5 1 1 6 10 7 8 5 4 10 5 4 0 0 10 3 7 8 0 5 8 10 3 5 2 5 3 4 2 3 7 7 1 6 3 7 6 4 1 3 9 1 2 9 1 8 5 1 4 10 9 3 9 7 3 2 3 3 3 1 2 5 5 3 6 4 0 4 0 4 6 1 3 5 1 4 4 5 4 7 0 5 8 5 1 1 1 8 4 5 6 5 8 3 9 1 4 1 4 9 10 2 3 8 9 8 6 2 7 5 9 9 9 4 5 10 5 7 6 1 10 2 8 4 2 8 3 3 2 3 6 2 8 10 0 10 1 10 8 0 3 8 7 7 10 6 8 1 3 2
7 8 1 4 9 5 9 6 4 3 3 3 6 0 6 5 7 1 2 1 10 3 5 0 9 6 1 6 10 4 9 7 2 9 10 2 0 7 9 7 1 1 4 9 1 6 6 0 5 1 0 5 4 1 8 8 0 8 2 7 9 8 6 5 10 2 3 8 6 0 1 8 4 3 6 7 1 1 4 4 6 8 0 1 9 3 4 9 8 9 1 9 9 3 8 4 9 2 10 2 8 8 8 7 0 1 1 6 7 6 10 2 4 7 5 7 2 2 3 2 5 2 1 7 9 4 2 1 3 8 10 0 5 4 7 8 10 5 10 5 6 5 7 8 0 4 6 7 9 2 8 10 1 2 4 0 7 0 3 0 1 2 0 2 8 9 6 9 0 2 4 8 1 1 1 3 9 7 4 0 10 7 9 7 6 10 1 9 1 6 0 7 9 9 6 7 0 6 4 7
9 0 2 2 6 2 6 0 10 9 4 2 4 7 10 2 4 6 10 5 9 8 0 5 0 0 5 1 10 0 5 4 3 0 2 9 5 9 9 5 1 3 0 10 10 1 1 7 1 5 10 3 7 3 3 1 6 8 9 6 9 1 6 2 8 0 6 3 4 5 9 2 4 4 4 0 0 7 4 8 10 3 10 4 6 0 5 4 0 4 3 3 1 5 1 3 1 10 10 9 8 9 2 6 7 7 7 6 9 3 2 0 5 9 3 6 4 6 4 7 10 10 10 3 3 5 1 5 4 10 2 6 9 6 9 2 10 3 7 4 9 2 5 5 7 9 9 10 7 5 2 7 2 3 6 10 10 1 10 2 5 3 10 2 10 0 1 6 7 10 4 8 0 10 6 0 3 9 6 9 6 4 3 3 9 6 6 1 8 4 0 1 10 6 8 0 9 4 7 9
8 8 8 6 2 2 10 2 2 6 10 6 6 0 9 1 0 5 10 5 7 5 6 2 6 0 4 5 8 4 2 5 6 7 7 1 8 0 1 0 5 4 4 3 3 2 5 7 1 1 0 6 9 8 7 5 4 9 1 3 2 6 5 10 9 2 10 8 2 8 4 10 7 4 10 4 4 3 10 0 8 10 9 7 9 2 0 4 10 5 1 6 1 2 4 10 9 0 1 9 9 2 10 9 7 8 4 1 4 1 3 7 9 6 7 8 1 3 6 8 6 4 9 4 4 10 1 1 4 4 4 8 1 8 6 4 7 9 8 6 2 2 10 2 7 7 8 4 5 8 0 8 5 5 7 5 0 6 5 6 5 5 0 5 0 1 3 2 0 6 5 3 10 10 1 1 5 3 0 8 1 5 0 7 7 1 3 9 8 8 5 0 0 9 7 3 3 0 6 8
0 8 6 2 9 10 0 5 7 7 2 2 0 1 7 9 7 8 2 8 5 1 0 7 5 4 0 10 0 10 3 3 3 5 10 7 0 8 5 8 4 4 9 1 10 8 5 1 1 0 4 0 3 8 4 2 5 9 8 3 2 10 0 4 10 5 1 6 8 10 9 6 6 8 7 1 10 8 9 0 6 2 7 10 4 4 7 3 0 10 4 10 8 0 3 0 8 10 9 4 10 0 9 1 4 1 5 0 9 10 5 6 6 10 4 8 0 3 0 5 5 9 3 8 0 1 10 1 4 3 0 7 1 7 2 0 6 7 9 7 4 1 6 4 2 10 6 8 2 5 4 9 0 3 5 8 6 8 5 2 4 5 9 7 7 10 6 1 0 6 1 4 2 9 10 2 8 2 10 3 4 8 5 5 3 0 0 9 1 1 3 1 7 3 10 10 1 5 10 6
1 8 5 8 6 5 10 5 8 4 10 0 0 4 4 3 1 6 6 4 10 8 3 10 2 8 9 0 10 5 10 10 10 5 1 7 10 10 7 9 5 8 1 9 1 7 6 4 5 7 2 5 0 8 3 8 7 8 8 5 3 9 7 4 1 9 9 10 6 2 7 1 0 4 5 9 0 6 6 8 4 6 2 6 2 8 9 7 10 6 8 9 2 3 0 9 4 0 9 2 1 1 8 10 8 1 0 5 10 2 6 5 4 6 5 9 0 10 4 8 2 9 8 6 8 8 4 6 7 6 7 5 7 2 8 7 3 3 2 10 5 7 0 8 7 8 0 10 10 0 1 3 10 5 10 3 5 1 2 6 3 10 2 5 8 8 6 3 10 0 0 2 0 8 5 3 9 8 9 4 6 4 1 6 7 2 4 2 4 0 2 2 9 4 5 4 7 7 1 0
4 8 6 4 0 0 10 0 4 4 6 9 2 2 2 9 6 2 5 10 7 7 2 3 9 10 7 10 0 4 8 2 1 1 5 7 3 10 6 10 5 9 10 5 3 2 10 4 0 10 0 2 9 5 4 5 1 3 0 1 4 7 10 7 1 3 0 9 4 5 3 8 2 8 1 0 10 3 7 0 6 7 3 9 5 8 9 9 7 9 6 1 5 10 10 7 2 3 5 9 8 7 0 3 5 3 10 2 1 4 8 4 8 2 6 3 4 4 9 0 10 4 4 9 7 6 1 7 3 0 7 7 5 3 4 7 7 8 4 2 3 9 4 10 3 6 8 2 1 5 0 0 9 7 4 4 2 8 6 8 10 8 10 4 10 1 4 8 5 3 3 1 9 3 9 2 3 8 7 5 10 7 8 4 10 9 0 8 2 10 9 4 0 5 1 3 7 2 7 8
10 1 0 3 1 8 3 4 1 10 8 9 8 7 10 9 1 5 8 5 7 2 4 3 4 2 4 10 7 0 6 5 3 5 9 6 0 7 5 8 9 7 1 10 5 10 10 9 4 7 4 9 3 9 5 3 10 7 10 6 7 8 9 7 8 6 7 0 4 10 2 3 1 1 9 9 2 10 3 9 0 10 5 5 3 6 4 1 6 2 5 8 7 10 6 9 2 3 10 9 0 6 0 8 3 7 6 10 2 10 7 5 10 8 10 9 3 3 5 7 6 6 2 1 3 9 0 3 8 10 6 3 9 9 0 8 3 4 10 5 8 8 1 1 6 4 3 7 5 0 0 5 5 6 4 5 7 6 3 10 9 8 6 3 7 8 9 7 2 0 8 10 9 3 7 10 3 8 4 8 1 7 6 5 2 9 3 5 4 4 6 8 4 6 4 9 5 6 2 9
2 0 1 10 9 4 6 4 8 9 7 5 10 3 6 7 10 3 1 2 7 6 8 0 8 6 5 10 10 2 0 4 3 4 10 1 1 1 10 9 1 9 1 8 1 4 5 9 5 1 2 4 5 0 8 9 7 5 9 0 7 7 1 10 0 0 3 7 6 2 8 10 3 8 5 7 2 4 7 3 2 5 0 3 10 0 4 6 6 8 10 9 7 7 5 4 10 9 1 8 5 2 7 1 7 0 10 2 6 5 9 1 9 0 6 0 5 1 7 10 1 5 1 4 5 3 6 0 2 2 1 6 7 7 3 8 8 4 2 4 0 4 0 9 2 4 9 3 7 1 1 6 4 2 10 1 3 5 1 4 0 1 3 9 1 0 10 5 3 8 10 2 0 9 9 0 4 4 10 3 7 9 1 8 10 5 0 6 3 5 10 0 10 0 6 10 3 8 3 10
3 8 4 4 10 8 8 6 5 1 7 7 3 5 2 7 10 7 9 9 4 3 6 3 9 9 5 4 6 10 10 0 9 6 6 7 6 2 10 6 4 3 4 5 10 9 7 9 2 4 1 9 3 5 0 8 2 0 3 3 8 5 10 6 5 1 6 5 2 2 4 1 7 0 1 9 9 9 2 8 9 4 4 1 8 6 9 2 7 9 2 6 6 0 6 10 5 6 4 3 5 10 0 0 0 2 5 1 10 3 0 0 8 6 6 3 1 1 1 2 5 4 4 7 1 3 7 3 4 0 5 9 3 1 2 8 10 3 5 4 6 10 3 6 7 5 2 0 10 4 7 6 4 6 0 3 1 9 9 3 1 9 5 0 5 0 7 9 2 5 6 4 1 8 8 8 4 6 4 6 7 9 5 0 2 7 6 1 1 10 4 8 6 0 8 2 10 7 0 6
4 0 3 6 8 10 3 9 5 7 7 8 8 8 4 1 4 8 0 3 7 0 8 10 7 5 6 6 7 0 2 8 0 5 9 3 4 6 0 0 2 5 4 3 1 5 2 2 9 2 6 0 10 6 8 1 9 2 9 7 8 6 8 7 2 9 7 1 0 2 4 5 0 8 1 8 4 1 1 2 2 6 5 5 6 0 9 6 5 3 3 3 0 9 3 7 7 0 1 10 4 4 1 6 2 0 1 1 7 2 7 3 5 8 9 0 3 9 6 5 0 1 4 7 8 2 8 4 5 4 1 4 9 0 5 2 4 3 9 1 3 4 8 6 8 7 6 3 7 7 6 9 6 4 5 7 2 1 8 7 10 5 0 1 6 1 0 6 9 3 6 8 0 7 1 6 6 7 7 3 7 2 7 1 3 1 7 7 7 2 5 8 2 4 4 3 4 9 5 8
6 5 9 1 4 4 8 9 2 8 1 7 3 1 5 3 8 9 3 8 3 4 9 1 3 6 9 8 1 4 3 2 2 0 8 10 6 6 3 5 9 1 10 1 0 10 10 8 6 3 0 5 9 7 6 8 8 2 10 5 6 7 7 3 1 3 2 10 5 10 7 1 5 9 7 9 8 6 4 9 6 6 6 0 2 5 7 7 6 6 8 3 10 3 7 9 4 10 0 3 4 10 2 8 2 8 8 7 8 4 7 9 4 0 8 8 10 3 1 7 2 9 2 10 10 1 10 0 6 7 5 7 9 7 7 0 1 2 9 4 8 4 3 3 3 1 1 1 10 3 1 7 0 0 9 8 2 2 4 1 9 9 10 10 5 6 2 8 1 2 8 3 2 2 4 8 5 0 6 3 7 10 4 8 9 7 6 1 8 7 6 7 10 2 7 9 9 6 6 2
4 8 5 4 6 0 10 4 5 1 10 5 4 8 1 0 6 7 10 1 10 2 6 1 2 10 0 1 5 9 7 2 10 4 0 3 6 0 1 10 4 1 2 1 2 6 3 4 6 3 8 9 6 3 2 8 7 3 7 1 2 8 7 5 9 0 1 5 8 7 9 4 10 10 8 2 1 2 0 8 2 0 2 0 6 0 5 0 5 2 6 4 1 7 9 9 6 9 8 0 9 8 3 8 8 7 3 9 3 9 8 0 1 9 1 3 3 6 9 7 4 10 3 6 1 3 9 8 9 10 0 9 7 6 4 3 6 7 5 0 10 4 4 7 4 7 5 8 1 3 9 7 7 7 4 4 7 2 2 0 8 9 5 1 2 6 3 2 3 6 10 3 9 6 4 9 8 10 8 4 2 8 2 4 10 7 0 1 3 2 6 8 3 0 3 4 0 3 8 3
6 1 4 7 2 9 2 10 10 2 4 6 3 3 7 1 3 5 3 0 10 7 9 7 4 7 3 4 2 9 3 4 10 2 4 0 6 0 0 8 9 7 0 0 0 5 8 6 0 1 4 3 4 8 10 10 5 0 5 0 9 9 7 5 3 2 7 1 9 1 0 10 1 9 3 2 4 8 4 6 6 9 9 9 7 0 7 9 3 7 1 1 5 6 6 3 2 5 1 2 8 1 3 5 10 3 3 7 6 7 2 4 4 0 8 8 3 7 5 3 5 6 10 7 9 4 7 6 8 0 4 9 3 10 1 3 1 10 10 5 6 1 0 7 7 1 0 7 7 1 6 2 0 1 10 2 8 0 5 5 1 5 5 4 2 8 4 10 10 2 0 10 8 1 0 6 1 7 7 0 4 7 1 8 1 3 10 9 9 8 6 3 8 5 6 1 8 9 5 4
7 4 3 10 8 4 10 1 5 9 3 0 1 10 10 10 7 3 4 7 3 4 4 5 1 10 2 10 5 8 1 4 10 10 5 4 0 1 0 2 8 6 10 5 1 7 3 7 8 10 9 0 4 6 10 4 10 1 9 10 7 4 0 0 4 7 5 0 9 8 7 0 5 0 0 4 3 2 5 0 8 8 7 2 3 9 10 8 8 6 4 4 9 3 5 10 3 9 10 8 8 1 4 1 6 8 7 8 7 7 7 6 3 0 10 5 0 7 0 5 3 6 3 6 5 3 10 2 1 7 2 5 2 4 5 3 10 7 10 4 6 10 6 1 0 0 10 3 1 2 5 3 6 10 8 7 7 2 10 3 6 0 10 7 7 10 0 4 3 2 3 2 7 4 0 10 1 4 9 6 4 2 6 2 6 1 7 4 7 4 0 1 5 6 6 3 6 4 3 1
0 9 3 0 0 6 9 8 1 0 2 9 6 8 3 10 0 4 5 7 8 1 8 5 9 3 0 5 4 0 4 1 7 5 9 6 5 0 10 6 8 9 6 10 3 0 5 2 1 9 9 8 8 7 0 8 9 1 9 10 8 8 9 3 4 7 2 4 0 5 2 10 6 3 0 5 7 5 10 7 10 10 0 2 8 2 1 1 1 5 0 5 7 5 0 0 7 0 1 1 1 5 0 10 8 7 1 8 8 10 6 6 3 6 7 2 3 9 0 8 2 4 5 8 0 7 3 8 1 8 4 10 5 5 6 7 2 6 1 7 9 5 1 4 10 6 3 6 10 5 6 0 8 4 4 1 5 1 4 3 6 0 2 0 6 4 1 6 6 1 3 9 1 5 5 4 9 10 5 6 0 10 5 0 0 9 7 8 4 4 9 9 6 6 2 2 5 7 0 1
4 6 2 1 5 2 3 4 6 6 2 7 8 9 1 8 2 2 7 1 6 10 9 1 1 6 2 8 2 3 4 3 0 5 7 9 4 4 0 6 2 9 1 9 1 10 10 4 7 0 7 1 1 5 10 3 0 1 5 10 9 5 2 4 2 7 10 4 1 10 3 4 0 0 6 1 6 8 3 7 1 7 1 9 0 2 1 2 6 9 10 4 5 4 9 9 1 3 6 5 0 10 7 8 8 8 3 8 10 9 10 6 4 4 1 1 10 5 6 7 10 2 6 0 7 10 0 1 8 9 8 10 9 2 1 2 2 10 9 1 6 7 2 10 10 0 4 5 3 8 10 5 8 5 10 7 5 8 0 8 7 4 10 4 0 8 0 3 5 9 9 5 2 7 1 8 2 2 9 7 10 8 9 10 8 1 0 10 5 5 8 6 0 4 2 4 6 8 2 0
10 2 8 2 0 6 10 3 4 0 0 5 7 6 0 4 9 10 5 3 3 0 3 7 3 10 3 10 3 7 10 7 6 6 9 5 1 5 4 0 6 3 1 2 7 1 1 5 9 3 1 3 1 1 3 1 5 8 2 2 1 2 1 5 3 8 1 5 2 10 7 4 4 9 0 8 3 5 4 9 9 1 1 9 10 4 9 4 7 4 7 6 0 3 6 5 5 0 8 10 6 3 7 2 6 5 3 5 5 7 7 5 5 6 10 10 10 5 6 8 1 9 9 4 7 8 3 3 6 9 8 5 0 9 6 1 0 3 10 6 0 2 10 4 6 8 7 9 10 8 4 1 8 5 5 6 2 7 5 7 3 5 3 0 0 7 6 9 5 0 3 6 4 6 3 5 9 7 0 5 5 3 10 1 2 7 9 4 10 9 6 4 2 5 4 2 0 8 7 6
9 9 1 5 4 1 3 6 5 1 5 3 5 1 4 10 7 2 2 2 2 6 3 0 5 9 1 6 9 0 3 6 6 7 8 10 6 5 1 10 0 3 4 9 7 5 1 3 8 4 1 6 6 6 9 5 6 6 3 7 5 8 10 0 0 1 0 4 7 9 5 3 4 3 3 2 1 8 4 6 2 9 8 1 5 1 1 5 10 6 4 5 6 1 3 4 5 3 7 2 7 3 0 2 10 5 8 3 2 3 9 2 3 3 3 7 10 0 1 4 10 4 0 6 7 0 8 0 0 1 2 8 4 1 0 3 0 6 5 5 5 6 1 4 9 3 8 3 2 3 6 7 8 2 6 0 2 3 8 6 3 9 0 9 1 3 0 8 7 0 3 2 6 9 4 9 1 10 5 10 9 0 3 0 4 4 5 2 1 8 6 7 0 8 10 6 5 2 1 0
0 7 5 5 3 3 4 10 9 2 6 9 4 10 8 10 3 1 6 7 6 1 2 0 10 10 8 3 2 5 8 3 5 8 2 8 2 5 0 8 5 0 4 7 8 8 8 5 8 7 10 2 5 0 1 1 8 5 5 4 0 0 5 3 10 5 3 3 1 6 7 2 6 2 7 9 1 7 8 1 10 5 3 7 8 8 4 3 7 5 5 5 0 1 0 3 3 8 9 10 5 4 6 1 8 10 2 1 3 10 0 3 2 1 8 5 0 8 6 6 10 7 9 1 6 7 5 2 0 3 8 10 6 6 7 9 9 5 7 9 9 6 0 4 0 8 3 3 2 10 1 0 3 7 7 5 4 0 1 3 1 9 3 1 6 0 7 8 6 8 0 7 3 1 9 10 3 9 1 4 9 2 2 6 7 1 9 2 6 4 1 5 8 1 9 4 7 1 5 8
1 10 10 5 5 8 0 5 10 4 4 3 6 2 4 8 4 10 10 0 8 7 1 7 2 4 2 2 1 4 0 1 7 9 10 8 7 6 0 5 10 2 0 2 3 8 6 8 5 9 2 10 9 2 0 4 1 10 1 5 2 3 1 1 2 4 10 7 9 5 8 9 9 6 9 1 6 4 6 9 3 8 3 8 0 6 1 4 4 8 9 5 2 8 2 9 0 10 8 9 1 4 1 9 1 1 5 8 10 10 3 0 0 2 7 5 3 7 4 5 9 4 7 5 4 7 6 1 9 9 0 10 10 9 1 10 8 4 3 2 3 3 6 1 10 6 1 6 9 0 5 10 4 9 9 6 0 5 4 1 5 8 10 8 4 8 5 1 3 2 4 5 5 3 7 5 8 6 4 0 7 3 2 0 3 7 5 7 0 6 8 5 2 1 6 1 3 3 3 1
4 6 7 7 9 8 4 7 6 8 9 7 9 0 1 6 3 7 5 8 3 1 8 6 10 0 3 4 7 6 3 7 0 2 2 3 4 9 3 8 0 4 1 0 5 3 6 1 10 4 7 2 0 2 6 2 9 3 3 9 6 2 5 3 8 4 4 5 3 7 0 2 2 4 0 6 1 0 6 3 6 10 6 1 5 7 7 8 5 8 7 6 0 0 3 5 6 9 9 10 6 4 3 6 3 4 6 7 2 1 1 2 6 4 10 8 0 3 3 5 6 9 1 9 4 7 3 7 3 3 5 10 3 7 1 3 2 1 10 2 2 0 7 1 8 1 4 4 2 2 5 2 7 10 0 2 9 8 9 7 8 2 10 3 9 8 9 6 4 8 9 6 3 7 7 10 5 6 2 3 5 2 9 10 1 2 7 4 6 1 6 7 8 4 1 9 9 7 0 6
10 1 10 8 0 2 0 6 0 4 0 10 5 5 6 3 4 1 2 3 5 7 10 9 0 6 2 9 3 10 8 2 3 1 4 3 0 6 2 9 4 7 0 3 0 8 6 1 8 5 9 8 5 1 0 1 1 0 1 2 8 1 8 8 5 10 0 4 1 0 7 5 6 8 5 8 8 10 8 3 6 9 4 6 1 8 6 10 6 5 7 10 8 8 9 4 5 1 7 2 4 5 1 10 5 8 7 8 2 9 2 2 7 6 4 9 6 2 10 0 9 9 9 6 2 0 1 3 8 2 7 10 7 2 6 1 6 2 9 7 1 10 0 5 1 2 2 1 10 6 5 0 7 9 2 8 5 2 5 0 8 5 7 4 3 8 9 10 4 6 5 5 1 8 8 4 1 1 4 5 6 5 6 1 4 4 10 3 2 7 2 9 6 0 2 5 5 5 4 6
1 10 1 0 8 0 8 9 6 6 1 6 4 5 0 0 8 4 6 5 7 9 3 4 7 10 5 9 3 3 7 9 0 0 8 6 5 8 0 3 2 5 9 9 4 0 5 3 3 9 3 3 7 8 5 5 0 1 1 9 3 0 6 1 6 9 4 0 6 5 1 5 7 2 5 3 0 5 6 4 9 4 2 9 0 8 6 10 3 9 3 5 7 2 3 0 5 0 10 7 3 1 0 1 4 5 1 1 2 2 6 1 3 9 2 9 10 9 5 5 4 6 4 2 7 5 10 8 7 8 5 4 4 3 4 5 10 4 4 3 10 6 0 0 0 8 10 7 1 7 2 4 10 5 3 2 3 6 7 6 10 7 6 1 1 10 8 5 8 5 8 4 9 10 10 0 3 0 0 10 6 0 4 5 1 7 2 5 10 0 0 10 5 6 8 2 8 1 6 8
0 8 3 10 8 5 1 7 5 9 4 2 6 6 7 0 5 8 1 1 3 5 5 8 1 5 10 1 2 5 7 5 7 7 4 3 4 2 5 6 9 3 5 1 2 2 0 5 6 9 0 9 2 0 1 8 5 1 9 8 7 1 1 2 10 8 5 0 8 4 4 7 6 2 1 4 4 5 3 1 3 1 3 4 4 8 3 1 8 8 5 6 0 3 6 8 5 5 2 10 5 10 0 0 5 3 3 4 8 10 1 0 3 7 8 3 9 0 0 6 6 1 5 1 7 6 0 1 2 0 5 5 5 5 1 2 3 9 5 4 2 9 1 0 9 1 4 5 8 2 2 10 3 8 6 7 3 9 7 0 6 10 6 0 2 10 8 3 7 10 2 2 4 10 6 3 0 8 2 1 8 5 5 0 2 5 6 5 6 10 10 6 3 3 4 7 7 8 1 8
2 7 0 4 9 10 8 5 2 2 1 10 9 0 4 2 1 3 10 4 1 2 5 3 3 2 4 1 3 5 9 2 9 9 6 8 2 5 2 6 5 9 5 9 6 1 7 0 4 1 1 2 7 8 2 4 1 7 4 4 4 8 2 8 1 0 3 10 10 0 2 5 1 1 2 1 3 0 5 0 9 8 4 8 2 4 4 8 0 2 9 8 9 2 7 8 5 2 4 9 5 4 2 6 1 10 4 5 6 4 1 8 2 4 6 9 9 0 4 5 10 10 8 5 8 8 7 9 3 3 8 7 6 7 7 6 9 7 5 4 10 6 5 3 8 9 4 6 10 8 0 3 1 4 2 10 3 8 6 7 9 2 7 10 1 4 8 0 6 1 7 10 6 10 7 7 3 10 3 9 3 4 8 4 10 9 9 6 4 7 5 1 0 9 9 7 9 7 8 6
5 7 7 0 0 2 5 8 5 1 8 8 10 5 7 0 1 7 6 3 9 9 8 6 4 9 0 7 0 5 6 8 0 6 6 3 10 6 6 6 7 4 9 1 7 9 5 2 0 5 4 1 3 8 8 2 3 0 2 5 2 4 7 6 0 5 3 3 2 7 3 2 10 0 1 0 8 2 9 1 10 9 0 1 10 8 1 3 1 3 4 9 10 2 8 10 10 7 10 0 7 3 0 1 9 4 8 9 10 2 6 3 6 8 2 0 6 9 3 3 5 2 6 10 10 9 4 2 7 0 5 8 2 2 3 1 6 7 7 10 8 4 1 3 8 10 9 4 5 0 1 10 4 3 10 3 6 5 7 8 6 3 7 9 5 9 6 5 8 10 0 6 10 8 9 6 4 2 2 10 4 8 1 3 7 10 8 3 0 8 1 6 3 0 6 1 10 0 10 3
3 10 3 1 0 8 2 5 1 6 0 0 2 5 1 8 5 9 4 9 10 3 8 0 3 7 8 6 10 8 2 2 6 6 8 1 9 3 6 8 5 5 6 4 2 2 6 4 3 0 4 5 0 6 9 8 8 2 2 7 3 2 8 6 9 7 2 2 0 7 10 6 2 5 3 4 9 5 2 2 1 6 0 10 2 9 7 6 2 7 9 2 0 3 9 7 5 1 2 1 0 3 5 7 3 9 5 3 1 3 0 3 9 5 7 6 1 10 4 4 8 2 4 9 10 4 8 9 9 7 1 9 10 6 4 3 6 8 4 5 10 9 1 7 5 5 3 2 6 4 10 8 7 10 2 4 8 3 6 2 4 9 2 1 2 9 1 9 0 1 10 3 1 2 5 9 2 6 1 5 8 2 0 1 7 2 3 8 6 4 6 2 3 8 1 2 3 5 8 5
10 5 5 3 8 10 4 5 4 0 5 9 6 3 5 8 7 10 3 2 1 2 7 9 2 5 7 4 2 4 0 5 4 5 1 10 2 3 7 9 7 8 3 4 6 2 2 10 0 1 0 5 5 0 6 2 1 4 2 5 9 1 9 9 10 5 10 0 4 9 10 7 0 5 10 4 8 6 1 5 0 10 7 4 2 1 6 5 6 8 8 1 5 3 0 2 2 3 8 5 7 10 4 6 10 9 4 10 6 8 4 9 3 5 3 9 4 5 8 6 9 0 3 9 5 0 7 0 8 5 6 0 5 6 9 10 5 4 9 3 2 3 1 10 8 2 7 6 10 3 9 4 0 8 9 9 8 0 8 0 0 2 6 0 9 10 4 10 6 9 1 6 0 9 6 6 1 8 2 10 5 0 1 2 4 7 3 7 7 2 8 1 4 3 0 0 6 10 1 4
2 7 8 10 3 9 7 0 7 2 8 1 0 10 0 3 5 9 8 10 5 1 1 7 10 5 1 2 10 0 7 2 6 0 3 10 7 10 9 0 1 0 9 7 1 8 1 10 8 8 2 0 8 8 6 7 9 3 5 9 3 10 8 5 2 8 5 5 7 1 0 5 7 3 5 0 5 3 0 2 4 2 8 5 4 6 2 0 9 2 2 5 4 6 10 0 9 4 5 1 9 6 5 7 10 1 0 6 7 9 0 7 1 6 0 1 8 6 3 1 7 8 2 4 2 5 6 5 10 7 1 6 5 1 1 6 2 8 3 1 1 9 9 5 9 6 2 9 6 10 8 4 2 4 4 1 4 3 4 7 6 9 10 2 3 3 9 5 8 9 5 2 10 10 10 0 6 7 10 4 10 9 6 2 10 3 10 3 5 3 7 6 8 0 8 10 9 6 8 7
3 4 1 9 0 3 1 6 2 4 7 4 5 6 2 4 9 7 4 7 1 3 1 3 2 6 1 1 3 4 5 0 10 6 5 0 1 0 0 10 1 1 8 2 3 0 0 5 9 5 1 2 0 3 4 8 4 2 8 10 10 0 4 4 8 9 5 6 0 10 3 7 0 7 2 2 4 9 4 4 0 2 3 3 5 0 5 9 1 8 6 5 7 6 5 3 1 7 8 1 7 6 6 9 1 0 5 10 10 0 0 4 6 4 9 4 9 6 7 10 6 6 3 6 0 9 7 8 5 2 7 6 0 1 8 6 0 0 10 8 9 9 7 5 8 1 4 6 3 5 7 1 7 10 7 5 8 8 8 7 8 3 3 7 1 1 2 9 1 9 0 9 0 5 0 0 6 5 1 6 0 0 10 8 8 6 3 6 6 8 9 4 10 3 6 5 0 4 1 9
5 7 5 3 10 3 4 3 6 5 5 8 2 3 8 7 10 1 9 7 3 9 1 4 6 2 9 1 0 7 7 1 9 2 2 6 9 6 8 3 3 0 5 9 0 3 6 8 3 6 5 3 9 0 9 7 5 3 1 8 5 7 10 8 9 0 10 0 1 7 1 1 2 0 1 1 8 10 5 3 3 1 3 7 3 10 8 3 0 2 5 9 6 5 0 10 7 0 1 1 9 0 0 5 2 3 5 2 7 6 10 4 0 10 0 0 5 6 2 7 4 3 8 0 7 3 5 0 9 4 2 8 3 1 2 5 1 1 4 1 2 3 9 0 9 6 8 6 9 6 5 6 7 7 9 5 7 0 0 4 6 4 7 10 9 2 5 0 9 3 7 7 10 7 6 6 4 4 3 7 5 10 6 9 10 2 1 10 2 4 7 2 1 5 9 3 6 5 7 3
5 5 10 8 3 7 7 10 1 4 7 2 0 9 5 7 2 10 3 8 4 1 5 3 8 5 10 7 1 4 1 10 3 9 4 3 2 8 9 8 5 4 10 3 5 4 4 3 3 0 2 2 0 6 0 3 0 9 4 3 4 2 8 5 1 10 1 6 8 8 5 7 3 1 7 7 1 5 9 5 7 10 0 0 10 6 2 0 3 3 2 4 7 4 0 6 1 2 8 3 1 4 5 6 2 0 7 5 4 8 1 10 8 7 3 3 4 4 1 1 10 4 0 8 1 5 1 8 5 0 7 7 4 4 1 9 4 7 5 9 6 9 0 6 1 10 4 5 0 0 1 5 0 7 6 0 0 0 10 6 4 4 2 7 4 7 3 6 6 0 9 3 6 0 3 5 10 1 5 1 9 0 10 4 2 4 6 4 3 8 4 5 5 10 10 7 6 3 4 9
10 1 2 2 1 1 1 9 10 0 4 5 0 10 8 10 0 1 2 10 9 2 10 7 6 6 9 8 3 8 9 2 1 6 2 7 8 0 4 4 6 7 6 6 5 5 9 5 5 1 5 4 9 2 1 0 5 10 0 2 6 1 7 4 7 1 1 1 7 1 1 5 3 7 10 4 1 9 2 10 9 4 2 5 8 5 1 6 5 4 2 1 9 4 6 4 0 9 6 6 4 0 10 2 4 2 0 9 8 7 3 10 10 6 10 0 6 8 0 4 4 2 0 2 3 4 6 1 0 7 1 2 1 7 3 8 8 3 6 7 8 1 5 5 4 9 0 5 7 9 0 0 1 4 2 4 1 8 8 5 2 5 4 4 1 4 8 4 9 2 1 4 10 4 3 4 5 1 7 1 10 4 7 4 2 6 7 9 1 10 3 8 2 8 2 7 7 10 10 0
7 4 9 9 2 4 3 1 1 2 10 6 6 2 1 0 3 2 3 3 8 9 5 7 9 7 6 9 10 3 1 7 6 7 4 0 8 8 3 10 9 3 9 1 3 8 6 0 5 5 0 4 9 4 5 1 0 0 0 10 0 6 3 5 8 8 4 7 8 1 6 0 0 8 4 1 7 2 5 10 3 8 10 2 3 1 6 1 4 2 1 7 0 10 6 3 4 1 2 7 9 8 2 9 0 0 1 10 4 4 10 2 10 9 4 8 10 5 10 4 0 4 0 4 3 5 10 3 6 2 2 5 3 0 6 9 5 1 7 0 9 10 8 1 0 1 9 3 4 1 2 4 1 1 4 1 6 6 0 9 4 7 7 6 10 6 4 8 4 8 7 1 10 2 10 10 8 2 4 1 2 2 7 1 4 1 0 8 7 1 7 8 0 10 7 5 4 7 10 4
2 8 6 10 7 1 4 6 5 8 2 8 7 3 4 0 6 6 10 2 4 9 7 7 10 3 0 10 4 2 0 10 10 1 5 9 5 10 1 3 7 8 7 2 8 7 5 8 7 0 4 2 6 6 1 6 1 0 1 9 5 7 9 6 1 9 9 4 9 3 2 2 3 1 0 4 6 8 4 6 2 6 5 6 3 1 3 4 3 1 10 4 3 7 7 4 4 10 6 4 2 5 8 8 7 4 0 7 2 4 6 0 10 3 5 3 5 0 6 10 0 8 1 10 8 8 2 6 5 7 1 10 7 0 10 3 9 1 8 3 5 9 3 6 1 5 10 9 6 10 8 7 7 7 8 6 8 5 0 6 2 8 8 6 6 1 7 3 2 1 10 10 7 7 3 2 7 6 6 4 9 7 8 7 10 2 3 4 1 4 10 4 5 10 4 10 4 9 3 9
0 7 10 7 7 5 5 7 1 6 0 6 7 4 8 9 9 2 1 0 10 0 10 0 8 10 0 5 2 10 7 7 10 9 8 3 4 1 0 7 7 4 4 7 8 5 4 3 9 3 10 8 3 10 4 5 2 8 0 1 1 2 2 3 0 1 3 0 2 0 7 9 3 7 4 6 7 5 10 4 6 0 9 7 5 1 0 1 6 2 3 9 2 7 3 2 5 1 0 8 6 0 9 4 0 0 2 1 7 1 9 9 10 4 7 3 1 8 10 10 1 8 7 3 3 7 5 10 9 7 6 1 1 9 1 0 4 10 10 10 7 10 5 1 1 8 2 2 3 6 7 2 0 7 5 3 10 0 5 3 6 9 4 8 1 10 10 7 2 2 5 10 9 1 0 5 8 5 8 7 6 0 6 9 7 0 9 10 9 0 0 6 9 9 5 10 7 3 4 9
5 3 8 4 5 2 2 9 6 10 5 1 7 3 8 3 6 8 8 10 5 10 10 10 4 0 3 2 9 10 1 9 8 2 2 8 9 2 5 9 3 5 0 9 8 1 7 9 9 5 10 5 8 5 5 4 4 4 0 0 3 8 0 10 4 3 5 3 7 1 4 6 6 1 5 6 1 1 2 6 7 2 10 3 8 3 1 0 8 7 9 4 5 9 0 4 3 8 3 9 6 1 8 2 10 2 6 10 3 1 10 1 2 6 10 6 6 6 8 0 6 5 6 2 7 4 10 6 2 4 9 9 7 9 8 9 4 9 0 8 6 4 3 3 6 4 9 3 2 9 4 8 9 7 5 0 5 9 7 3 4 9 10 3 3 10 7 8 4 9 3 0 1 8 3 5 4 2 2 8 2 10 5 10 1 7 3 8 6 5 5 10 8 9 9 5 10 5 8 9
6 3 7 2 9 5 1 0 1 1 2 3 10 8 10 3 6 3 3 9 5 10 4 1 10 6 0 2 1 3 10 2 9 1 0 6 7 0 10 10 8 9 6 5 5 10 10 10 3 10 2 5 4 5 8 3 1 5 9 10 0 10 3 7 5 9 4 3 9 7 2 5 7 10 3 6 5 1 9 6 7 1 0 0 0 7 3 1 2 3 7 2 1 0 1 6 5 1 9 9 6 2 0 9 4 1 8 7 10 0 5 4 5 5 8 10 6 9 2 5 5 1 9 10 8 3 8 6 4 8 3 7 8 0 0 2 1 0 9 3 1 8 4 10 5 9 7 0 2 4 4 8 8 3 10 3 8 5 1 1 10 3 6 6 2 7 2 1 3 10 1 2 1 4 9 3 5 7 1 10 10 3 0 3 8 3 3 9 2 9 3 8 3 2 4 1 5 3 0 2
5 5 1 9 8 2 0 3 2 0 1 9 0 5 5 4 10 10 1 0 7 8 3 5 3 9 8 9 3 7 2 0 2 1 5 2 0 6 0 7 7 3 2 5 9 10 5 4 7 0 1 7 3 8 3 8 7 4 5 1 7 0 0 8 9 3 9 0 0 10 6 7 3 10 0 2 4 4 5 1 0 10 8 1 3 0 7 9 7 0 5 4 8 4 0 8 5 0 6 4 9 10 8 10 1 5 10 2 3 10 0 5 0 4 10 8 7 1 10 0 2 6 8 9 3 8 10 6 1 8 6 6 2 8 9 6 3 4 5 10 5 3 1 5 2 1 0 3 1 7 6 2 4 1 2 6 4 6 10 4 3 9 4 3 8 4 3 6 1 10 8 2 9 8 6 2 5 7 8 9 6 5 3 2 10 8 5 10 0 3 8 7 6 7 9 4 7 7 1 1
8 7 4 6 2 5 1 5 3 9 3 5 2 6 9 0 6 0 4 10 6 7 2 3 0 4 7 10 1 10 9 2 0 10 0 1 0 0 5 5 5 0 0 8 5 10 9 2 3 8 5 4 3 3 10 4 0 10 7 8 6 4 0 9 6 3 10 3 8 1 0 7 1 8 7 3 4 9 5 8 6 10 7 10 4 0 4 1 1 4 0 9 5 0 4 0 7 4 2 3 4 2 8 3 2 7 5 1 6 4 10 0 9 5 9 7 7 6 3 4 8 9 3 0 8 4 1 8 10 0 7 7 6 0 8 1 7 6 8 9 0 1 0 0 6 0 8 1 7 9 2 4 10 7 8 4 5 10 3 7 5 6 4 8 8 3 0 5 2 2 5 4 4 9 4 0 9 10 4 2 2 7 8 7 6 1 0 10 3 7 8 5 10 9 4 8 10 9 5 9
2 0 2 2 1 7 0 10 5 4 4 9 0 8 5 1 7 3 2 1 0 5 9 4 0 5 4 7 1 3 9 6 8 4 2 6 4 4 4 8 4 3 4 3 6 1 10 5 10 4 8 5 9 10 6 8 3 5 4 3 7 8 6 0 5 8 9 7 6 10 7 6 6 7 6 1 7 7 10 8 1 1 0 2 1 0 3 9 5 6 10 1 7 6 2 4 0 1 3 1 0 1 7 3 4 3 10 3 4 7 3 0 9 7 8 8 9 7 3 3 0 3 1 5 0 1 0 7 8 3 4 1 0 6 4 6 5 7 8 2 3 5 1 1 1 8 7 1 10 9 0 4 6 4 6 2 10 4 5 2 5 7 3 2 6 5 0 0 0 0 10 3 7 9 1 5 7 7 8 2 8 10 5 1 7 4 2 9 5 5 4 7 2 7 6 1 9 0 7 5
8 6 8 7 5 2 9 1 1 2 7 8 7 9 3 7 1 9 6 10 4 5 10 6 7 10 3 9 8 1 9 8 2 4 7 2 6 2 5 0 2 4 8 5 0 3 5 10 2 5 6 9 3 1 3 3 9 6 3 1 7 1 4 9 0 3 6 2 9 0 7 9 8 0 8 1 6 5 10 5 0 8 1 5 7 4 4 7 10 6 2 8 4 2 2 9 7 0 2 7 2 10 4 2 7 6 3 4 4 1 2 6 2 2 5 10 9 8 0 2 4 5 7 3 4 7 2 0 0 2 8 0 6 1 8 5 3 0 5 9 9 5 7 9 3 2 10 5 5 3 10 0 0 1 5 7 10 7 4 4 3 5 7 3 5 5 2 0 3 6 5 4 6 6 9 3 4 9 5 10 4 9 2 5 6 10 10 6 5 9 2 5 1 6 9 6 1 0 10 9
3 9 5 3 9 6 4 6 0 0 10 3 5 9 9 9 4 7 3 1 5 9 1 1 3 9 8 2 1 3 9 2 0 2 9 2 1 0 10 7 1 3 5 3 9 10 8 5 2 3 8 10 2 2 10 0 3 3 3 1 9 6 2 1 0 0 4 5 4 7 2 0 3 8 4 7 0 6 5 3 7 0 1 7 3 2 6 10 5 1 9 10 3 6 1 10 4 6 7 0 9 3 10 0 4 8 2 7 8 10 3 2 0 9 8 5 8 10 2 8 10 2 10 8 5 8 2 2 7 10 7 6 5 2 5 8 5 8 10 0 7 6 5 4 1 7 6 4 10 4 1 4 6 8 4 1 8 3 1 7 3 0 1 5 10 0 1 3 8 6 1 5 7 1 1 6 9 8 6 4 8 5 8 9 8 1 4 8 5 7 2 0 0 3 2 9 7 3 1 3
2 5 9 9 7 4 3 3 4 1 7 0 6 8 8 6 6 8 2 2 8 4 3 5 3 4 2 10 6 9 4 5 4 4 7 0 10 2 8 4 4 10 2 5 2 8 2 5 5 2 8 0 8 4 2 2 1 7 5 10 10 3 0 2 7 2 0 7 0 8 10 4 5 0 4 4 10 0 5 3 5 4 0 1 1 5 10 5 5 7 1 4 1 8 4 9 0 2 9 6 8 6 2 3 3 5 3 3 4 4 8 9 4 2 5 7 0 5 6 0 0 0 10 2 7 4 2 4 9 10 2 9 3 10 9 3 0 0 7 9 2 2 7 10 1 2 7 4 9 5 6 1 6 3 0 10 2 4 2 7 1 0 8 9 1 10 1 5 4 10 8 6 4 3 4 5 4 10 2 0 3 8 1 0 10 6 2 1 6 9 5 6 10 5 3 0 4 5 3 8
1 0 1 0 1 2 10 7 0 0 2 8 6 10 6 6 4 5 2 6 9 3 4 0 4 5 5 1 8 1 8 5 10 1 3 5 1 9 8 4 6 4 9 6 10 8 8 0 9 5 4 8 8 4 9 4 3 9 10 6 4 6 5 9 6 8 4 0 8 7 0 10 9 0 0 8 1 0 9 9 7 2 5 4 2 3 0 6 4 5 6 7 10 6 8 0 9 2 7 6 6 2 10 3 0 8 4 10 5 4 10 10 4 3 2 7 3 5 9 4 9 5 7 3 8 10 1 9 1 0 2 9 9 1 1 7 8 1 2 4 0 10 3 7 7 8 9 1 1 1 4 10 9 10 6 5 1 6 5 2 0 4 5 2 5 9 3 9 4 10 3 0 9 1 7 8 5 0 6 1 8 9 3 6 0 4 2 3 5 3 9 1 4 8 2 8 9 6 3 5
8 2 8 6 1 3 10 8 1 9 3 2 6 8 2 9 4 7 10 4 2 9 1 7 6 2 7 9 2 1 1 5 5 2 4 4 1 10 2 2 7 6 10 9 9 6 7 1 9 7 0 0 4 5 1 2 5 2 1 9 10 2 6 3 1 2 9 10 0 7 0 2 4 0 5 7 4 4 3 4 6 8 0 6 3 9 2 10 1 7 7 3 6 0 5 2 7 8 2 1 3 4 7 2 2 10 6 5 7 5 8 1 1 5 1 9 7 1 4 3 4 8 1 8 3 1 3 1 7 5 10 4 9 5 8 3 8 9 8 9 10 2 2 6 3 0 5 5 10 7 10 0 9 3 8 5 4 1 10 9 6 8 1 9 2 2 0 6 6 0 1 8 10 2 3 3 7 5 8 5 3 0 3 3 1 0 4 2 4 2 9 0 5 5 1 1 9 7 4 9
1 0 1 0 1 4 0 2 3 0 3 9 9 4 5 1 4 1 7 0 7 10 0 1 7 4 8 0 6 3 9 7 8 8 7 0 6 2 9 6 0 10 9 4 10 0 4 3 0 1 4 7 7 5 5 3 4 6 4 3 2 8 10 3 10 0 7 8 2 0 7 8 3 3 9 7 0 0 6 5 3 8 2 0 3 8 1 4 7 0 0 1 0 1 10 1 5 8 1 9 0 3 3 7 3 1 6 10 10 0 5 10 7 7 9 0 10 6 5 2 8 7 3 10 5 0 0 4 9 2 7 3 8 0 0 0 9 8 3 1 10 7 5 1 4 3 9 10 1 0 8 1 1 6 9 7 10 0 1 4 5 9 1 8 3 3 2 3 4 3 1 3 9 8 7 5 10 7 4 10 0 8 2 7 4 4 3 2 0 7 6 10 1 10 3 1 7 2 3 3
4 2 3 2 9 6 6 8 6 7 9 0 7 7 10 9 8 8 4 3 2 7 4 6 3 5 5 7 10 7 8 0 3 10 7 5 3 5 4 9 0 10 7 10 9 5 4 2 9 10 2 2 6 2 3 2 9 5 8 7 1 7 7 8 9 8 1 6 9 5 0 6 2 4 0 9 3 10 2 6 10 0 7 3 0 1 1 8 2 6 1 4 0 7 5 2 9 1 2 2 10 10 7 5 8 6 7 1 3 5 8 8 2 0 5 8 4 5 1 5 8 8 1 0 8 0 6 4 0 8 5 10 8 3 8 0 4 8 7 3 9 5 1 4 10 2 4 8 8 5 7 5 0 1 1 7 4 2 5 4 0 9 0 10 7 5 10 9 4 0 9 1 9 0 10 4 7 8 9 2 0 5 2 8 9 9 1 3 1 0 10 2 6 9 2 4 10 0 0 2
1 4 2 7 3 10 1 10 5 2 10 2 10 4 4 2 0 10 6 9 0 10 6 3 9 2 9 6 2 5 0 5 8 9 1 3 8 1 1 3 10 8 4 10 7 9 1 3 10 9 4 4 4 0 8 5 1 6 7 1 8 6 4 3 9 10 9 2 4 6 1 0 2 4 0 6 6 9 6 10 7 2 8 3 3 3 3 3 0 5 7 7 2 2 10 4 9 9 9 4 6 4 10 10 5 7 4 7 7 6 1 10 1 2 5 1 1 6 4 7 7 10 5 5 2 1 2 0 5 3 10 1 2 10 10 6 9 3 7 10 1 3 7 5 6 7 7 2 0 4 0 1 0 9 2 1 2 5 0 10 1 1 5 10 2 1 4 8 3 3 4 10 9 7 6 1 0 7 0 1 6 9 0 5 8 10 10 6 2 0 8 7 8 2 0 2 6 7 9 4
9 3 2 8 5 8 3 1 7 4 8 10 3 7 3 6 0 0 7 2 3 3 3 2 7 10 3 8 0 2 9 4 9 3 2 10 1 4 10 8 2 3 0 7 0 8 10 0 5 6 7 7 5 9 0 10 0 3 1 4 9 0 9 0 3 6 1 8 5 10 7 9 0 2 0 7 4 8 3 1 10 9 10 3 2 4 6 8 3 6 2 2 1 10 4 9 0 7 0 7 4 0 1 5 5 1 7 6 8 7 3 9 2 0 5 9 8 10 8 9 9 9 4 2 6 2 5 5 2 2 5 9 4 0 4 5 5 0 4 8 7 9 4 6 1 6 6 8 3 5 2 3 3 4 5 8 10 2 6 10 6 4 2 9 6 10 9 2 1 8 4 1 3 3 9 5 5 0 10 1 8 4 4 4 2 7 0 8 2 8 8 2 5 1 3 6 3 1 5 3
3 5 0 3 2 2 9 0 8 0 5 3 0 4 10 1 10 4 6 5 2 8 6 0 3 1 0 5 2 10 10 2 6 4 7 8 9 10 3 6 5 3 8 1 9 9 8 6 3 7 3 5 1 5 7 4 6 7 8 2 10 1 6 5 10 10 4 0 3 10 10 10 3 0 0 0 5 5 1 1 8 4 6 5 10 7 10 2 7 2 5 4 0 4 1 2 6 0 6 3 6 7 7 5 9 3 3 2 10 6 6 4 4 1 7 3 4 5 3 10 1 9 5 3 7 9 8 6 2 2 0 8 1 9 10 5 8 4 5 5 9 6 2 5 9 2 2 7 2 7 10 10 10 2 6 6 0 2 6 2 10 10 10 2 1 3 4 9 10 1 2 10 2 8 8 6 0 5 3 5 9 2 4 6 9 6 0 7 8 0 10 5 1 2 9 8 10 6 8 0
0 6 0 5 2 9 1 10 9 10 1 0 1 8 3 10 3 6 10 9 3 4 5 5 6 10 7 8 1 10 0 4 4 7 7 0 10 9 0 5 9 9 3 10 6 2 2 7 6 2 8 10 0 3 1 2 9 8 2 9 5 3 4 6 3 3 0 8 4 9 9 9 6 5 0 8 0 5 6 0 3 1 0 7 1 3 4 10 0 5 1 0 4 4 0 2 7 4 2 1 3 1 1 3 9 1 0 5 8 0 1 7 6 2 8 4 0 6 6 9 6 4 7 9 0 0 10 2 0 8 6 10 9 1 1 8 8 8 4 6 10 8 9 3 9 9 4 9 7 3 3 1 5 5 10 8 9 0 9 4 2 5 0 5 0 10 5 9 0 10 3 8 6 5 6 4 3 1 10 9 10 5 7 6 8 5 9 7 8 3 10 5 9 7 6 2 7 8 6 7
7 10 6 1 2 1 8 7 8 9 2 9 4 2 1 9 2 6 7 5 2 5 2 7 10 5 2 4 10 1 7 0 5 5 7 0 7 2 6 8 5 7 1 7 7 9 7 1 0 2 6 1 6 8 8 5 5 5 6 5 1 9 0 10 1 6 8 4 4 9 3 1 7 6 2 0 7 10 1 6 6 5 8 3 2 7 3 4 3 9 7 10 5 3 2 3 2 2 2 0 5 0 7 2 3 5 10 9 3 5 5 9 4 10 0 6 10 1 0 7 8 5 8 4 9 4 10 8 9 7 9 0 2 0 9 9 1 4 10 10 7 10 6 9 0 1 3 5 3 5 6 0 3 1 4 4 9 1 10 7 6 3 10 2 9 9 3 0 2 2 9 9 1 7 6 3 4 0 3 9 4 7 7 8 5 8 8 10 4 5 10 7 10 7 2 9 8 3 2 3
2 10 5 6 4 7 7 8 3 1 10 4 6 10 0 2 5 8 5 9 8 3 5 3 7 5 6 9 3 6 4 9 7 4 10 5 4 4 10 7 3 9 8 5 10 2 1 8 2 8 1 1 8 10 8 8 9 6 4 10 4 7 4 4 3 5 7 10 5 4 7 9 5 7 10 6 0 5 9 7 7 0 4 5 10 5 9 0 6 8 10 2 2 0 5 5 5 5 10 7 2 3 8 0 9 3 6 4 9 3 1 0 8 9 9 6 4 7 6 2 8 4 0 1 2 3 6 10 3 9 0 3 6 9 0 2 10 0 2 1 9 4 3 2 6 3 7 0 2 4 10 6 6 9 10 2 2 0 1 5 2 7 2 5 10 3 1 2 4 7 8 8 7 8 7 2 6 6 10 10 0 1 6 5 10 8 8 6 10 7 2 6 9 7 7 0 1 2 6 4
9 4 7 9 3 9 9 1 8 10 6 7 6 5 8 3 8 0 9 5 8 2 8 5 1 3 6 1 10 3 1 9 2 3 4 7 10 9 1 3 4 9 6 0 2 0 8 8 1 5 6 4 3 0 10 0 9 8 4 8 5 7 1 5 0 4 1 2 1 6 4 6 0 10 10 2 2 0 6 8 4 3 6 3 9 1 10 0 2 1 3 3 9 6 0 10 2 9 9 6 10 7 4 5 1 6 1 8 9 7 0 0 6 7 2 9 0 10 0 3 10 0 9 0 1 3 7 3 6 5 3 7 10 9 3 8 8 4 6 0 7 4 8 5 2 5 0 8 1 8 6 3 3 5 7 5 2 9 3 6 0 5 4 6 10 0 9 1 0 1 9 8 0 7 10 10 9 7 8 9 5 10 5 4 5 5 3 8 10 4 3 6 9 9 3 5 8 6 6 1
2 10 9 7 4 9 6 3 7 7 2 6 3 1 7 8 1 3 8 1 1 4 10 3 3 9 9 0 6 0 10 10 1 10 2 9 9 9 10 5 4 7 5 4 4 0 5 7 0 5 9 9 9 7 6 3 8 7 1 7 5 5 4 10 5 5 4 3 10 7 3 4 1 2 3 8 7 9 0 9 7 3 4 3 0 4 3 8 6 5 6 3 1 3 7 7 6 0 5 2 7 10 4 8 10 5 6 0 4 3 3 1 8 3 0 2 2 3 8 0 6 0 1 2 1 3 5 6 4 4 6 1 5 8 3 5 1 6 5 9 5 7 9 5 10 9 2 6 10 7 6 2 10 3 1 8 0 10 4 3 0 3 4 5 3 1 6 3 9 0 3 8 0 3 6 5 0 3 10 2 9 7 8 0 3 7 10 7 2 1 6 0 6 2 7 1 9 9 3 8
3 3 5 4 10 7 5 1 4 10 6 8 3 7 8 2 10 6 0 9 8 6 7 5 7 0 4 8 1 5 2 9 5 0 0 10 3 4 0 2 5 4 6 2 4 0 5 0 6 5 7 7 2 4 3 5 4 9 3 6 3 6 0 2 1 4 1 3 1 0 7 6 2 6 1 1 10 3 6 0 6 10 10 10 8 6 2 9 0 9 7 6 3 4 10 7 6 7 10 4 4 6 0 4 7 1 10 4 10 10 3 8 8 10 5 0 4 10 7 0 9 5 4 8 7 3 9 6 4 1 6 5 5 1 10 3 2 3 3 4 0 9 8 5 7 8 10 0 9 0 7 7 5 4 7 7 4 8 6 10 7 8 8 10 8 2 2 6 8 5 6 6 4 9 9 4 2 10 9 6 10 9 8 1 6 2 9 10 6 9 5 2 4 4 2 2 8 0 10 3
2 2 10 9 3 1 8 0 7 4 5 7 8 0 5 9 8 10 7 3 1 6 10 7 0 3 0 2 9 6 8 2 10 0 6 8 10 7 9 2 2 3 1 10 9 4 5 6 8 6 0 9 4 6 0 6 7 3 5 9 0 3 5 7 2 10 3 0 2 6 2 9 6 5 9 5 4 2 10 7 0 7 8 5 1 5 0 6 3 3 9 2 9 6 4 5 6 1 3 1 6 7 1 10 2 9 5 9 7 10 8 10 3 5 8 6 3 2 0 2 0 10 0 9 1 4 9 5 9 10 10 5 10 9 2 8 1 4 5 6 2 0 3 0 5 7 5 0 3 5 2 8 6 8 5 0 8 2 8 7 0 10 8 10 1 3 7 6 9 9 2 10 10 9 4 3 2 2 0 3 2 5 5 4 1 7 1 10 9 4 8 4 9 8 9 10 5 9 8 1
10 8 10 9 2 5 5 3 5 10 2 1 10 5 1 6 7 5 8 9 0 1 3 3 6 1 3 9 0 8 1 1 9 9 5 9 3 6 7 4 6 0 1 3 6 5 3 0 0 9 10 9 7 4 8 8 2 8 9 1 2 0 0 8 4 10 8 2 10 9 8 4 0 5 5 4 0 0 8 6 9 0 9 2 1 10 3 6 7 8 3 8 7 10 3 7 8 2 4 9 9 6 4 8 2 4 4 10 5 4 5 7 2 3 2 8 10 5 7 8 9 1 3 8 8 6 0 10 8 0 10 8 2 5 5 5 7 4 6 4 1 2 8 5 9 9 3 5 2 7 10 2 0 0 2 4 7 4 2 1 8 4 1 10 1 8 1 8 4 8 2 9 0 2 9 6 8 3 7 1 10 1 9 2 5 1 6 5 0 6 3 10 8 9 8 7 5 7 2 0
3 5 6 2 6 0 1 4 2 10 8 8 4 2 9 2 0 6 2 9 9 9 2 0 6 10 0 6 1 6 0 4 9 4 9 0 0 5 5 9 9 3 5 6 1 0 10 6 0 3 6 2 1 1 6 0 9 3 8 7 1 2 1 6 5 9 2 7 10 1 2 0 8 7 9 0 3 7 0 7 4 0 0 10 9 6 4 6 8 10 5 3 6 8 4 4 0 9 4 9 9 8 7 5 4 10 10 2 4 8 10 1 1 9 6 3 0 5 1 5 8 0 2 7 6 6 0 10 8 3 5 3 1 6 10 2 8 8 3 9 10 8 9 0 4 5 9 5 6 8 9 6 0 6 10 7 10 5 1 3 3 2 2 8 3 10 8 2 5 4 3 5 2 6 6 5 2 10 9 9 6 0 1 7 8 3 4 0 6 4 8 10 9 8 3 2 3 3 2 9
2 10 5 5 0 4 5 10 2 0 1 3 0 5 1 9 8 5 1 0 1 0 5 7 0 6 0 3 9 7 3 6 2 7 10 6 4 8 4 1 5 6 7 1 2 4 9 9 8 0 1 6 4 0 0 1 10 9 1 1 4 10 5 4 9 5 4 10 3 8 10 0 6 2 0 4 7 6 0 3 8 3 9 0 10 8 5 1 9 6 7 7 8 7 8 6 1 1 1 0 10 2 0 5 3 2 0 0 5 5 10 6 10 10 0 0 7 8 8 1 8 0 10 10 6 5 3 3 2 9 2 5 0 5 0 7 7 7 9 0 0 0 3 0 0 4 6 1 8 10 0 6 4 1 4 1 5 5 6 9 0 2 2 10 8 6 9 8 7 4 9 9 7 7 8 6 6 5 0 2 2 1 5 10 2 6 10 7 5 4 10 6 10 2 3 3 1 1 7 4
10 0 0 9 2 5 0 6 8 0 6 7 2 3 6 3 4 6 3 9 0 1 9 9 6 7 3 10 0 5 10 8 6 7 10 2 2 7 3 6 8 7 9 6 6 2 1 0 0 8 9 5 5 8 4 10 8 3 3 10 9 0 9 4 4 4 4 4 3 6 7 10 2 4 10 8 3 3 1 4 3 5 10 10 0 1 2 8 5 3 6 8 7 10 2 6 1 10 9 3 9 0 7 8 1 8 5 3 6 1 6 4 2 5 7 10 2 3 7 10 4 5 8 7 1 10 1 3 4 8 6 1 5 10 1 6 6 5 5 5 4 3 9 5 3 3 4 4 1 2 10 1 8 9 3 5 0 7 10 3 3 3 8 9 7 0 8 0 1 6 6 8 9 1 1 10 5 10 10 3 1 7 0 9 7 4 4 2 1 5 4 4 4 4 8 0 1 0 2 7
0 0 10 8 0 2 6 5 8 7 5 2 0 3 6 3 6 5 6 5 4 3 5 3 8 0 9 6 10 1 5 6 10 2 4 4 9 5 9 7 7 9 2 6 8 2 9 7 0 3 3 5 1 3 2 7 4 7 0 5 0 6 1 7 8 3 2 8 2 5 7 0 3 2 9 0 1 2 5 8 10 6 7 7 6 0 5 9 8 1 0 4 1 10 4 7 0 9 0 6 7 1 2 7 10 10 9 8 4 5 6 0 7 7 2 0 7 7 4 10 0 8 1 9 0 2 7 2 4 1 4 1 4 1 2 3 3 5 10 4 9 4 10 5 5 8 1 0 2 10 8 9 10 7 6 7 0 4 10 3 1 9 1 0 6 6 10 10 0 8 5 9 2 6 2 7 3 9 1 2 9 5 10 5 9 9 10 9 0 9 7 4 0 3 7 9 1 2 0 1
2 6 1 8 3 8 5 4 4 10 6 0 9 2 2 4 0 6 2 2 8 2 2 10 9 2 7 0 3 2 8 2 1 2 4 1 10 4 2 4 8 1 7 1 2 6 10 10 0 0 7 2 1 10 2 0 2 1 8 8 1 2 5 6 10 4 8 4 8 0 10 3 7 2 10 2 5 7 0 9 3 10 6 9 0 2 0 0 10 7 2 9 8 9 9 10 1 1 9 6 6 3 0 2 7 2 6 2 0 10 10 6 8 8 5 4 6 2 6 6 8 5 7 3 4 1 6 6 4 8 2 1 3 3 8 7 5 0 10 0 6 8 3 3 3 5 2 1 9 9 4 0 4 2 1 4 5 9 9 7 6 7 1 3 5 6 9 6 7 2 8 2 10 8 10 4 5 4 3 1 10 7 0 10 7 10 5 8 6 6 0 6 10 0 0 7 4 6 9 1
2 3 1 1 6 1 1 9 5 4 10 6 9 1 8 8 7 9 10 1 9 2 7 3 10 7 4 3 8 10 6 1 4 5 2 2 2 7 3 0 2 8 10 1 5 10 6 0 6 1 9 8 3 9 4 3 4 0 7 4 5 9 5 0 9 1 1 3 1 0 7 0 0 5 3 9 1 0 7 5 10 7 6 2 2 4 5 0 3 7 0 5 5 6 2 2 4 4 3 7 4 4 1 0 10 2 8 5 7 2 0 2 5 8 5 0 10 8 2 2 6 2 2 10 3 1 9 10 3 1 3 0 1 5 8 4 10 4 2 1 9 10 9 9 7 5 10 1 1 10 4 7 1 7 0 1 10 6 4 5 6 1 9 5 4 2 6 10 6 7 3 8 1 9 7 2 9 3 6 1 4 3 3 5 0 4 9 7 8 4 10 10 8 3 7 5 6 2 3 4
5 3 6 2 5 10 9 9 8 10 8 4 5 5 4 5 3 2 2 10 2 2 3 3 3 4 7 9 5 7 7 3 6 1 3 5 7 10 1 5 10 9 3 3 3 2 0 7 0 10 4 2 7 6 0 5 9 4 9 7 5 3 3 8 5 6 6 2 10 0 4 7 9 8 4 6 0 7 5 2 8 9 9 8 1 3 9 10 0 10 9 10 8 9 10 7 4 10 7 1 0 3 7 6 5 6 1 6 0 3 5 0 0 10 4 5 4 5 2 0 1 6 4 0 3 1 10 1 2 4 0 7 9 7 8 7 4 8 4 1 5 9 6 5 7 5 10 10 3 1 2 3 2 8 5 6 8 1 8 5 4 9 0 9 0 8 3 4 0 6 0 1 9 10 9 10 10 3 3 2 4 0 0 8 1 1 0 0 5 10 7 0 7 6 2 10 2 2 6 8
3 8 10 1 3 6 3 2 0 7 7 0 9 5 6 8 7 5 1 7 8 2 3 5 1 2 7 8 0 0 4 6 0 6 8 1 9 8 6 8 9 6 9 10 1 5 5 1 10 0 0 7 1 7 3 6 6 9 4 5 10 1 8 2 10 1 4 7 9 1 10 2 5 5 0 0 3 1 6 7 9 1 8 7 0 4 3 7 4 0 10 3 4 10 2 8 7 8 9 1 3 5 8 1 5 1 0 2 10 0 5 0 3 4 7 10 2 7 9 8 6 3 9 1 3 5 2 7 8 6 2 0 6 3 8 2 6 4 6 4 5 5 0 10 8 3 3 1 5 7 8 7 1 4 6 2 0 6 7 5 8 9 10 2 9 8 8 6 1 3 2 5 1 1 4 1 10 6 4 3 1 8 5 8 6 2 3 7 8 7 3 2 2 6 0 8 3 3 9 6
6 9 5 7 5 4 3 1 10 3 2 9 4 0 3 1 0 6 7 6 5 1 3 0 3 1 1 8 0 1 1 9 9 4 4 10 3 7 7 3 1 8 9 3 8 8 4 1 3 2 3 6 8 9 1 7 5 6 4 7 2 5 8 6 10 10 4 3 7 10 5 7 5 8 9 8 3 0 6 8 7 1 9 9 8 4 0 5 3 3 0 1 3 8 3 5 6 8 10 0 8 0 2 0 5 5 1 9 8 10 9 6 1 9 7 10 0 7 1 7 9 3 7 7 8 8 2 6 1 4 4 6 5 5 4 6 7 8 0 3 3 1 8 10 0 2 3 3 6 2 6 5 1 0 5 3 1 1 4 4 5 7 9 7 2 8 4 7 6 9 2 6 7 9 4 1 1 9 4 9 7 4 2 10 6 7 0 9 1 6 0 0 4 0 8 2 3 5 8 8
2 9 10 6 3 9 4 6 2 4 6 4 2 0 2 8 0 2 10 8 6 3 8 1 1 0 1 2 8 5 3 5 2 7 7 9 1 1 10 4 8 0 6 3 1 2 6 10 10 2 5 0 4 5 2 0 8 7 5 6 1 5 3 4 7 6 2 7 2 1 5 3 7 2 3 9 5 6 6 0 0 3 10 2 0 6 5 7 3 5 10 0 10 2 2 10 5 2 8 2 0 2 3 1 8 7 7 7 8 4 8 8 7 2 9 5 9 1 0 0 7 6 4 10 0 6 10 1 1 5 7 3 0 7 5 2 0 6 10 7 3 4 9 8 5 5 10 9 10 5 3 5 1 3 9 10 8 5 2 6 8 9 2 10 5 1 9 6 2 9 2 4 10 9 5 9 2 5 8 8 4 3 9 7 0 0 6 4 0 4 1 4 0 0 5 8 5 8 0 2
7 7 7 8 10 2 0 5 10 1 7 3 6 7 10 9 8 2 7 8 9 4 7 6 6 5 6 3 7 7 3 5 1 2 9 10 3 8 6 8 4 6 10 6 3 1 3 4 6 2 9 7 1 8 3 8 4 8 9 4 10 8 0 0 10 10 0 9 10 6 8 0 6 5 4 3 6 7 4 6 8 1 9 4 0 10 0 3 8 6 5 1 0 9 0 6 4 3 8 2 0 1 0 7 2 7 8 9 8 6 4 7 1 5 1 3 0 4 5 2 6 4 5 3 2 3 6 2 0 9 4 9 8 8 9 1 5 8 1 6 8 6 5 9 10 0 8 10 0 3 1 3 3 4 8 2 6 5 3 5 1 2 2 9 5 2 4 2 3 1 0 5 7 2 5 6 1 4 9 3 8 3 3 6 7 4 10 8 4 0 5 10 0 1 2 3 6 1 9 5
9 2 8 1 2 4 8 3 3 6 1 6 7 1 2 6 3 1 9 9 0 0 5 7 1 10 9 4 10 7 3 2 8 7 3 2 8 8 8 7 9 0 6 7 5 10 4 5 5 1 10 3 10 1 1 2 7 2 0 8 7 0 10 4 8 3 7 6 6 5 6 5 9 4 2 5 8 7 7 4 2 9 5 0 6 5 9 4 3 8 1 4 8 0 2 9 10 7 7 6 2 2 5 6 5 10 1 1 4 4 9 0 3 1 6 0 0 7 2 9 5 2 0 4 0 10 6 7 3 9 5 10 5 5 10 8 0 3 8 6 4 6 5 6 9 2 10 2 3 1 8 8 10 0 6 10 5 4 3 6 6 6 8 7 3 1 0 3 6 2 5 7 4 6 9 4 4 1 6 3 0 1 0 4 1 5 5 3 8 4 10 2 9 8 6 0 1 0 7 7
4 6 9 3 1 9 1 9 9 0 8 7 3 9 6 6 5 9 8 8 10 0 5 0 3 7 8 6 5 4 9 4 2 7 1 5 4 4 3 7 10 3 5 6 0 4 8 1 10 5 10 2 9 9 9 5 3 7 1 10 3 0 3 4 7 2 0 6 4 5 3 1 7 6 6 1 0 1 10 8 2 1 8 9 4 3 0 6 6 8 4 6 3 9 0 2 0 10 4 3 1 6 7 0 4 1 0 1 2 0 8 7 5 9 4 7 4 8 1 0 7 9 8 6 2 6 6 0 7 6 0 8 2 10 2 1 8 6 9 7 0 7 8 0 0 10 2 0 9 1 1 6 7 1 4 6 4 2 6 1 2 3 9 9 6 0 4 0 9 0 10 0 0 2 5 10 4 7 0 5 1 2 6 5 9 2 2 3 0 2 4 3 1 7 4 0 0 0 0 10
7 1 1 3 2 5 8 1 9 2 10 0 0 6 0 1 7 2 2 3 9 9 3 10 9 7 2 4 1 10 4 6 6 7 9 6 9 2 0 3 5 0 3 10 7 8 7 4 4 3 8 0 8 4 2 3 10 8 8 10 2 10 0 6 3 8 7 0 7 7 7 9 9 4 0 0 5 7 10 2 8 3 5 4 5 0 4 3 0 2 9 8 10 7 8 0 0 6 7 5 5 3 6 2 1 8 9 10 4 8 2 10 3 7 2 8 5 4 0 7 7 10 4 7 8 10 0 2 0 7 4 9 9 0 0 4 4 2 9 4 2 4 9 7 1 5 3 6 6 0 4 0 7 3 7 10 0 2 9 7 6 10 7 3 1 6 2 5 1 0 2 10 8 7 6 2 8 6 2 4 7 4 1 7 5 10 0 3 0 3 4 7 10 10 2 7 5 4 1 10
1 10 3 0 1 6 4 2 1 9 0 6 6 10 0 3 0 10 2 5 5 2 5 4 3 0 10 4 9 4 2 9 6 5 9 1 10 8 9 10 9 4 10 9 9 10 9 10 3 4 3 8 2 9 2 7 3 0 10 2 8 7 6 6 2 5 3 8 4 8 5 3 6 4 3 0 8 0 7 1 7 1 10 0 0 9 7 0 2 2 8 0 2 2 3 5 0 5 5 9 9 6 3 5 3 3 10 1 9 2 3 1 4 9 3 6 8 1 3 6 5 9 8 10 7 3 9 8 0 6 10 7 0 6 2 1 6 2 3 1 0 9 3 0 7 8 8 3 0 6 3 2 8 6 9 8 6 9 9 8 4 10 9 7 2 6 1 10 1 3 5 7 6 0 10 4 6 10 7 1 1 2 6 1 4 8 4 10 10 5 1 8 6 5 1 6 7 2 6 3
6 10 7 2 3 9 2 2 1 0 4 5 6 4 2 5 9 1 8 2 8 0 8 7 1 1 8 2 10 2 8 0 8 0 3 8 2 1 9 2 1 8 6 10 0 8 10 0 7 3 8 7 8 7 7 3 3 0 3 6 2 8 4 3 6 9 1 6 0 3 6 2 4 10 9 7 10 1 8 9 4 6 3 0 4 7 2 1 6 6 6 2 0 4 6 0 8 0 6 10 3 5 7 5 6 3 2 7 10 4 10 4 7 2 4 5 5 9 6 9 2 5 8 10 10 5 10 10 9 10 6 3 9 7 3 10 4 7 0 2 1 10 8 1 9 1 3 5 2 6 8 9 5 7 6 10 3 7 0 2 6 2 9 2 9 5 9 0 9 2 10 9 8 2 1 7 0 9 10 3 8 5 8 7 7 4 1 10 2 1 9 6 7 2 8 6 4 4 2 10
10 8 10 7 0 10 7 3 6 8 7 10 5 0 4 1 0 0 5 10 10 4 1 3 9 9 5 5 6 10 0 1 3 4 1 9 8 9 1 9 10 9 5 5 10 6 0 2 1 0 2 1 5 1 2 6 8 6 9 6 0 7 9 9 4 1 9 5 3 2 3 6 8 9 5 8 9 5 8 5 2 8 6 10 8 2 1 7 2 0 4 3 5 10 4 0 6 9 0 6 1 7 8 6 6 2 7 4 10 2 3 1 10 6 5 10 4 8 1 6 7 2 7 7 5 10 1 3 7 5 5 3 6 2 10 0 2 6 8 5 6 0 7 5 4 7 0 4 1 5 10 5 6 5 0 10 6 5 6 0 1 10 4 8 2 9 1 7 2 0 5 0 3 2 9 10 7 5 3 5 9 2 7 2 0 4 5 0 1 10 6 9 1 7 4 2 9 0 1 2
1 8 4 6 1 2 5 4 1 4 2 7 10 1 8 7 0 6 0 6 0 7 3 4 3 10 0 2 6 9 3 6 8 2 2 5 7 7 0 4 1 5 4 1 1 9 2 0 0 2 2 5 6 2 7 2 6 10 6 1 2 2 6 4 10 6 9 2 1 1 8 2 10 1 2 6 7 0 7 7 1 0 6 10 6 7 0 3 6 2 9 6 5 3 7 5 7 9 6 0 8 8 7 0 5 4 8 4 4 3 10 1 7 7 2 2 2 1 1 5 9 10 1 4 10 4 2 2 5 4 1 2 3 4 9 8 2 8 9 6 3 5 9 7 10 6 5 3 0 1 6 0 1 4 10 4 10 2 10 8 0 1 1 5 0 8 0 0 9 3 5 0 0 9 9 9 3 6 3 3 8 6 9 2 1 8 2 0 7 1 2 0 9 2 0 6 2 1 0 3
7 6 4 4 10 5 5 5 3 0 2 7 6 8 6 2 3 2 4 9 10 7 3 8 2 7 6 7 6 10 6 3 3 3 3 6 9 3 6 5 6 4 8 8 9 10 10 7 9 7 7 10 7 5 9 1 1 0 0 7 5 7 2 3 8 5 3 6 2 3 5 5 4 3 1 9 10 0 6 4 9 8 0 9 9 5 7 0 1 7 5 1 10 4 4 2 7 1 3 7 0 1 1 0 2 3 6 6 3 5 5 4 7 4 2 5 6 8 10 4 1 6 10 10 10 8 5 2 0 4 7 4 2 3 2 10 5 6 4 1 9 0 7 2 1 1 0 10 2 0 9 1 6 1 9 2 5 2 4 2 3 9 5 8 9 4 2 4 3 0 7 10 8 8 1 4 2 2 5 5 7 2 9 2 4 7 5 2 1 10 10 9 2 4 3 7 1 9 10 7
8 3 8 3 5 9 3 2 1 8 7 3 7 1 6 0 2 1 3 0 6 1 9 4 7 0 0 2 8 0 3 7 6 4 3 7 6 2 8 4 6 0 4 5 2 3 7 3 5 3 8 6 3 3 9 9 6 10 0 6 1 5 3 9 7 3 5 0 1 10 2 8 8 7 6 0 0 8 9 6 8 7 7 10 3 5 10 7 8 8 6 10 6 2 7 6 2 5 3 10 3 0 4 2 3 5 8 3 5 3 1 6 7 2 7 9 6 9 9 2 9 10 4 0 7 5 9 6 2 0 5 4 6 7 10 5 6 0 6 4 5 6 3 10 7 4 5 1 5 6 1 9 9 4 5 8 3 2 1 4 2 1 1 1 9 8 10 5 6 3 0 6 9 9 0 0 5 5 7 1 5 4 8 10 3 1 2 2 10 2 8 0 5 7 10 5 1 8 0 8
9 6 1 3 3 2 9 7 0 4 8 2 1 3 5 0 1 10 0 3 3 2 6 7 10 0 4 5 0 2 8 10 4 7 6 0 5 8 10 10 0 0 2 0 1 5 1 3 3 10 10 9 10 9 8 4 5 4 4 8 10 7 0 0 3 2 1 3 6 10 2 5 2 3 0 9 1 3 5 4 1 5 5 0 4 0 10 1 1 2 3 8 2 9 0 0 0 0 8 9 4 3 0 5 9 2 10 10 1 10 2 10 4 1 7 2 9 4 9 7 0 5 7 10 1 9 1 6 1 7 6 8 7 8 8 1 9 10 5 9 8 1 1 9 4 4 8 0 9 5 9 6 1 4 0 4 5 6 7 2 1 8 1 2 6 5 6 2 8 6 9 6 10 2 2 3 4 2 8 2 9 2 3 3 0 7 2 4 8 3 6 3 2 3 9 6 5 1 6 10
1 9 7 0 0 4 6 10 9 8 9 4 1 5 8 7 2 0 5 6 9 10 6 5 1 10 2 4 7 5 4 4 2 0 3 4 6 4 0 1 10 7 9 9 4 0 0 1 2 1 3 0 10 3 5 8 5 2 10 5 1 8 5 3 4 6 9 2 0 5 7 3 4 6 9 1 1 2 4 10 8 10 10 4 10 2 1 9 3 2 3 4 2 8 9 10 7 9 10 9 8 7 9 0 3 3 9 5 8 6 3 0 8 2 9 5 0 3 9 9 0 5 4 0 10 10 3 9 7 8 5 4 10 3 7 4 0 9 7 8 10 1 9 10 6 10 7 10 2 9 7 5 0 9 0 9 4 2 8 6 3 7 9 6 4 5 6 2 1 1 8 1 3 3 5 6 5 8 7 0 6 8 10 6 6 8 5 2 1 2 9 8 3 4 9 4 2 5 6 3
6 5 10 3 5 5 0 3 10 7 0 3 6 7 4 9 5 6 7 8 6 4 6 6 2 2 0 0 2 6 4 2 10 8 7 4 3 7 1 1 10 1 7 0 3 9 7 9 3 4 0 2 5 7 8 3 10 1 4 7 7 7 2 2 4 10 10 1 7 10 3 2 9 9 0 1 1 1 2 9 5 5 10 10 5 10 4 8 1 6 10 9 1 9 9 2 2 10 5 8 0 10 9 9 0 5 1 4 3 9 3 2 4 5 6 7 6 2 0 4 0 5 5 7 7 8 10 10 1 10 5 2 10 6 6 10 2 0 8 2 7 7 6 9 2 9 7 2 8 2 5 9 3 0 4 0 3 0 6 8 1 2 4 5 8 3 5 6 8 6 4 4 9 1 4 4 0 1 9 7 4 5 6 8 8 8 10 5 3 7 1 0 2 6 5 0 3 9 8 6
7 7 1 4 1 9 6 1 9 9 8 3 7 3 0 7 1 9 2 10 6 7 6 2 1 3 5 4 9 2 8 2 0 6 6 8 1 0 7 5 9 3 9 2 2 6 7 8 6 6 8 4 2 8 9 7 8 2 9 1 8 0 9 10 1 1 0 1 5 9 4 2 5 8 9 0 9 2 5 2 4 1 9 8 4 8 0 9 4 7 6 1 0 5 8 5 7 0 4 9 3 6 6 0 5 0 6 2 4 0 6 8 2 3 5 8 0 9 1 2 7 0 0 7 5 9 7 9 3 2 3 10 3 1 2 6 5 8 10 10 2 1 1 9 5 1 4 0 2 6 3 7 2 9 2 9 4 8 3 7 5 2 5 10 9 5 7 7 6 5 9 3 2 2 1 0 4 9 10 2 4 7 9 5 9 7 8 4 2 10 4 10 1 10 2 5 2 10 8 0
1 4 9 8 10 3 10 6 7 1 3 0 9 4 0 7 10 7 3 5 10 7 5 4 2 8 1 4 8 1 3 7 7 0 2 2 8 10 1 2 4 1 7 0 9 8 8 9 2 3 10 1 9 2 6 10 3 10 4 1 6 2 4 2 6 8 4 10 10 1 0 9 4 10 9 6 3 3 8 5 7 8 3 2 1 0 4 10 5 3 10 4 4 8 10 6 2 7 5 5 2 8 0 1 8 5 0 10 8 5 10 4 8 0 2 6 1 1 10 8 2 5 9 7 0 9 3 3 5 2 3 10 4 0 3 10 5 10 7 3 5 1 10 5 3 1 4 6 10 5 6 3 6 10 9 9 5 1 1 5 8 9 8 0 4 3 2 9 1 2 10 7 2 0 7 5 0 10 2 10 0 5 10 7 10 4 4 0 2 8 4 10 0 7 0 6 3 8 8 2
6 2 5 5 7 2 6 2 1 5 2 7 0 3 6 1 6 2 6 5 9 2 10 0 4 2 5 2 9 6 5 1 7 6 5 8 7 2 2 0 6 3 9 2 1 1 6 10 5 2 9 5 7 7 6 5 1 7 0 3 2 10 3 9 9 2 10 0 8 1 0 1 5 2 7 5 6 3 1 5 1 9 9 9 5 0 0 4 9 2 10 8 3 5 6 3 10 4 1 7 5 6 6 7 9 2 7 0 6 4 1 0 5 1 3 4 5 3 2 5 10 7 8 7 10 10 0 1 8 3 10 6 0 0 5 3 8 1 10 2 4 1 10 8 10 3 1 3 6 5 2 6 8 8 2 1 10 6 8 1 1 3 8 6 5 10 6 10 2 3 10 8 10 2 8 6 8 10 0 10 4 9 8 4 2 0 2 4 10 8 9 2 10 7 4 1 10 0 10 10
7 2 1 6 1 9 6 5 7 2 5 7 0 3 3 5 1 3 3 4 10 7 5 9 3 2 3 4 3 6 1 4 0 1 3 5 2 10 4 8 1 0 5 10 1 1 7 7 2 1 1 10 2 7 5 7 2 5 5 9 9 2 8 10 8 6 2 2 0 3 1 10 9 5 5 1 3 6 10 6 10 7 4 0 9 6 4 4 3 4 0 9 3 0 7 0 7 6 5 9 0 4 10 7 8 1 1 7 0 8 4 4 9 9 8 7 1 0 5 0 6 0 0 0 8 5 7 4 7 5 2 2 5 9 7 6 1 8 9 1 6 0 3 3 9 1 4 10 8 1 9 3 1 9 4 1 1 7 10 1 8 4 7 5 10 1 4 4 3 3 2 7 0 10 8 10 1 5 10 6 5 3 10 0 5 3 2 6 7 3 6 7 10 7 8 4 10 4 1 7
10 1 6 8 3 8 2 7 10 6 4 5 2 0 3 4 1 1 8 1 3 2 4 7 6 9 3 2 4 7 5 1 4 0 5 8 7 7 3 6 0 0 9 10 4 6 0 2 0 6 7 8 6 8 0 1 10 10 2 1 7 6 8 3 2 9 8 1 9 7 5 10 1 0 3 7 4 2 5 1 3 2 9 3 9 9 6 6 6 9 9 0 9 5 8 3 6 5 9 0 4 8 9 5 9 7 6 10 4 0 3 1 0 3 6 5 9 9 6 6 6 7 4 5 9 4 8 6 0 8 2 3 9 2 1 10 4 4 0 2 5 9 8 5 4 5 3 10 0 4 1 7 5 8 5 4 10 2 7 6 6 8 4 3 10 2 2 5 10 0 10 6 6 7 2 8 5 9 10 4 5 2 5 1 8 0 10 9 5 3 5 5 9 5 0 5 4 4 9 3
4 1 4 6 4 1 1 6 2 2 8 5 8 4 1 8 7 8 8 3 2 3 1 9 6 7 10 4 6 5 4 0 0 3 9 4 10 0 10 5 0 8 9 6 9 9 2 9 6 9 8 4 10 6 3 9 2 4 3 3 2 1 5 8 8 8 9 2 3 3 8 7 3 8 4 1 10 8 5 0 2 3 5 2 3 8 0 6 7 6 9 1 4 10 9 1 1 1 3 4 3 3 0 9 1 3 8 8 7 8 0 6 4 2 0 5 10 2 4 2 1 5 1 10 1 9 6 2 5 3 10 4 4 5 1 8 9 3 7 5 1 3 5 5 3 2 8 8 3 1 3 6 7 9 5 6 7 10 2 9 3 4 5 5 7 1 2 10 0 9 4 1 10 4 6 10 4 6 9 1 3 8 10 10 2 5 6 7 3 9 0 3 6 9 3 8 6 7 2 3
8 5 9 5 9 5 4 6 6 10 5 7 7 3 0 5 6 2 7 2 10 2 5 1 10 1 0 9 2 10 7 9 10 5 7 3 5 8 1 10 0 7 5 3 4 9 2 1 6 6 5 8 3 8 3 4 0 6 6 10 10 3 2 8 9 1 9 6 5 10 2 6 5 1 2 1 7 6 9 2 2 8 9 1 1 4 9 6 8 10 3 2 7 1 8 2 10 2 4 3 6 6 7 9 9 2 7 0 0 3 8 0 0 7 8 3 1 4 9 1 5 4 2 2 2 9 1 1 7 10 7 4 4 6 7 8 4 7 3 10 10 9 2 5 1 5 9 7 6 0 3 1 5 3 0 8 6 5 1 3 0 5 4 2 8 4 2 2 6 5 0 9 7 0 1 8 3 8 0 6 4 4 3 6 4 7 2 3 7 1 2 9 8 5 4 1 10 7 5 4
6 2 6 6 7 8 8 1 9 6 6 0 2 1 9 6 7 9 9 0 3 3 8 1 0 1 5 4 4 2 8 3 10 9 2 8 6 7 1 5 5 6 4 5 6 8 6 9 7 9 4 5 8 9 10 10 4 10 3 8 3 3 7 1 9 3 9 4 5 5 2 8 8 7 3 2 2 0 3 3 1 2 7 7 1 7 5 7 5 6 8 6 1 2 6 2 3 3 0 8 0 5 2 10 1 9 2 9 5 7 4 5 0 3 1 6 9 0 9 1 6 2 9 0 5 6 8 4 5 6 6 3 0 10 10 10 10 4 4 3 5 0 10 1 0 2 9 10 4 7 9 5 0 7 9 1 8 5 5 7 0 0 5 7 1 2 7 3 6 0 5 4 4 9 7 9 3 8 0 7 3 10 4 3 2 8 5 10 5 5 8 3 9 5 5 5 6 1 1 9
2 1 1 5 8 4 7 1 5 1 4 8 4 10 9 6 1 3 4 3 4 7 4 5 0 3 5 8 10 9 7 1 4 1 5 5 5 2 2 2 9 9 4 0 8 0 4 7 0 4 4 5 10 2 4 4 9 7 5 3 4 5 9 5 8 9 1 4 2 2 4 5 6 10 7 6 4 3 9 10 2 5 9 8 10 5 1 4 7 9 3 6 2 3 8 2 4 1 5 1 6 5 6 6 7 7 1 1 2 0 9 8 8 0 5 10 7 3 1 2 7 10 9 10 10 9 6 1 5 3 3 0 6 3 5 4 5 3 10 5 0 6 9 1 2 9 6 0 0 5 6 9 7 4 9 2 3 4 9 4 6 10 9 4 6 3 3 8 5 10 1 0 3 0 6 7 8 6 0 4 1 9 1 3 6 8 10 7 2 7 8 9 10 7 8 2 7 10 10 5
4 2 2 2 3 4 1 6 3 0 1 3 9 7 4 5 1 4 6 2 3 9 0 3 3 6 1 4 1 9 10 9 8 9 8 9 6 3 4 10 2 3 2 8 6 3 9 6 0 1 5 9 0 2 1 4 2 2 3 8 3 0 0 0 0 9 2 3 8 5 0 0 7 7 7 6 0 9 7 0 2 3 1 2 6 10 1 8 0 3 6 5 2 3 3 8 3 0 8 4 5 8 0 9 1 10 10 6 8 10 1 4 3 10 0 10 0 5 6 9 10 1 10 0 4 7 10 3 8 3 9 6 1 0 2 6 9 0 7 1 6 9 4 6 5 4 4 9 10 3 0 9 6 10 0 6 5 9 10 10 10 6 4 1 5 6 2 7 8 7 4 2 6 10 4 1 7 1 6 9 0 1 3 4 4 4 0 6 1 8 10 6 6 0 9 2 2 4 9 1
7 3 6 0 5 10 8 9 10 10 8 3 8 3 1 0 5 6 2 10 4 0 10 7 4 10 1 0 4 8 3 3 4 9 2 0 2 9 8 6 2 3 7 4 4 3 10 6 10 5 1 10 0 10 9 5 0 2 7 10 0 0 1 5 7 8 3 7 3 0 5 9 0 0 7 2 5 1 7 2 4 1 6 0 1 2 2 3 7 8 9 9 8 10 1 10 7 9 5 7 4 3 0 5 6 8 0 8 6 2 9 9 5 1 3 0 9 1 6 1 6 3 2 5 1 10 9 9 0 9 9 10 7 6 3 0 7 4 9 1 9 6 6 10 8 3 0 1 9 10 8 5 4 8 4 6 4 4 7 9 6 2 10 9 2 2 8 1 6 1 6 7 4 5 9 3 9 1 10 5 2 7 2 4 5 9 9 4 2 6 1 0 8 2 4 10 2 1 8 4
6 8 2 1 0 6 8 7 5 1 9 8 9 4 2 0 4 4 7 7 3 2 6 5 1 4 9 0 10 0 7 0 5 6 4 0 8 0 2 7 2 6 6 4 1 2 9 0 9 8 9 0 7 5 7 3 1 9 1 1 4 9 6 10 8 7 2 3 2 9 0 3 2 4 6 3 1 3 3 5 6 8 2 5 7 0 3 4 8 2 4 0 8 1 2 8 4 3 1 0 2 7 5 2 0 1 1 1 3 2 7 10 4 10 5 1 0 4 0 8 6 0 0 9 1 10 6 10 6 5 1 0 8 0 5 8 4 7 3 8 3 2 4 3 3 5 4 8 3 0 1 2 10 9 0 2 0 1 4 4 7 10 1 10 8 8 4 9 5 10 3 3 7 10 3 8 1 4 8 0 10 4 1 0 10 3 5 0 10 2 2 4 5 10 9 2 1 8 2 9
5 4 8 7 2 7 8 9 8 0 8 3 8 1 7 10 0 2 9 3 7 6 10 2 8 10 3 9 6 2 3 9 2 2 1 9 4 0 1 8 3 4 4 4 8 5 9 4 0 6 9 3 4 3 2 8 10 7 0 1 8 2 8 0 6 8 6 6 4 3 8 6 0 4 8 7 3 1 9 9 3 2 6 5 3 5 9 7 10 9 9 9 4 6 1 2 3 5 1 7 9 7 3 10 6 6 2 5 2 6 8 9 4 3 1 7 2 0 10 0 7 8 7 8 5 2 4 0 4 3 1 6 9 8 4 2 9 0 2 10 6 6 9 0 1 8 6 6 3 9 4 0 1 10 6 0 9 9 2 2 3 6 8 3 7 2 3 3 4 1 0 2 7 4 7 4 9 3 1 4 2 4 1 2 2 1 2 4 2 7 8 5 2 9 9 0 2 1 3 0
4 5 2 9 7 5 8 4 7 10 0 3 4 1 4 0 5 7 10 6 8 7 3 4 6 8 2 10 4 3 1 2 7 0 3 5 0 4 8 7 8 6 4 1 1 10 2 3 7 2 7 9 5 7 3 5 5 0 2 9 5 4 7 8 3 6 4 9 3 8 3 2 2 4 5 4 4 0 2 2 7 8 2 10 1 9 0 6 2 1 3 10 8 10 0 3 6 7 3 8 5 4 10 8 3 6 7 6 8 6 2 1 1 4 10 0 10 8 0 0 8 8 8 4 8 5 7 5 5 4 8 4 0 3 5 0 8 0 8 9 8 1 4 0 1 2 10 7 3 0 3 6 2 4 1 6 10 6 1 10 4 6 8 3 10 5 8 5 8 9 2 1 8 10 7 0 2 6 9 8 3 10 4 2 5 7 3 5 3 8 2 9 0 3 10 9 2 5 3 8
6 5 3 1 3 4 1 8 10 8 9 0 3 8 6 1 8 0 4 7 2 8 0 7 6 5 5 6 1 10 8 10 2 5 10 5 4 3 8 5 8 9 5 4 4 2 9 7 1 9 4 8 7 10 2 3 2 2 2 7 2 6 5 3 7 7 5 7 8 6 8 3 3 7 0 8 6 10 3 10 8 2 3 5 5 6 10 9 1 7 4 5 1 8 9 8 0 2 8 8 5 10 0 6 6 3 1 10 10 3 10 10 10 10 3 9 9 10 6 0 1 3 6 10 3 6 10 2 9 4 9 10 9 7 5 2 3 5 1 3 3 3 9 9 10 2 5 1 1 6 2 9 7 1 3 5 5 4 3 0 5 0 7 10 1 3 5 1 9 5 5 5 3 5 4 8 6 4 9 6 10 6 1 8 2 6 0 8 10 8 0 0 1 5 5 2 5 0 4 1
8 6 1 7 4 0 0 3 10 1 1 5 1 4 0 4 1 2 6 8 1 9 3 1 0 9 6 9 4 2 9 1 0 5 0 10 7 6 6 8 3 9 7 5 7 2 8 2 6 5 9 4 0 8 8 8 8 0 4 6 0 2 2 8 9 1 10 3 8 2 3 6 4 10 7 0 7 5 8 0 0 4 4 1 9 7 8 5 2 5 5 0 9 0 5 8 9 9 0 9 3 4 1 6 3 1 7 4 9 2 7 1 5 7 6 10 3 6 2 8 0 10 4 0 2 1 2 9 10 4 6 2 5 7 10 7 2 9 10 1 4 6 8 2 10 7 0 5 6 0 3 7 5 5 5 7 3 3 7 2 7 0 4 9 2 9 6 9 7 10 6 4 2 9 9 0 3 10 6 0 7 8 0 6 0 3 7 4 8 2 6 10 8 6 9 10 7 5 0 5
10 6 6 8 10 8 5 10 1 5 3 3 2 4 5 2 7 8 6 4 2 10 9 6 2 8 4 1 8 8 8 5 4 3 7 1 5 4 7 6 9 8 2 2 10 3 0 6 7 1 9 10 2 9 4 7 7 1 10 4 7 4 4 2 1 4 4 8 9 6 5 5 2 7 8 1 6 10 6 6 5 5 8 0 3 5 4 4 5 1 3 8 1 0 2 2 2 6 2 1 1 7 1 3 3 3 4 9 1 0 8 2 2 7 2 9 6 9 9 2 0 0 1 1 7 0 7 7 6 5 0 8 0 3 9 5 6 10 8 1 4 4 5 7 1 2 2 10 0 2 0 3 2 9 6 5 8 3 0 9 3 8 0 3 4 6 8 10 2 3 6 7 10 10 9 6 9 6 8 2 7 10 10 2 5 2 9 9 1 10 9 6 3 3 0 6 1 4 2 3
9 1 7 5 8 8 4 8 8 2 3 1 10 1 6 2 9 2 6 9 3 3 6 0 10 2 2 7 0 7 10 1 7 3 5 1 7 9 8 4 8 2 7 3 5 1 1 3 10 3 10 1 2 4 0 1 3 6 9 8 3 8 3 7 10 1 7 3 2 6 6 5 10 2 4 3 2 8 8 0 7 1 7 10 8 0 6 7 9 0 3 4 3 1 1 0 9 9 3 2 4 1 7 3 2 0 2 8 7 2 6 10 4 5 5 2 5 4 2 8 4 6 0 2 2 3 2 6 7 1 9 3 5 10 4 1 9 6 0 9 9 4 8 7 1 3 0 10 0 2 6 10 4 6 6 0 9 10 6 8 9 1 1 6 6 3 2 9 7 2 1 4 8 3 2 2 2 8 4 7 1 6 0 9 2 9 3 5 1 2 6 2 10 7 0 6 5 6 10 5
6 10 2 7 7 10 9 7 0 9 3 8 4 2 5 1 1 0 6 3 0 1 4 2 0 1 5 7 2 2 0 9 8 1 1 8 10 2 9 3 2 3 9 1 2 5 7 6 5 9 5 6 10 9 6 2 3 10 2 4 1 3 4 2 0 7 9 10 5 7 5 5 9 9 7 2 4 10 5 2 2 6 3 2 9 3 6 6 8 4 1 8 2 10 0 2 9 2 8 5 3 3 3 5 2 4 4 0 8 7 5 10 7 10 2 7 8 6 9 2 10 10 5 0 1 3 7 1 2 9 0 2 8 4 9 4 9 1 2 10 0 6 6 10 4 9 1 0 6 3 9 9 7 6 3 10 4 3 1 7 10 5 4 7 2 8 7 0 10 4 0 8 4 1 2 10 0 0 2 10 1 2 8 6 5 7 8 6 7 4 3 6 3 3 1 1 2 4 8 10
3 3 3 9 6 6 8 4 2 9 8 0 4 9 1 3 10 4 1 2 7 7 8 0 8 10 0 9 0 7 3 6 6 9 4 3 6 10 6 4 8 0 1 4 6 5 8 1 3 1 6 4 10 5 2 9 8 2 10 0 2 2 5 6 3 9 3 9 9 1 0 2 0 3 8 2 1 2 6 4 5 6 3 4 5 9 4 7 3 9 0 4 0 5 4 9 1 2 9 1 8 4 8 6 2 8 0 10 3 4 4 5 3 4 7 2 4 8 0 3 5 5 4 7 0 3 6 9 2 7 4 1 10 1 0 7 10 7 8 7 2 3 4 2 7 4 3 0 0 7 0 6 7 3 5 2 0 4 9 1 5 7 9 0 3 6 3 2 10 8 8 2 1 0 3 9 6 7 10 3 6 0 5 1 8 4 8 5 9 3 9 8 2 9 0 3 1 10 1 6
7 3 1 0 5 0 9 1 8 8 4 2 9 3 8 6 4 2 4 6 7 7 4 7 6 8 6 4 2 6 6 1 2 10 0 9 10 3 0 2 3 9 5 3 3 2 3 0 0 2 0 8 10 6 7 3 1 2 7 10 9 1 0 9 9 9 4 8 2 7 5 2 3 5 7 4 1 1 8 1 8 0 2 10 8 1 8 2 8 5 4 4 6 0 8 10 9 10 8 2 7 8 3 3 9 3 2 6 1 4 0 3 3 0 10 4 9 9 5 0 10 2 1 4 5 0 3 9 4 4 8 8 0 1 0 1 7 1 4 0 10 10 3 5 2 7 0 5 1 7 2 5 5 1 3 7 10 2 0 10 8 3 7 7 7 4 2 5 1 6 2 5 4 6 1 3 0 10 5 10 9 2 6 5 4 2 7 1 2 0 8 4 0 1 6 9 7 4 5 1
8 8 7 2 0 5 6 2 6 7 2 9 10 6 10 1 1 8 7 10 2 9 6 4 9 3 5 4 0 5 10 9 7 4 6 1 1 4 10 10 2 3 1 4 4 2 4 4 7 8 4 5 9 10 6 3 5 9 8 7 4 5 6 7 5 9 6 1 1 3 4 2 4 2 7 5 1 7 1 7 10 7 8 9 0 4 5 10 3 5 10 6 6 4 10 5 5 0 1 8 10 10 5 1 2 4 4 3 0 4 7 0 5 2 6 3 8 0 8 6 10 6 4 4 3 8 0 9 1 10 3 1 6 9 10 5 2 5 2 2 6 10 5 10 2 7 7 7 10 1 0 5 6 3 6 8 6 6 2 4 10 1 8 8 7 1 6 1 4 7 7 6 3 8 2 9 1 6 1 1 0 10 0 7 1 10 4 10 9 10 0 2 10 7 7 2 6 2 2 4
0 2 9 6 1 1 9 8 6 9 4 1 4 8 9 2 5 4 5 4 1 8 9 6 1 4 10 7 3 8 5 5 0 10 9 0 1 0 7 3 6 4 4 10 6 9 10 0 10 9 5 1 1 0 5 2 5 10 7 9 4 9 3 1 8 1 4 4 8 6 5 1 7 0 10 2 4 9 10 9 4 5 4 10 10 4 5 8 8 8 9 9 7 7 8 9 9 7 6 4 6 5 1 5 0 1 2 1 2 2 5 9 7 3 0 6 6 2 1 7 9 8 6 2 3 3 4 0 8 7 10 6 3 10 7 3 8 4 3 3 7 2 2 4 2 4 0 6 5 2 7 10 8 6 9 8 3 10 0 4 8 6 4 3 3 3 6 3 4 2 3 4 5 6 8 10 1 4 6 0 5 7 0 4 0 6 6 5 4 4 2 2 2 4 5 7 10 0 5 8
4 10 7 4 10 6 7 4 7 10 10 5 9 3 5 10 7 7 5 10 2 0 9 8 6 4 8 10 7 7 7 3 9 9 5 7 10 7 8 10 3 3 9 5 2 1 5 6 0 9 3 1 8 5 2 3 0 5 7 5 5 10 1 2 4 0 9 5 7 9 1 1 7 3 4 10 4 4 1 0 4 6 9 9 8 7 2 6 6 6 5 1 1 4 4 5 2 3 4 0 1 8 1 7 4 8 4 6 0 2 4 8 8 8 6 1 0 0 6 7 10 4 1 9 2 7 4 10 0 9 6 5 7 9 3 5 4 2 10 8 8 4 6 0 8 5 6 3 7 1 9 1 6 10 10 8 7 6 8 4 10 0 10 5 2 6 2 2 1 10 7 6 4 9 6 8 0 7 7 1 5 9 5 7 0 3 10 7 5 4 3 0 2 9 0 4 0 5 5 7
7 8 0 8 7 9 4 3 2 4 1 4 2 1 8 9 10 1 1 6 4 9 1 2 1 8 7 9 3 3 5 5 0 8 7 4 5 5 2 3 10 4 2 3 0 5 0 0 2 5 7 6 0 9 10 8 5 7 0 10 4 7 6 6 0 0 10 7 6 8 7 5 6 4 3 8 6 4 4 1 8 3 3 3 2 8 0 9 0 3 9 5 5 1 3 1 2 4 9 9 7 8 4 7 6 5 6 10 3 8 8 1 2 6 0 5 0 6 0 1 1 4 3 2 2 5 2 1 7 0 0 5 3 8 4 7 6 5 0 10 6 10 8 1 4 6 5 8 7 4 8 8 4 5 7 9 0 10 4 5 7 3 5 3 1 9 6 10 0 1 0 2 5 10 4 7 2 6 7 10 0 8 10 1 1 9 9 6 9 10 5 8 6 0 3 6 10 8 7 2
10 10 2 10 10 0 5 8 5 9 0 3 0 2 8 6 6 2 10 10 2 0 5 6 7 6 0 5 7 2 2 2 5 4 7 9 10 6 1 5 10 5 0 10 0 8 2 2 6 4 7 5 1 2 2 1 6 5 10 10 10 8 8 7 4 0 1 1 0 8 6 7 7 2 7 6 10 9 6 1 5 5 4 3 3 4 5 9 9 6 7 8 1 4 9 1 9 7 6 6 4 2 7 8 9 0 7 2 4 1 4 5 4 5 2 7 10 2 1 6 4 7 10 5 7 10 9 2 9 8 0 9 5 10 3 1 1 9 1 1 3 1 7 8 9 8 10 0 8 1 10 3 8 5 5 0 3 4 5 9 5 0 8 0 4 0 3 6 3 1 5 5 7 2 2 7 3 9 0 8 1 2 0 5 4 5 6 1 5 8 0 7 0 7 8 4 10 10 10 2
4 5 0 0 5 8 5 6 9 9 0 0 3 2 9 8 0 10 8 8 5 1 0 2 3 4 10 5 4 6 5 1 1 3 2 2 7 2 6 9 2 7 1 3 0 7 10 1 4 2 1 1 7 2 4 3 7 9 9 2 7 3 10 4 0 3 6 8 10 7 6 1 1 3 3 5 8 3 8 8 3 1 4 3 2 2 6 7 0 3 10 0 5 2 1 4 8 1 9 4 10 0 10 5 10 0 9 4 10 7 9 4 3 5 6 9 6 5 6 5 0 5 2 8 10 6 2 8 4 9 4 0 10 5 4 2 7 2 6 6 6 5 0 6 8 10 10 10 1 6 2 0 5 10 6 3 2 4 8 7 10 0 5 9 2 2 4 8 6 10 2 10 9 1 10 10 2 9 9 9 3 10 2 8 1 1 7 8 8 10 2 1 0 7 2 2 4 3 2 0
5 10 10 4 7 1 1 3 0 5 5 8 7 6 9 10 8 10 6 5 7 0 8 2 2 2 2 1 2 0 4 9 10 6 4 4 6 10 1 8 9 8 0 4 8 4 8 2 3 2 1 3 5 7 3 5 7 3 6 1 1 9 6 3 8 5 2 6 8 3 0 5 5 5 6 4 0 0 0 8 5 2 4 2 7 0 8 0 9 4 2 3 1 0 2 3 5 10 1 6 6 0 10 3 3 8 7 0 7 9 5 8 10 7 9 9 1 6 5 1 4 7 1 6 6 10 10 6 10 9 4 5 0 6 6 7 5 0 4 5 9 8 6 5 2 9 6 10 7 8 3 0 8 1 3 0 0 0 8 5 6 4 5 10 5 1 9 10 3 6 10 6 3 5 9 3 3 6 2 2 3 7 2 5 10 3 3 10 8 8 1 9 6 7 4 7 3 9 4 9
10 5 1 10 4 5 3 1 0 1 3 8 0 9 10 6 0 4 5 6 3 7 10 2 1 6 6 4 4 4 7 8 5 2 9 0 3 3 6 3 4 5 0 1 9 3 3 1 0 4 6 1 1 9 3 7 3 1 0 4 6 9 2 4 2 2 2 8 2 10 10 10 9 4 10 4 0 4 8 3 6 4 0 0 6 10 4 4 2 2 6 8 10 0 9 3 8 4 10 2 10 7 5 7 2 6 7 9 1 6 0 1 10 10 9 1 6 6 9 1 1 2 0 2 1 6 8 3 9 7 2 9 5 0 0 3 9 1 3 6 6 3 3 4 2 10 7 0 9 6 2 8 4 6 3 5 6 0 8 10 0 1 4 6 7 3 1 3 5 1 9 5 4 3 1 1 7 10 4 6 0 6 8 7 2 7 1 9 5 8 1 7 8 4 10 4 8 9 4 2
0 8 3 9 2 8 1 10 7 0 10 0 1 2 3 4 4 3 10 7 5 6 0 8 5 7 7 4 4 4 6 1 8 5 3 2 9 10 0 0 6 9 6 7 3 4 4 6 7 7 6 3 5 3 1 8 9 9 8 0 8 3 10 8 0 2 5 10 6 2 3 10 3 4 6 10 10 6 9 7 0 8 3 2 6 0 10 0 4 4 5 0 6 10 3 4 8 10 8 8 6 5 9 3 9 4 2 5 6 5 1 7 4 2 4 0 3 9 2 7 8 10 2 7 3 4 2 4 0 2 8 8 10 0 0 3 7 3 6 7 1 0 3 2 10 10 7 6 9 4 7 4 3 6 5 1 9 8 7 7 9 4 6 3 10 6 9 9 8 3 9 8 6 10 7 0 0 3 0 0 6 1 10 8 9 7 10 6 4 3 4 5 3 6 2 0 0 9 6 5
3 5 1 10 9 5 3 8 1 1 4 6 9 9 8 0 0 2 10 9 4 8 0 9 10 9 6 10 8 4 2 4 3 4 9 5 4 1 3 7 10 7 9 0 9 7 0 0 6 1 2 8 8 2 7 9 7 9 5 5 1 4 7 1 7 8 4 7 8 8 0 2 10 3 2 6 5 9 2 9 2 2 4 8 3 3 1 4 6 1 5 6 3 4 0 7 9 9 0 3 6 10 9 4 3 7 0 3 10 1 10 7 1 0 6 4 7 4 0 5 3 4 8 4 9 3 7 6 8 4 0 1 1 6 1 0 5 2 1 10 6 10 0 8 6 10 0 8 8 10 1 1 3 10 9 3 8 3 5 3 9 9 8 8 2 6 8 7 0 3 4 9 7 4 10 3 4 7 7 2 7 3 3 8 2 8 7 4 3 7 7 2 8 4 5 0 6 1 7 10
4 6 3 9 6 5 3 9 4 3 7 2 2 9 1 7 6 10 2 5 3 3 6 4 10 10 3 8 10 5 7 6 9 6 0 6 9 6 3 0 0 4 1 1 8 9 7 5 9 8 3 5 3 6 9 9 4 6 5 6 4 1 1 9 7 3 5 4 3 5 2 0 10 1 2 8 6 6 9 5 4 0 8 10 8 8 9 2 8 7 3 2 10 6 7 7 10 2 7 4 0 4 0 1 0 2 8 10 4 9 0 8 8 8 8 2 5 3 5 4 0 0 7 8 10 0 8 8 2 2 1 3 6 9 3 0 0 10 7 9 1 2 9 4 9 8 1 5 1 9 2 4 4 1 8 1 0 3 8 3 10 7 4 5 5 8 5 8 5 6 5 0 9 6 5 1 6 2 3 5 8 0 10 6 4 1 9 5 0 1 3 9 6 1 10 4 9 3 2 7
1 3 10 0 8 9 7 3 7 4 1 10 0 8 7 7 9 3 8 8 4 0 3 0 10 7 8 7 10 5 5 4 4 8 1 5 5 6 5 7 10 3 0 5 10 0 6 5 3 0 5 0 1 4 2 1 3 10 7 4 9 9 1 9 5 2 3 6 8 5 7 4 7 5 10 8 1 6 8 6 9 9 6 0 6 6 7 0 6 9 10 0 5 7 0 1 3 8 3 9 0 4 1 10 4 8 10 3 5 5 7 3 3 1 2 0 10 10 8 5 6 8 4 1 6 5 2 7 0 2 2 8 1 0 2 3 0 0 3 3 7 5 3 8 4 1 8 9 2 10 3 9 3 2 7 8 5 4 10 4 8 8 9 10 8 2 10 9 2 8 4 5 2 3 5 9 10 3 9 2 4 4 4 4 6 2 2 4 4 5 3 7 3 5 3 5 4 7 7 5
1 6 2 10 4 4 8 10 2 6 1 10 7 6 8 10 4 6 3 9 0 4 6 6 6 6 5 7 10 0 1 5 9 9 8 5 5 6 9 5 1 1 4 4 6 1 6 10 6 5 0 6 3 10 9 8 4 4 3 4 6 1 9 2 7 8 1 9 10 7 2 1 6 8 10 9 9 9 7 3 3 4 6 9 1 0 4 3 10 4 7 8 2 0 9 4 0 3 5 9 5 7 5 5 5 5 0 7 5 0 5 10 5 1 5 1 7 2 2 9 5 10 7 3 10 1 1 4 8 6 6 7 4 3 7 9 2 2 0 10 10 8 8 3 0 5 6 7 3 9 5 1 2 6 0 0 8 4 10 6 5 6 3 5 8 9 9 7 5 6 1 8 6 0 1 10 8 8 5 3 7 1 7 0 9 9 9 2 0 6 7 6 3 8 6 2 2 10 2 4
9 8 0 4 1 5 2 5 3 1 0 4 4 0 3 4 3 4 3 2 10 9 6 2 0 5 7 3 5 9 8 1 4 9 2 10 8 2 1 9 9 6 6 10 5 0 3 1 0 2 0 5 5 0 7 4 5 0 10 9 5 7 8 9 1 1 4 2 3 6 7 10 6 0 6 4 8 3 9 10 1 9 5 6 4 8 9 4 4 10 4 10 3 2 3 2 0 0 9 2 6 7 7 9 4 10 10 2 9 7 0 0 8 5 9 3 2 5 9 0 4 0 6 2 8 5 2 5 0 0 10 6 7 2 1 2 0 1 2 0 5 10 4 2 5 2 4 10 8 0 7 3 7 2 4 0 9 6 3 4 6 7 2 4 9 10 2 4 6 6 2 6 7 6 3 0 0 4 2 3 8 9 1 9 8 8 10 9 9 8 2 1 2 10 4 4 10 10 1 10
5 5 5 4 1 0 7 5 7 9 3 9 2 4 0 4 0 10 9 9 1 6 9 4 7 10 10 7 1 1 3 7 0 4 7 5 2 0 1 0 3 7 0 8 9 10 5 4 3 5 5 10 7 7 3 5 0 7 4 3 8 0 0 3 6 0 3 1 4 3 9 8 7 8 1 1 1 5 10 2 6 1 7 3 10 3 5 3 2 6 2 1 5 4 2 2 7 1 1 9 2 1 0 1 5 9 8 8 10 10 0 5 8 0 10 1 1 10 5 5 7 4 2 3 8 8 4 7 7 7 3 7 4 2 3 10 5 5 9 6 0 2 9 8 2 0 8 1 10 8 3 2 8 5 10 5 8 0 7 4 8 0 2 8 1 9 6 10 10 4 10 4 3 10 1 5 9 1 7 9 10 10 3 6 3 3 1 4 3 9 3 7 10 7 9 9 0 5 9 7
4 1 8 10 1 4 2 3 8 1 7 8 0 0 2 9 4 8 6 5 5 0 10 5 8 6 6 3 8 6 9 0 9 7 6 1 6 0 3 10 6 5 9 10 1 4 9 0 1 4 1 7 5 10 0 0 6 7 5 10 9 7 8 0 8 8 8 2 6 8 7 4 9 6 2 8 7 8 6 2 9 9 10 0 4 9 8 0 9 6 1 10 9 3 5 5 8 7 4 9 1 4 5 5 3 7 3 10 10 3 7 7 7 10 2 4 7 4 7 7 10 1 4 1 6 5 6 2 2 8 10 5 4 6 7 5 3 7 1 7 10 0 9 0 2 3 1 1 10 2 6 0 5 3 0 0 0 0 3 3 6 2 9 9 9 10 5 1 0 6 2 7 2 6 9 10 3 2 10 6 8 8 3 9 5 4 3 4 9 1 0 3 5 8 4 0 1 6 1 3
10 6 10 10 3 1 1 2 6 8 8 3 7 7 1 1 0 8 10 8 6 6 2 9 9 3 6 7 9 9 7 4 10 8 7 4 10 1 5 0 3 1 2 0 10 7 0 3 9 1 6 5 1 0 7 8 0 4 5 6 8 7 7 6 2 4 9 7 4 3 10 7 10 6 4 3 6 8 9 9 0 2 7 10 8 2 3 8 9 3 2 10 3 4 0 0 5 5 3 10 5 5 2 4 3 8 8 4 9 7 0 10 8 10 8 10 10 2 6 7 1 7 10 3 9 7 8 10 2 3 1 2 2 7 1 3 2 6 0 3 5 4 0 10 2 4 6 4 3 1 9 3 1 10 1 2 4 9 4 3 5 5 8 9 9 3 9 4 5 2 7 6 8 3 0 9 2 5 7 3 1 10 2 8 0 8 4 10 8 4 7 7 4 5 5 10 2 4 1 9
1 5 6 5 0 7 2 2 9 10 1 9 3 9 6 0 0 8 3 8 2 7 0 6 1 3 9 5 4 8 7 9 8 2 7 0 10 9 1 0 3 1 6 2 10 7 2 0 3 1 2 9 3 4 2 5 8 6 9 2 6 4 2 0 3 9 10 1 8 5 5 2 5 9 5 5 7 4 9 8 2 10 3 9 0 7 3 8 0 1 5 1 10 4 8 2 5 1 1 3 4 10 9 7 9 3 5 3 3 2 10 2 0 4 7 3 7 5 1 7 4 5 7 0 9 1 1 4 3 3 5 2 1 7 1 6 2 4 9 3 3 2 10 0 0 4 9 3 4 1 0 3 0 5 1 8 9 3 8 5 3 2 9 3 10 5 2 3 3 3 10 5 7 5 2 0 10 4 0 7 8 2 8 3 8 10 10 8 7 7 4 5 6 8 10 7 0 5 0 0
2 7 7 9 2 3 3 2 2 0 10 1 3 8 9 2 8 1 10 7 9 7 9 7 10 2 7 1 1 10 9 8 5 10 2 0 10 0 0 6 3 4 4 6 5 9 5 6 10 3 1 7 8 10 0 4 5 3 9 8 3 1 5 5 6 5 6 0 3 8 10 9 0 10 0 2 6 5 8 1 9 5 8 1 2 7 6 8 7 9 8 1 10 0 3 10 4 6 4 4 5 7 8 9 1 4 1 8 10 7 10 0 2 6 0 6 0 3 7 1 5 4 9 7 9 9 1 0 10 10 6 9 7 0 4 6 1 5 8 0 2 5 0 1 0 8 6 0 8 6 4 1 4 9 6 4 10 5 8 3 9 1 3 5 9 7 7 5 0 7 3 8 6 1 0 0 4 4 5 1 10 0 0 3 8 5 3 8 4 10 2 4 7 3 8 4 3 7 3 2
0 8 10 0 0 8 8 3 10 3 2 10 1 4 10 2 0 3 7 6 9 4 10 8 2 5 2 1 10 7 3 5 8 8 6 10 2 7 9 8 8 1 10 8 1 10 7 2 7 10 0 5 6 5 4 10 6 1 8 2 1 7 5 9 2 10 4 0 3 4 10 9 2 9 9 10 5 0 5 0 3 9 6 9 0 10 3 10 0 4 5 9 8 2 3 4 0 1 7 4 10 0 6 1 8 3 1 1 6 3 2 2 5 5 0 1 5 4 2 1 2 6 4 7 6 2 10 5 2 8 5 6 7 2 0 7 3 3 5 5 3 1 4 1 8 0 8 1 6 6 7 7 0 4 1 2 4 4 4 2 10 7 10 5 1 1 10 1 0 9 2 1 6 9 9 1 10 5 5 8 2 6 0 7 8 2 4 9 1 0 6 0 5 9 2 7 1 0 4 0
9 8 8 4 0 4 2 9 6 6 0 1 4 6 3 3 9 4 5 1 8 4 0 2 6 0 0 9 3 8 10 3 3 9 3 8 2 4 6 7 9 2 10 10 0 8 0 0 10 3 2 8 4 5 7 3 0 10 0 9 4 0 3 9 9 8 7 3 7 5 1 1 10 6 3 3 3 8 5 0 10 1 8 3 7 2 8 2 8 10 2 3 4 8 9 2 1 0 4 8 0 0 8 8 2 1 9 3 9 2 5 2 7 0 6 0 9 2 10 3 0 3 9 10 5 1 1 5 6 0 10 4 5 0 1 8 4 9 2 8 6 2 9 5 6 4 0 6 1 7 5 5 6 7 10 1 0 7 0 3 7 10 8 6 9 8 9 2 8 5 6 0 6 5 0 10 2 10 7 4 7 9 0 4 10 7 6 3 8 5 3 1 10 7 4 3 2 10 3 5
8 7 8 2 3 3 9 1 9 7 2 5 5 6 7 4 2 4 10 1 1 2 2 6 9 9 9 1 0 7 5 1 1 10 6 7 7 10 7 4 9 8 5 1 5 8 3 1 6 1 4 0 9 9 9 3 8 5 9 2 7 7 2 7 4 9 0 5 9 8 3 0 0 6 9 4 0 5 7 7 2 5 6 1 8 10 1 9 0 5 7 9 7 8 2 7 1 8 9 4 0 10 2 2 1 6 4 1 10 7 9 3 5 10 9 10 7 6 4 2 8 0 4 2 8 8 9 1 9 0 5 1 6 7 3 2 10 1 8 5 2 9 7 3 7 6 5 0 2 4 10 0 10 6 1 2 9 3 10 7 4 7 1 5 7 6 6 8 8 2 3 3 6 2 2 3 8 7 1 2 2 0 6 0 9 9 0 5 3 2 3 6 6 5 4 8 0 8 3 4
10 8 1 10 1 3 7 2 1 7 10 10 8 4 3 0 5 5 4 7 3 7 0 10 0 8 9 5 8 1 6 10 8 5 10 4 3 0 9 4 5 3 8 2 0 9 10 7 3 9 0 10 3 8 10 6 4 9 0 10 5 10 9 10 9 6 2 10 2 9 2 6 0 4 6 7 9 0 1 8 10 5 5 1 10 9 9 3 9 5 6 8 8 5 1 0 10 3 6 0 9 5 7 3 4 0 5 9 9 0 8 6 1 7 0 0 10 5 10 4 4 9 4 9 7 0 6 7 10 1 6 0 8 8 9 8 1 0 6 10 10 4 1 7 4 7 1 3 0 5 10 6 7 7 3 0 0 6 1 10 10 9 1 10 2 2 1 4 1 5 10 6 9 2 8 0 5 7 0 5 9 8 0 6 1 3 3 1 8 7 4 3 9 3 2 8 0 0 9 9
4 2 5 5 9 3 7 4 3 9 1 3 4 0 7 4 8 9 8 5 2 1 2 10 5 2 1 10 6 9 3 9 6 9 10 8 6 6 1 3 2 1 6 3 7 1 6 7 5 3 1 7 9 4 4 3 2 7 5 1 7 5 2 5 5 9 2 9 9 8 1 10 9 9 4 8 10 10 4 9 10 3 10 0 3 6 0 1 0 7 1 8 1 0 5 1 1 8 0 7 10 3 1 0 9 2 9 6 8 10 6 7 6 0 5 10 6 6 7 7 5 4 1 10 5 4 9 3 9 2 10 3 9 4 5 7 1 4 2 1 3 0 9 3 10 4 5 4 3 0 10 3 10 5 9 6 4 4 6 10 2 10 3 7 4 6 9 10 6 8 5 1 0 1 0 5 0 8 1 5 0 1 5 4 1 9 3 7 9 6 9 9 0 6 6 5 2 1 3 5
9 10 1 5 2 0 8 6 4 1 9 6 6 2 7 10 2 1 8 0 3 7 0 2 7 0 9 5 2 1 5 3 3 7 1 4 1 10 4 7 3 1 9 3 10 4 8 8 4 2 0 6 4 0 1 4 2 3 0 1 3 8 3 0 2 1 6 5 10 6 3 4 1 9 6 3 4 8 4 8 10 3 8 2 7 3 4 2 2 6 7 4 4 3 9 4 5 8 0 1 5 8 4 6 5 10 2 0 7 4 4 10 9 6 10 7 6 8 1 5 0 7 10 1 2 1 8 7 10 3 6 2 0 1 1 10 1 1 4 6 7 0 6 3 5 9 0 5 7 5 0 5 6 4 10 3 8 4 5 3 2 8 4 10 9 4 3 6 6 1 10 10 2 2 6 4 7 2 3 7 5 8 3 0 7 0 7 1 6 1 1 5 0 0 1 9 1 3 1 0
1 2 3 3 5 5 10 8 10 2 3 10 3 5 8 9 9 9 6 1 4 3 5 5 5 0 2 3 1 4 2 9 5 3 2 10 1 6 0 6 6 10 8 2 9 8 3 4 5 1 5 5 4 3 3 0 7 2 0 2 3 10 7 2 9 4 5 10 9 0 4 8 3 1 0 5 1 5 8 4 9 9 8 1 6 2 6 6 10 1 3 7 7 6 4 8 0 0 6 0 5 5 7 4 3 10 9 3 0 3 10 8 8 5 9 5 9 2 1 4 9 1 10 1 6 1 0 5 7 1 4 3 10 0 0 2 3 10 4 1 6 4 7 0 5 6 0 5 4 7 10 0 4 9 6 7 10 1 5 1 5 6 9 3 6 6 0 0 4 6 4 4 2 2 0 8 6 3 2 0 6 6 7 0 4 7 8 3 5 4 7 8 1 10 0 0 2 0 2 1
7 0 4 10 3 4 4 2 0 1 1 5 5 7 3 2 1 1 0 3 5 10 10 7 5 1 10 10 4 0 6 0 1 7 10 8 8 7 2 10 5 4 1 2 10 6 10 6 5 10 5 1 9 10 3 10 3 2 6 1 9 7 6 6 6 7 8 8 2 3 2 3 10 6 7 3 1 5 5 8 3 2 0 6 8 6 9 3 6 4 10 9 3 0 6 0 10 0 2 7 6 5 6 0 2 5 5 3 7 3 3 2 3 2 7 3 2 1 9 6 2 4 8 3 7 9 6 7 0 8 7 10 1 9 9 0 6 9 6 10 7 2 5 5 2 0 0 3 1 2 8 5 0 10 7 1 10 7 4 0 9 10 3 3 4 3 8 0 5 6 7 3 10 8 2 9 1 6 10 6 2 9 9 10 3 2 2 5 10 6 3 8 9 1 1 0 6 3 9 5
0 10 6 0 4 1 9 10 8 1 8 2 9 7 2 0 1 4 3 9 3 4 5 7 3 5 10 1 9 6 3 0 2 5 3 1 4 9 2 2 2 10 7 8 0 6 3 9 3 3 4 6 5 4 5 0 0 2 3 10 9 6 1 2 8 5 10 7 1 7 0 10 8 3 8 7 1 2 0 8 9 6 5 2 7 4 3 10 3 5 9 0 10 3 7 4 9 6 9 10 6 1 5 4 8 7 5 5 3 2 2 2 6 6 5 2 10 8 9 2 8 0 8 8 3 0 0 9 0 6 9 8 9 4 2 3 6 1 9 1 5 8 7 1 5 3 4 10 10 6 7 9 4 0 6 3 10 6 2 10 2 6 8 9 1 5 1 7 8 9 5 9 0 0 3 2 0 6 7 10 9 2 1 10 3 4 4 0 8 2 0 5 10 2 6 6 2 10 2 4
5 6 5 8 8 0 0 5 7 2 3 7 9 6 2 4 10 10 1 4 7 2 4 2 8 4 5 3 2 2 4 2 3 10 4 8 2 3 3 9 2 2 8 0 9 1 3 5 8 5 10 4 5 3 2 8 0 7 0 3 8 10 3 0 8 6 10 8 2 10 5 4 2 4 8 5 8 10 7 3 2 0 3 4 4 10 5 6 2 3 1 2 7 4 8 10 10 0 0 0 1 8 0 6 0 2 3 2 6 3 9 1 1 10 10 8 3 1 5 1 7 0 10 2 8 0 7 0 9 5 2 6 6 4 3 9 4 4 9 5 2 9 5 7 7 4 3 10 5 5 3 3 8 6 0 3 8 6 5 9 6 5 8 0 2 4 5 6 6 10 8 8 4 2 7 8 5 0 9 2 0 7 1 2 7 8 9 7 0 6 2 2 7 9 2 8 10 8 3 2
3 6 8 7 9 8 7 9 5 5 3 6 10 10 9 8 6 8 2 9 3 6 6 10 5 6 4 7 10 10 2 9 0 5 7 3 7 4 8 7 6 3 10 7 6 9 9 5 8 6 4 5 7 10 10 4 1 10 2 6 4 5 10 2 0 3 5 0 8 4 6 8 8 2 9 8 10 9 1 3 0 5 10 1 5 6 10 2 2 4 8 1 8 5 9 7 10 2 8 7 3 2 5 1 9 6 1 8 4 5 3 9 5 5 9 6 0 2 3 7 0 4 4 0 8 4 10 0 1 6 9 3 9 10 6 4 7 9 5 9 6 9 7 6 4 0 10 8 4 8 2 1 8 3 8 0 8 4 0 9 0 5 3 8 2 6 0 9 0 1 0 6 6 7 7 1 4 6 4 1 0 4 8 5 8 0 4 4 9 7 5 6 4 7 3 8 6 4 10 8
3 6 9 8 0 1 3 3 9 5 10 6 7 6 5 3 0 10 3 9 9 4 5 5 6 3 1 1 4 4 10 5 6 9 8 9 9 6 9 8 0 6 3 5 0 1 5 0 9 4 9 9 1 8 1 9 1 4 8 6 10 9 2 1 7 10 1 7 7 6 0 0 1 5 4 5 0 4 4 8 10 9 10 7 7 8 7 0 4 8 7 6 9 2 0 10 8 1 9 9 6 3 10 7 5 8 9 6 8 6 8 3 5 6 8 7 6 1 10 7 2 0 3 1 10 7 1 3 5 2 5 4 0 10 9 2 0 2 3 8 6 6 4 9 4 8 5 4 9 5 7 1 3 1 8 8 0 3 6 0 2 2 2 10 2 6 7 0 9 9 6 5 9 2 4 6 8 10 4 2 5 0 7 3 5 1 1 2 8 0 5 8 8 4 5 4 6 8 6 9
10 0 5 4 7 8 4 2 9 1 7 7 7 8 2 8 1 2 9 6 2 1 6 5 8 7 1 8 10 5 4 3 5 2 8 4 9 2 3 6 4 9 1 4 7 6 10 2 6 4 6 5 10 10 9 1 1 3 0 1 3 2 2 4 3 7 8 0 9 5 10 8 7 9 8 10 0 6 2 9 6 6 7 6 7 6 10 6 0 0 0 10 4 3 0 10 8 6 6 10 5 1 0 2 3 7 7 10 2 9 6 10 0 8 5 6 2 0 5 6 4 3 2 6 4 9 4 2 5 6 9 2 2 1 3 6 2 8 1 0 4 7 10 3 6 10 3 9 6 10 9 2 7 5 2 7 4 0 10 2 0 10 8 8 6 3 4 2 5 8 7 8 1 8 9 10 6 1 9 6 1 9 8 2 3 2 8 6 6 3 9 4 7 4 7 10 9 9 3 4
9 8 2 2 6 4 4 2 4 6 8 3 8 3 6 5 4 4 1 5 6 10 1 4 10 6 1 6 2 1 2 10 9 2 1 10 10 2 0 5 7 1 6 5 1 1 4 8 5 0 1 5 10 6 4 7 6 6 8 1 8 8 0 10 6 2 9 4 5 2 2 10 4 0 5 7 6 3 1 9 0 7 4 5 8 1 10 7 0 10 1 7 2 6 3 4 8 3 5 2 10 8 0 3 10 2 6 6 0 3 9 2 9 5 8 9 10 3 0 7 4 2 10 2 2 3 10 9 1 3 0 8 8 8 1 6 6 0 3 9 2 7 2 6 0 1 9 0 10 7 5 5 6 0 9 1 10 4 0 3 7 1 1 10 5 8 1 9 8 6 9 5 9 3 3 5 2 4 10 4 1 4 7 5 0 6 9 0 4 6 6 6 3 8 5 10 6 5 4 1
1 2 6 4 4 9 10 5 5 8 1 1 4 1 7 10 0 0 0 7 5 7 8 7 0 9 4 10 10 9 4 10 2 3 7 5 0 2 5 1 8 2 4 9 2 9 2 4 9 3 9 5 6 5 2 8 4 0 6 0 3 7 2 8 0 6 4 6 1 8 0 10 9 5 5 1 3 2 5 10 9 4 8 8 0 1 5 8 1 4 8 5 5 10 3 2 4 8 0 7 9 3 1 5 6 4 0 9 8 1 0 3 0 0 10 0 7 6 10 2 10 5 4 5 5 3 9 5 4 8 6 2 4 9 5 3 6 5 2 8 10 2 7 5 10 5 9 8 4 5 5 4 1 6 9 0 9 8 10 0 5 2 6 7 7 0 5 9 7 3 9 8 7 9 5 4 7 1 3 0 6 10 7 5 2 5 8 4 10 10 5 9 8 1 7 1 3 9 1 9
10 8 8 3 5 1 10 8 7 7 9 9 7 6 6 1 4 4 0 3 6 5 3 3 7 2 2 10 7 0 7 4 5 6 3 8 2 7 7 0 6 6 10 0 4 3 2 8 9 5 1 5 5 3 0 1 10 6 0 2 4 0 6 9 7 9 4 5 3 6 5 5 3 10 5 10 6 6 10 6 0 9 2 7 4 8 9 3 4 2 6 8 10 8 0 1 2 3 7 9 6 6 10 4 3 0 3 0 4 0 1 10 9 8 3 2 6 10 1 5 3 1 10 4 10 3 7 1 10 4 1 5 5 1 10 9 10 8 3 0 3 3 10 6 1 6 4 10 7 7 7 7 3 1 2 5 9 7 7 3 0 6 5 1 7 9 7 4 1 8 9 9 6 1 8 9 1 4 5 5 1 8 5 2 6 4 2 0 9 6 8 0 2 8 4 8 6 5 8 10
6 4 7 10 7 0 10 3 1 8 7 3 9 10 8 4 10 8 6 10 5 10 10 9 3 1 8 6 0 3 4 8 0 9 3 4 5 9 2 4 7 4 7 4 2 1 0 9 6 0 10 9 3 5 3 4 1 7 0 3 3 4 9 7 1 0 9 0 2 10 8 8 5 3 7 3 10 10 0 5 1 0 0 0 1 5 3 8 3 7 2 2 8 3 1 2 6 10 10 0 6 5 10 7 5 1 5 10 6 9 0 2 10 4 9 5 0 10 3 1 5 10 5 4 6 9 10 10 6 0 2 7 1 5 0 0 1 9 9 9 5 9 7 4 6 0 8 4 1 9 1 9 7 2 9 10 10 6 6 4 6 0 7 9 0 9 7 9 2 4 10 8 2 1 10 1 6 10 9 3 2 9 2 6 5 5 6 2 10 1 5 3 1 8 5 0 2 7 10 0
7 6 7 0 3 10 2 4 2 8 7 9 2 10 4 10 6 0 6 2 10 3 6 10 3 2 1 8 2 9 2 3 9 10 8 6 0 5 1 3 9 4 8 2 9 4 10 7 10 5 9 5 7 10 7 3 10 2 8 7 4 2 2 2 10 10 3 8 0 1 3 8 3 8 3 7 3 5 9 5 6 0 1 7 0 9 2 2 0 8 3 6 10 5 2 9 3 7 0 6 3 1 10 0 2 8 8 1 8 5 1 2 4 3 8 10 1 1 8 2 5 10 7 0 0 10 1 7 4 1 6 4 1 9 1 6 5 4 4 1 4 10 4 8 0 5 3 9 5 4 2 8 10 1 2 0 0 7 5 2 1 5 0 1 10 1 0 9 10 3 3 8 7 3 7 3 6 3 3 1 4 8 2 4 7 0 3 7 9 1 6 9 7 6 2 7 3 2 1 3
4 0 9 3 2 6 2 6 6 10 9 6 9 5 10 6 1 8 6 5 5 9 8 0 1 1 1 3 10 8 3 1 4 0 10 10 2 6 9 10 6 0 1 6 0 6 3 3 6 2 2 7 5 9 6 8 0 5 9 9 2 3 10 7 2 0 5 0 5 2 10 5 8 0 5 4 9 2 10 7 4 2 1 0 8 0 7 10 8 10 2 10 5 1 1 1 7 8 0 3 8 0 3 6 6 8 0 3 8 9 10 6 10 2 2 3 9 4 9 2 4 8 3 6 7 4 8 4 6 4 8 5 5 7 10 5 9 0 4 1 1 8 5 9 7 2 3 9 3 2 6 2 8 1 9 2 6 0 10 1 7 0 1 0 2 6 8 9 2 0 3 2 1 5 8 6 5 0 2 6 9 9 0 1 1 8 10 7 9 6 7 4 0 2 4 5 7 8 6 5
8 7 9 9 8 4 0 10 5 8 5 0 9 4 10 5 3 7 9 2 7 8 10 7 10 3 0 0 7 5 0 7 2 2 5 1 0 5 9 10 1 5 1 2 8 7 6 8 10 1 1 8 2 3 0 2 7 6 4 7 2 10 4 3 6 7 6 3 0 2 0 5 5 10 8 0 6 10 3 2 6 3 5 4 2 4 5 3 7 10 1 3 3 3 4 10 10 4 8 6 1 8 1 0 10 6 1 0 2 6 6 0 10 5 10 2 7 8 10 6 2 7 8 2 3 5 8 8 10 6 3 4 8 10 1 2 10 0 10 7 7 7 4 4 4 9 8 2 4 4 2 6 10 6 1 5 6 0 10 4 3 1 9 2 0 6 7 8 6 9 2 3 0 6 7 8 10 5 3 2 6 7 5 0 1 0 9 5 0 8 10 10 10 7 10 4 0 0 6 7
6 9 5 0 8 9 2 0 4 1 3 3 0 8 7 4 0 9 7 1 2 10 1 8 0 4 0 10 1 10 8 1 1 4 6 10 3 6 2 2 7 5 7 2 5 2 8 1 4 8 10 0 6 5 9 3 8 9 0 3 3 4 2 1 8 9 2 6 8 4 6 3 5 2 8 10 1 3 4 6 7 9 10 7 0 10 3 5 2 2 5 8 9 9 0 5 9 4 4 1 7 10 10 2 5 5 9 5 1 1 2 5 2 0 5 0 0 5 5 1 1 2 1 3 2 4 0 6 6 9 9 9 3 3 10 0 1 6 2 5 3 7 1 0 6 5 9 3 6 6 3 6 8 0 4 1 2 2 8 0 0 8 4 7 8 0 3 7 7 3 6 1 5 2 5 9 7 2 7 10 1 10 9 8 8 4 9 5 0 2 6 10 5 9 2 0 8 3 2 7
6 4 10 6 0 4 5 6 2 1 1 4 4 4 3 10 2 3 6 2 7 10 7 6 4 1 7 3 3 8 6 1 1 4 10 4 1 10 9 9 5 7 2 5 4 10 7 1 5 2 8 2 3 5 10 3 5 4 2 9 9 2 10 8 1 4 6 5 6 9 9 8 4 1 9 10 9 2 4 9 8 10 1 1 8 2 10 5 3 0 0 6 8 5 9 4 0 8 6 4 6 0 9 4 1 4 1 0 3 2 3 10 10 10 10 8 7 10 10 6 2 2 9 1 8 6 9 10 6 2 8 4 10 0 1 7 1 7 7 4 6 4 8 10 2 4 9 1 9 1 9 0 4 9 7 1 10 10 3 5 4 5 2 8 5 0 0 1 9 10 4 0 5 6 2 8 2 7 1 7 8 0 7 9 4 4 7 1 5 5 4 0 0 7 2 3 2 8 8 10
8 5 4 7 1 4 1 10 9 8 4 5 9 10 9 0 3 0 2 9 0 9 5 4 1 10 6 2 4 5 8 8 1 3 2 10 3 5 7 0 0 5 2 9 2 4 0 4 1 3 5 7 0 10 10 4 8 8 2 3 1 3 10 7 9 5 2 2 3 3 8 7 2 4 1 8 5 4 5 7 7 1 6 6 1 9 6 3 9 3 1 6 3 5 3 4 7 9 5 10 1 3 1 4 2 8 7 1 3 0 8 4 6 9 10 10 0 4 4 2 3 7 1 4 5 5 1 10 2 1 6 10 5 6 3 0 1 4 0 6 10 7 4 9 8 10 10 4 4 2 4 2 0 6 0 3 1 4 3 1 2 0 3 5 8 5 6 0 4 10 10 9 0 1 5 5 1 1 10 9 6 10 2 9 1 10 1 6 0 6 4 5 3 10 2 0 2 5 1 1
7 0 6 5 10 0 0 0 1 8 0 10 6 2 2 7 3 9 5 0 0 4 2 0 5 5 7 7 0 8 7 4 10 1 10 5 5 8 10 1 5 9 5 3 0 0 3 2 0 3 10 5 4 10 2 3 6 5 7 3 7 0 0 7 7 4 4 8 3 2 7 4 5 4 6 9 5 4 8 1 2 4 2 2 3 10 10 7 6 4 1 1 10 9 10 7 9 7 0 1 7 8 2 0 2 1 1 6 8 0 8 4 0 8 6 6 9 4 0 6 7 3 2 4 0 0 2 1 2 0 3 5 10 5 3 0 4 7 5 4 0 9 2 1 0 2 8 6 1 4 5 0 2 7 1 10 3 9 4 4 0 3 2 4 1 0 8 3 0 8 5 10 3 9 7 1 6 3 2 3 5 9 0 6 6 8 5 7 0 9 9 7 10 3 4 10 2 10 7 6
10 4 0 0 3 4 6 3 3 4 1 2 4 2 3 6 2 2 1 7 5 7 3 9 9 4 10 3 2 9 3 1 6 4 1 9 1 2 9 10 8 1 10 8 1 10 4 1 3 2 10 5 10 1 0 10 6 3 7 8 7 7 7 0 6 3 7 7 3 10 5 8 4 7 1 7 9 5 3 8 5 1 10 3 4 5 3 9 5 4 9 3 10 5 6 8 1 6 8 4 6 10 10 2 9 8 6 3 8 3 10 3 6 6 8 6 2 0 4 1 0 10 4 8 7 9 7 7 0 8 9 1 1 9 9 3 4 0 9 10 5 10 7 6 5 4 10 8 2 0 9 8 9 5 0 4 2 0 5 3 0 2 6 1 7 5 4 2 1 0 3 1 1 3 8 5 0 5 10 3 5 2 10 10 1 8 5 2 10 1 3 6 2 4 3 3 7 8 1 10
3 3 6 2 0 1 10 4 6 7 4 0 6 10 2 9 1 4 2 0 10 8 8 6 9 0 1 4 2 3 1 8 0 0 5 0 1 7 5 6 2 7 6 1 8 9 6 9 8 2 4 2 9 2 9 1 10 9 7 3 7 5 10 5 8 4 9 9 8 0 8 4 5 2 5 9 10 6 2 5 3 10 10 0 1 5 1 5 3 8 10 10 8 8 1 9 9 4 4 9 10 4 8 0 1 2 6 5 7 8 1 10 4 10 7 6 2 1 6 6 1 9 10 2 5 8 0 8 9 2 6 2 8 3 3 8 7 6 9 1 1 8 4 0 3 7 7 8 10 5 1 0 8 5 9 5 9 9 6 9 3 5 10 0 3 2 8 5 10 6 0 8 10 2 10 6 10 2 8 1 0 0 1 8 5 10 4 10 5 2 7 2 7 7 5 1 6 5 4 2
7 4 10 9 9 7 6 6 3 5 4 3 1 4 0 7 10 9 2 3 8 4 1 6 9 2 7 7 10 0 6 6 2 8 10 3 0 2 8 2 3 6 6 2 7 2 6 9 0 5 3 3 2 2 4 6 5 5 8 4 7 9 8 0 5 4 0 2 3 5 10 4 4 6 3 1 7 3 3 3 10 4 5 10 6 7 4 10 6 0 7 3 0 10 2 9 8 2 9 3 7 10 9 1 9 9 2 6 6 7 6 2 9 5 7 8 0 4 0 4 6 2 0 10 3 6 7 7 2 5 5 8 9 8 4 3 9 0 7 8 9 10 10 4 10 2 7 10 0 3 9 7 10 1 7 0 4 6 6 1 3 2 9 0 9 9 0 3 7 4 1 0 2 4 6 4 3 0 7 0 2 5 10 3 2 10 0 3 0 2 10 4 9 1 9 10 1 4 0 3
1 3 10 8 7 10 8 3 7 0 9 9 5 9 5 7 8 2 0 0 6 5 7 3 2 6 7 4 7 1 0 4 2 6 2 1 4 1 2 1 6 1 1 1 3 9 4 9 3 6 0 2 10 2 2 6 4 6 10 0 8 0 4 5 5 0 7 0 4 10 2 1 4 7 0 9 3 9 3 9 1 2 1 0 10 6 1 2 3 0 4 5 8 10 7 8 9 5 2 2 0 10 0 2 8 5 5 0 4 5 0 1 9 6 10 6 8 4 10 7 9 5 10 1 4 6 3 7 5 2 5 2 5 4 1 1 2 0 7 1 3 10 6 0 10 7 5 9 6 1 5 0 0 8 8 3 10 5 8 2 7 0 6 9 5 3 3 1 5 10 1 5 0 5 6 4 0 3 2 4 5 9 7 10 2 1 7 4 0 10 2 2 7 4 0 2 5 1 0 2
7 9 2 2 5 9 3 1 0 6 4 10 10 0 1 5 10 0 3 6 7 2 2 2 9 0 2 4 3 1 7 2 0 5 7 8 4 7 0 8 3 1 10 3 5 8 9 8 5 0 1 1 7 1 7 10 9 8 5 9 2 3 1 0 4 4 7 1 6 3 4 8 8 10 7 4 2 3 4 7 5 1 7 8 10 6 9 3 9 3 5 6 4 9 10 0 7 5 8 6 1 9 7 1 6 0 6 5 1 7 0 10 2 5 5 0 10 6 3 2 1 10 2 6 1 10 3 7 9 1 9 3 0 2 9 6 7 4 2 10 9 5 8 6 0 8 10 5 5 9 7 4 8 4 1 1 7 3 10 1 8 1 7 2 1 5 8 4 7 5 0 3 4 0 5 6 5 8 7 0 6 0 3 8 6 0 4 9 2 3 5 8 7 1 6 0 0 2 9 6
8 9 3 0 5 10 9 10 0 10 2 8 3 2 6 10 4 5 6 2 7 2 6 6 2 7 0 7 8 8 0 0 6 3 6 10 1 5 6 6 5 2 2 2 10 2 8 3 5 6 9 2 10 2 9 10 0 9 1 2 7 6 1 3 10 1 8 1 4 1 0 9 6 8 0 0 1 2 6 3 6 3 9 7 6 2 7 5 6 7 1 3 4 10 6 7 7 9 9 10 1 4 5 10 1 1 1 6 10 2 5 0 8 9 5 8 3 0 5 4 7 0 1 6 1 5 2 2 7 1 7 6 10 0 4 3 2 3 4 3 6 7 5 8 8 2 6 7 5 2 9 7 7 3 7 4 1 9 9 3 9 6 7 7 8 8 2 10 1 1 8 1 6 7 0 3 7 1 6 7 6 2 5 3 4 2 3 7 10 7 6 10 1 5 1 10 3 3 10 0
5 2 3 4 0 0 8 0 9 8 1 1 1 3 6 5 4 5 5 7 0 10 5 7 0 10 9 8 10 10 2 10 8 3 8 2 6 8 8 4 1 8 0 1 0 3 3 7 10 6 9 3 10 8 9 4 2 4 1 5 8 2 4 1 8 8 8 5 10 7 5 10 4 10 6 4 3 3 1 9 4 6 1 0 3 5 0 4 6 9 1 1 7 7 0 7 10 4 4 8 0 9 9 0 6 3 10 8 1 6 0 7 5 2 3 7 3 7 3 3 9 5 3 8 2 3 7 9 0 2 3 9 3 3 3 9 9 5 4 2 8 2 7 5 6 10 5 5 6 3 6 3 4 1 1 4 10 7 3 9 0 8 5 3 1 4 4 3 5 7 5 5 1 7 4 0 4 9 6 7 10 4 6 0 2 0 5 0 8 6 5 2 0 0 9 8 2 1 10 7
2 0 1 4 6 0 7 5 3 5 9 2 5 10 10 1 1 8 10 4 8 10 9 9 7 4 10 4 2 6 0 10 10 4 3 2 10 8 9 0 5 6 8 10 0 1 2 10 0 3 6 5 4 3 2 0 2 8 9 5 9 8 7 7 6 1 4 2 4 5 3 5 3 10 4 9 6 9 0 2 0 7 4 5 0 1 1 7 10 1 1 4 2 3 9 0 1 6 7 1 6 4 0 9 0 10 6 5 3 7 5 2 7 2 3 9 5 2 2 7 6 0 4 5 7 1 7 10 1 8 10 6 4 2 0 0 4 3 8 6 5 10 6 5 0 3 9 9 0 2 6 4 9 4 5 3 6 4 2 9 1 9 4 2 10 5 1 2 8 1 5 7 7 3 5 0 0 10 4 10 10 2 7 9 7 4 6 4 0 4 9 5 0 0 6 8 6 4 9 4
5 1 2 3 3 0 8 0 6 1 5 0 3 4 1 7 10 8 3 10 3 5 10 6 6 2 9 3 5 6 0 7 1 7 4 3 10 3 0 9 1 4 5 1 0 5 6 3 8 4 8 8 4 6 1 2 4 7 5 4 1 0 1 8 8 0 9 5 10 9 6 6 3 3 3 8 10 7 5 4 4 9 0 2 9 4 8 3 5 0 7 10 8 9 6 1 6 2 10 5 4 10 1 8 2 3 0 8 5 4 0 4 2 5 3 7 3 7 4 8 3 6 1 4 8 7 0 7 7 10 7 1 1 4 0 10 0 1 8 8 7 5 4 1 10 2 7 1 5 3 6 6 4 6 4 6 4 6 1 7 2 4 2 7 7 9 0 6 7 6 5 4 9 7 9 8 1 0 5 3 9 1 5 9 1 7 3 4 10 9 3 10 4 5 8 6 8 0 0 0
9 0 2 3 7 1 10 8 8 7 8 8 3 1 2 1 9 2 4 8 7 7 5 8 3 5 8 5 3 7 3 8 4 4 4 0 3 5 10 4 6 8 5 2 5 3 0 1 10 9 5 6 1 9 3 1 5 4 8 3 10 8 2 9 4 8 5 0 9 5 4 3 1 7 4 5 2 2 9 5 4 8 3 9 2 7 1 3 9 9 4 4 8 5 1 1 2 5 8 4 0 1 2 8 10 7 6 9 1 6 8 7 4 9 9 3 5 4 9 8 0 10 2 2 3 6 1 4 4 9 5 3 4 6 10 6 9 10 2 2 1 3 9 2 2 3 6 2 7 7 5 3 2 4 6 6 9 0 8 0 3 2 6 6 8 2 5 3 4 10 3 3 10 4 6 4 7 2 0 10 7 9 8 3 9 1 3 0 0 0 8 3 6 2 9 10 4 7 10 1
0 6 5 10 7 7 3 10 9 1 1 0 2 4 1 5 1 10 3 2 9 8 1 0 6 3 6 4 2 10 2 5 3 0 6 4 2 5 5 8 0 6 7 2 1 3 2 4 1 5 6 4 6 7 10 0 3 5 9 7 3 3 3 4 2 3 10 2 1 9 8 10 0 10 2 7 7 5 5 2 1 1 0 3 10 2 4 10 5 7 2 8 10 8 4 6 2 2 4 8 9 6 4 2 1 1 3 5 5 5 9 1 2 5 6 5 5 2 4 5 2 9 10 4 9 5 1 1 9 0 2 0 6 9 10 10 6 2 7 1 3 3 8 3 4 1 6 0 7 4 8 7 7 2 1 3 1 9 6 0 10 1 1 9 10 4 7 5 8 7 3 2 4 9 3 4 6 4 8 0 6 3 5 4 2 6 7 10 6 2 10 7 7 6 3 2 8 1 3 5
7 6 8 6 7 1 1 3 0 2 5 5 4 8 9 6 5 4 8 10 3 6 3 4 2 5 8 10 2 1 5 3 4 8 2 9 5 2 7 9 8 1 4 1 8 2 0 7 9 7 2 10 8 4 6 0 7 3 6 1 5 2 0 6 6 6 4 6 6 9 2 10 5 10 9 2 5 4 9 0 6 7 3 0 7 1 0 9 6 8 3 0 0 2 5 8 2 7 0 8 2 10 10 5 7 4 10 7 2 5 8 3 3 7 8 7 2 10 5 3 10 0 1 8 0 9 7 10 7 1 2 2 3 1 9 4 8 0 1 8 0 10 8 5 8 1 7 4 7 7 0 5 4 3 4 10 10 6 7 4 6 5 10 0 1 9 3 8 9 1 6 1 8 9 4 7 7 0 2 2 0 1 2 8 3 7 7 7 2 7 8 6 9 5 8 7 2 8 1 6
0 1 2 4 5 8 1 8 2 0 1 2 7 1 8 0 4 4 8 6 8 6 4 3 1 8 0 7 1 7 3 3 8 4 8 10 1 5 8 5 1 7 9 10 2 5 4 7 9 8 10 0 9 2 4 1 6 4 4 1 8 1 1 8 1 0 6 4 5 9 7 4 5 0 6 0 0 5 1 3 6 6 2 8 2 9 4 3 9 9 7 3 7 7 6 1 10 9 4 4 9 6 8 0 7 9 1 0 0 9 9 6 10 4 6 5 2 4 6 8 9 4 5 4 7 5 2 10 3 6 8 6 3 7 2 6 10 10 3 10 1 3 0 3 2 0 7 3 8 10 4 4 0 3 1 9 10 0 3 4 4 10 8 2 10 3 9 3 6 4 7 0 0 6 0 9 1 1 3 1 0 0 7 6 6 1 5 0 5 0 5 8 4 0 3 9 9 1 8 8
1 8 10 5 5 10 7 1 10 1 8 5 8 2 2 6 3 3 4 3 0 7 0 9 9 2 5 0 1 9 5 4 6 1 2 10 4 1 0 1 9 3 6 8 1 0 4 3 10 5 3 6 10 6 3 0 2 6 9 7 1 1 4 7 9 8 7 5 4 3 8 2 10 10 9 10 1 5 10 7 1 3 2 6 7 8 4 1 3 3 7 2 7 0 10 9 2 8 5 1 7 8 6 2 10 9 4 1 10 6 0 3 1 8 7 5 9 0 3 5 7 6 8 8 1 8 0 5 2 4 6 10 4 3 7 8 6 6 0 10 8 10 5 2 0 6 3 8 10 7 3 10 6 5 8 6 2 4 5 8 6 4 10 9 3 6 7 6 6 3 4 1 5 8 10 6 0 5 0 9 6 7 0 10 1 1 10 0 10 0 5 1 9 0 3 2 2 8 8 5
5 5 7 2 5 5 10 8 7 7 4 0 4 4 1 9 9 8 3 2 4 2 9 7 10 10 0 2 3 10 9 1 4 1 8 5 4 8 0 1 4 9 2 7 2 2 4 8 6 1 6 0 7 6 5 7 7 9 1 4 7 3 0 2 2 5 8 0 0 8 5 3 5 5 6 10 4 3 4 0 6 4 10 1 3 9 7 3 1 0 1 3 9 8 2 4 9 10 0 9 7 1 1 10 7 10 5 3 0 7 8 1 8 8 4 7 2 5 2 4 0 4 6 8 6 0 7 4 1 1 1 10 9 5 0 2 10 1 6 9 3 4 9 2 0 2 9 9 5 3 1 8 9 4 7 10 0 4 6 8 0 10 3 6 10 2 1 10 8 6 0 0 5 0 4 3 7 9 10 7 9 9 4 0 3 1 8 8 2 3 8 4 3 9 3 1 2 3 9 10
6 3 9 4 2 4 8 1 10 2 9 4 7 5 4 5 7 9 0 10 0 10 9 8 0 4 8 5 9 0 6 5 5 8 2 3 6 8 7 0 5 7 7 4 5 1 9 5 10 10 1 3 4 10 7 10 2 2 2 9 2 0 10 8 10 1 5 3 0 6 10 8 1 1 3 6 1 1 2 3 0 5 4 9 8 1 7 8 7 9 6 4 3 7 1 3 1 3 5 2 0 7 7 1 10 2 7 0 10 5 8 1 9 8 5 2 7 0 9 6 8 10 7 7 0 7 6 3 9 8 8 10 2 10 3 4 5 0 8 6 8 6 7 8 0 3 9 7 8 1 10 10 10 3 3 3 3 2 6 3 9 6 7 10 2 0 4 5 7 10 0 10 9 5 7 8 10 3 8 10 9 8 9 4 0 9 5 2 10 1 1 4 6 8 6 9 3 0 6 3
5 3 5 2 2 1 4 3 9 7 3 6 8 8 4 5 2 3 3 9 0 7 10 10 4 2 8 2 2 0 2 8 3 4 3 5 7 3 8 4 8 10 1 2 10 9 3 10 3 10 1 2 2 0 2 9 7 0 6 2 1 3 0 0 9 1 3 1 7 1 5 9 6 3 7 2 7 6 9 2 9 10 8 3 5 9 1 6 2 10 1 9 3 6 4 10 1 10 5 7 10 6 7 8 7 5 1 3 1 4 9 9 7 6 3 0 7 6 6 9 0 9 8 1 5 3 5 9 7 9 0 7 1 8 5 4 8 5 1 10 3 1 1 6 9 6 6 5 9 6 7 4 10 7 8 2 10 9 5 4 5 9 3 2 1 5 8 1 7 5 3 8 0 4 4 6 9 2 6 3 10 2 3 6 0 0 0 10 5 1 1 4 5 2 10 5 10 0 9 6
3 0 1 7 5 7 0 1 3 5 9 4 1 10 8 8 3 0 3 7 9 0 4 3 3 10 1 5 3 10 2 4 1 6 0 5 4 2 6 9 0 3 7 10 9 6 8 3 2 9 6 7 3 2 2 9 1 6 4 4 2 5 5 5 5 2 6 4 6 0 7 1 0 7 5 7 9 10 3 9 7 9 6 4 4 2 10 5 1 5 1 5 0 3 0 8 4 7 6 6 5 7 3 1 10 3 6 5 1 0 3 9 2 6 10 9 9 10 3 9 4 4 5 3 4 9 5 9 7 7 7 1 7 5 6 1 6 7 3 2 9 8 7 0 1 3 8 5 1 4 5 8 0 5 4 3 9 9 7 1 4 10 2 6 9 3 1 4 5 0 10 2 4 4 10 7 8 5 8 3 1 8 4 5 9 5 0 5 5 9 8 4 1 9 6 0 3 10 7 7
7 4 4 6 2 10 6 1 1 5 9 8 3 10 8 4 10 2 7 10 9 3 10 10 3 3 6 1 5 2 10 8 4 2 8 5 4 2 2 3 1 9 6 6 2 2 8 3 0 3 6 5 8 6 6 3 10 2 5 0 0 8 4 2 2 10 9 0 8 7 7 6 10 10 9 2 0 7 7 5 0 10 5 2 8 10 0 1 8 5 1 10 2 10 4 4 4 3 5 10 3 8 6 7 7 7 3 10 3 5 9 5 0 0 7 8 9 6 9 9 6 1 0 1 9 7 7 8 8 8 0 6 10 10 9 1 3 7 1 3 4 4 4 6 1 8 8 10 7 0 3 3 9 1 7 5 7 5 1 5 1 5 5 5 2 4 1 9 3 6 4 1 9 4 4 0 1 5 8 5 2 7 6 7 10 10 7 0 5 6 8 5 5 9 1 10 8 9 10 0
8 10 0 2 2 1 2 7 8 10 3 10 8 10 7 6 0 8 5 8 9 8 6 8 8 6 4 5 9 10 7 5 2 4 7 9 2 8 4 9 2 0 9 9 9 10 6 7 6 9 6 0 10 2 2 5 0 5 2 8 6 5 7 10 0 4 9 5 6 5 1 9 4 7 1 1 2 3 6 3 0 6 5 1 1 9 1 4 3 4 1 10 5 8 2 5 4 8 6 8 7 2 3 7 2 2 6 10 9 9 3 1 8 2 10 7 0 5 1 10 0 4 10 5 2 9 8 8 9 6 6 8 2 7 8 7 6 10 8 1 4 3 3 2 9 8 2 6 4 0 4 2 9 6 5 8 3 6 6 10 0 5 10 0 7 2 9 2 9 5 5 2 0 1 1 10 3 3 2 1 0 5 2 7 7 7 2 1 0 3 10 5 6 3 6 5 3 2 10 6
7 8 1 0 0 10 2 1 8 9 6 10 10 8 2 8 3 7 10 6 0 3 1 10 10 9 9 1 9 7 2 6 4 2 7 4 9 1 1 4 6 4 7 3 0 3 10 3 1 2 10 2 5 5 1 1 2 1 0 7 4 1 10 10 2 6 4 4 3 4 5 1 1 7 9 1 9 2 10 6 10 1 5 6 6 8 0 6 2 3 1 3 6 0 10 1 1 0 4 1 8 0 8 5 5 9 4 4 8 4 2 4 5 3 8 2 5 1 7 1 0 10 10 1 3 0 7 7 2 1 5 7 4 2 4 1 5 8 0 2 8 4 6 2 7 4 7 9 8 8 10 6 2 6 9 1 8 10 5 4 9 2 6 5 0 6 7 6 0 1 8 4 7 3 10 8 10 2 8 10 1 4 6 2 6 2 4 8 4 0 6 9 10 6 7 8 6 10 0 4
6 0 3 4 4 1 0 1 4 7 0 9 6 8 1 4 7 0 7 9 0 1 2 0 2 1 7 2 0 10 1 4 10 4 8 9 4 0 2 9 2 4 5 10 6 3 3 1 4 5 10 0 5 2 6 9 8 3 3 2 2 10 3 5 7 1 3 10 4 3 4 6 8 8 3 0 8 9 6 8 0 6 5 4 6 1 1 9 1 10 3 5 3 9 5 7 3 2 3 1 8 1 9 8 8 0 4 2 4 8 6 5 6 2 5 5 9 0 4 10 0 3 1 6 10 2 8 9 4 9 4 8 0 6 10 3 1 0 4 4 10 8 0 10 6 6 3 6 9 3 2 8 1 3 6 9 7 6 5 5 5 1 2 3 0 6 3 10 10 9 0 3 10 9 4 7 8 2 4 1 4 5 10 9 3 5 6 0 8 10 0 9 7 2 3 8 4 2 3 9
5 6 8 2 9 6 9 2 10 0 8 3 1 4 8 0 9 6 1 2 10 2 1 5 2 8 8 8 2 10 10 2 8 1 2 0 5 2 10 6 1 7 5 8 0 2 1 0 2 2 5 5 5 10 3 5 3 4 0 5 8 4 2 10 3 9 7 9 2 4 2 1 2 3 5 2 0 0 8 9 10 3 4 1 1 5 5 1 3 8 4 1 6 0 2 9 1 9 4 6 6 1 10 2 8 9 1 0 10 7 3 4 4 10 3 5 7 9 7 1 10 7 5 3 0 5 10 8 10 2 2 8 6 9 8 9 1 0 6 2 10 7 1 2 10 3 3 2 1 10 3 10 2 6 8 6 0 4 5 8 2 0 6 0 2 5 4 0 6 2 4 6 9 2 6 6 6 8 6 5 1 10 8 4 0 10 4 4 1 0 8 0 10 6 1 9 8 8 8 7
1 9 6 1 1 2 5 9 3 4 1 8 6 7 2 1 6 5 1 9 5 9 0 8 0 9 7 5 0 1 7 5 5 10 10 7 0 2 8 10 1 2 3 7 8 9 3 8 9 10 7 9 10 7 9 3 8 6 7 6 3 0 3 4 8 2 9 10 7 3 9 0 3 8 7 2 10 7 3 9 2 4 0 8 3 6 6 1 10 8 7 8 0 9 0 1 1 6 2 7 3 5 0 0 0 4 6 0 8 6 9 4 7 0 6 5 8 2 4 1 2 5 10 0 3 5 9 10 9 7 6 3 3 8 3 5 3 1 4 4 8 1 1 6 8 0 6 7 5 10 6 1 4 3 10 9 7 8 9 9 0 10 9 2 6 1 0 2 6 8 3 4 10 10 2 1 3 3 4 4 6 5 0 9 3 6 4 8 6 1 1 9 0 3 7 0 2 1 3 4
9 10 4 8 10 2 6 10 4 0 0 4 6 1 2 8 5 5 6 0 10 1 0 8 0 10 7 3 10 9 2 7 6 4 5 9 5 9 3 4 6 4 1 4 8 0 10 4 0 5 5 0 3 9 1 1 5 1 3 0 9 1 9 4 3 5 8 9 10 2 1 10 10 3 5 6 3 1 9 7 9 10 4 6 3 9 0 4 7 7 4 10 1 8 3 5 0 8 9 5 1 10 10 6 8 0 8 1 6 4 5 5 0 2 4 0 0 8 6 3 0 5 9 6 0 8 0 1 8 5 4 4 7 6 10 5 8 9 9 0 3 0 0 4 5 0 9 8 7 10 6 10 2 10 8 3 0 7 10 8 3 4 10 3 10 2 10 10 10 6 1 2 6 1 3 9 7 9 5 4 6 0 6 6 8 9 8 1 2 3 2 0 1 0 9 8 1 9 7 5
7 5 10 5 6 2 10 8 9 7 1 10 0 2 8 6 8 1 4 4 3 1 2 6 0 0 3 4 6 8 9 5 3 1 0 10 3 2 8 9 8 9 9 6 0 6 4 8 5 2 7 0 4 9 4 1 0 7 9 5 10 9 2 5 2 9 3 8 9 9 8 5 3 2 9 8 7 5 9 5 3 6 6 7 0 8 6 1 6 5 6 3 2 3 9 7 0 7 4 7 5 6 3 7 1 0 9 1 9 3 10 2 1 5 3 9 5 1 6 10 2 0 1 5 7 7 4 0 2 0 3 5 8 5 3 4 6 1 0 6 4 8 0 9 1 9 6 0 2 5 6 1 4 10 1 7 4 2 5 8 2 10 9 0 2 6 5 2 6 10 6 7 8 2 10 10 10 6 3 5 8 6 2 3 7 6 3 7 10 9 9 8 5 7 0 2 9 9 7 4
8 7 2 10 5 7 0 3 4 4 2 7 6 6 8 10 10 4 2 4 5 4 9 7 2 0 9 5 7 7 7 9 7 9 4 7 1 8 8 2 4 1 4 5 4 6 0 3 3 1 9 3 4 2 5 5 10 4 7 4 0 2 10 3 3 1 3 3 6 7 9 4 7 10 3 4 10 7 7 3 0 9 8 9 9 8 5 1 9 9 2 1 3 7 0 4 3 6 3 9 2 5 0 3 2 0 10 3 5 8 7 2 1 4 9 9 9 3 7 5 9 9 9 6 3 1 10 10 5 7 4 9 6 3 4 2 3 4 3 9 5 8 10 4 3 0 10 4 7 1 6 10 7 0 0 10 0 7 3 2 10 7 1 7 9 8 4 8 1 9 2 6 4 8 1 6 0 5 10 10 0 2 4 1 8 5 0 6 1 1 4 0 0 10 2 0 9 6 6 10
7 1 3 4 5 5 0 0 3 2 1 3 3 0 10 3 5 9 1 5 5 6 2 0 2 5 4 10 9 10 0 3 1 4 4 0 9 5 6 4 0 9 10 8 3 6 9 1 1 8 1 7 5 1 0 5 8 5 8 0 4 8 3 2 0 3 0 2 3 5 3 9 10 4 2 0 5 3 2 0 7 8 1 6 3 6 9 7 2 9 10 6 9 3 0 7 9 9 4 3 0 1 4 0 2 2 6 2 5 1 6 1 1 7 10 0 8 7 3 4 9 4 5 1 5 10 10 4 9 2 7 7 7 7 3 6 2 4 3 8 1 6 7 1 3 8 10 6 4 0 1 4 10 2 6 0 1 10 8 2 7 7 2 9 6 7 3 8 2 3 9 2 7 9 1 4 8 10 10 4 8 1 9 8 1 7 6 9 7 0 5 1 6 10 3 1 0 0 0 5
4 9 3 7 0 5 7 1 5 4 2 1 4 4 8 1 2 7 8 1 1 6 2 7 1 5 7 1 5 1 9 6 2 10 5 0 9 9 6 0 6 6 8 6 6 4 8 4 7 7 6 4 8 8 0 8 9 3 4 5 2 6 8 10 0 3 5 8 9 4 8 6 0 10 7 3 8 6 0 9 7 0 10 5 7 5 5 10 1 9 6 7 5 6 6 6 8 1 7 0 3 4 1 2 4 5 10 1 9 1 1 4 10 2 8 6 9 8 5 2 4 9 4 8 4 3 6 8 2 4 10 5 4 2 0 4 1 2 3 5 8 0 0 10 1 3 5 10 8 7 6 3 8 5 0 10 2 10 8 3 9 6 3 7 1 1 7 3 5 8 7 2 9 4 5 1 0 1 4 7 7 8 2 3 1 3 8 8 6 5 4 8 1 3 8 9 8 0 0 0
10 2 8 1 7 5 8 2 4 2 7 8 3 9 1 1 10 5 7 3 1 2 0 8 7 6 4 5 8 1 7 0 10 8 2 9 3 7 9 6 9 0 8 9 3 0 9 4 8 2 4 8 0 4 4 4 6 9 0 10 3 0 0 0 2 8 9 10 5 3 10 9 6 6 3 9 3 6 0 0 8 3 2 9 10 7 8 3 8 1 5 8 3 0 8 7 3 4 6 3 4 1 1 9 7 7 9 2 9 6 10 10 7 2 3 5 1 3 3 8 3 9 4 2 5 7 0 1 7 1 10 1 10 10 7 3 4 2 6 9 2 8 9 7 8 2 6 7 10 0 7 3 6 6 9 8 2 8 3 8 0 4 2 2 4 5 8 9 0 0 5 1 7 5 7 7 9 0 7 8 8 5 9 10 0 5 10 5 8 2 0 9 8 1 10 10 10 5 0 1
4 10 0 3 0 6 7 0 10 4 7 5 8 9 9 5 10 0 6 7 3 2 10 0 3 1 10 4 8 4 5 5 7 3 0 4 0 4 0 4 6 7 9 4 6 0 10 6 6 3 10 8 0 1 3 3 7 1 10 6 8 2 0 0 7 2 10 3 3 1 10 1 8 2 7 8 9 2 9 10 2 0 1 3 10 8 5 1 8 0 1 5 4 7 1 8 5 10 8 4 10 5 6 9 8 0 0 8 3 1 5 6 10 9 5 2 3 8 8 10 6 7 0 10 5 4 1 9 6 6 9 0 0 8 2 3 9 3 9 2 10 1 5 4 5 5 3 0 5 10 7 2 7 3 1 5 4 5 0 3 8 4 0 8 6 9 2 8 7 9 2 10 6 9 1 7 8 8 4 1 4 4 7 2 3 8 6 9 6 8 9 6 3 2 4 4 0 0 8 0
