150
118 0
218 10676
213 4832
346 7802
184 11048
177 2738
93 951
314 8589
406 849
437 6438
229 8786
403 7009
136 768
191 6933
191 9400
459 5091
246 5596
246 2647
311 7160
250 10505
440 4224
267 6258
224 2614
301 395
252 1984
330 5610
93 2964
219 2269
432 2645
184 8196
167 10739
87 10472
334 8034
202 10295
330 2614
139 9662
437 9424
282 9876
287 7854
389 34
200 5811
293 6501
158 2306
239 5940
196 11039
227 780
458 3024
389 5790
102 4633
132 6689
297 8362
357 10575
298 9694
182 2514
325 6627
386 7801
428 4765
449 8038
93 2194
298 6856
287 3058
354 5839
254 2745
125 9302
275 3260
204 8008
71 1916
126 5987
399 10937
371 6983
149 2983
358 9692
141 8047
414 9708
257 10050
402 5042
70 10178
207 9517
96 10840
434 10907
352 1085
411 9197
314 6590
392 2002
209 2583
270 6283
112 9701
79 8332
119 7417
299 4079
214 4869
85 7346
151 1855
69 10983
258 7672
132 3743
413 5432
128 9819
91 3157
312 3193
319 690
165 8960
377 9114
62 263
225 6162
221 4512
64 5821
340 5629
122 1
429 4615
266 1682
278 3198
297 964
433 3778
175 3621
143 1240
145 4802
156 8811
325 5464
60 2080
280 8113
80 3096
242 7984
227 5704
204 3876
383 6174
294 9712
85 6689
201 9730
443 7537
278 10343
318 3625
240 4833
344 2486
215 6488
75 824
78 3008
92 8109
281 6065
145 6006
421 1804
129 3732
63 8716
128 7702
123 6669
244 5743
478 7670
312 3235
112 7337
278 168
0 51 33 35 13 42 41 32 36 48 12 31 9 12 41 7 7 40 34 14 56 35 57 40 36 59 12 34 36 15 40 49 43 5 30 37 48 15 54 8 55 55 49 58 7 39 36 31 6 32 59 48 50 30 7 44 59 38 45 5 56 46 51 50 52 11 38 46 45 47 58 42 39 39 55 46 6 44 46 57 31 34 39 42 33 60 36 7 8 51 50 58 50 14 11 31 45 34 39 47 37 46 33 49 44 48 53 42 60 40 56 37 43 31 52 55 54 50 30 56 45 42 38 57 33 39 49 39 13 50 9 38 44 56 57 31 31 31 46 59 32 38 52 35 33 33 51 35 32 10
33 0 14 20 36 30 25 45 30 14 49 6 51 37 23 54 40 35 27 42 58 22 20 29 59 52 38 46 51 30 33 52 46 43 10 40 30 40 47 39 20 22 33 52 52 16 54 15 49 42 22 36 30 55 59 51 57 32 11 33 19 16 26 19 51 51 11 25 36 7 29 24 13 7 56 14 60 49 48 30 9 44 30 35 22 56 49 52 55 10 40 31 49 49 32 44 38 60 15 41 55 45 17 8 45 60 26 7 15 44 15 21 56 57 34 52 36 23 10 47 24 47 17 11 38 33 52 51 44 42 48 55 47 11 59 30 60 39 20 27 57 38 19 60 23 60 51 44 30 58
38 15 0 17 46 29 25 59 20 8 31 14 33 30 28 33 44 59 30 51 41 25 20 26 45 32 32 59 36 38 53 42 30 34 5 46 56 58 38 44 22 18 31 51 32 21 49 5 46 34 17 52 53 47 48 37 46 41 14 57 20 27 20 18 43 43 15 17 33 13 17 28 11 7 60 11 59 59 44 57 9 59 15 42 20 39 36 35 59 5 49 35 31 44 44 51 45 45 8 38 46 54 25 10 44 37 23 5 10 54 9 30 52 51 52 35 40 29 9 41 24 31 26 8 59 48 38 43 31 57 55 37 58 10 42 58 42 48 17 26 41 58 29 39 22 46 31 38 42 33
35 23 17 0 49 14 8 50 11 22 44 23 47 41 9 41 42 42 13 57 42 15 7 9 42 40 46 44 49 35 34 56 59 36 27 33 39 38 51 44 9 6 40 39 40 7 44 26 53 45 10 33 33 50 57 53 36 42 16 53 11 11 6 7 58 37 21 13 41 22 14 14 23 19 48 24 40 33 40 58 19 41 7 51 13 54 60 34 50 20 37 47 59 56 42 44 57 32 24 57 57 44 12 22 52 60 5 20 16 54 26 15 48 56 55 36 41 10 23 47 11 33 7 25 54 44 51 42 52 49 51 34 37 22 30 40 57 31 10 5 37 43 7 42 11 31 33 33 44 55
8 56 36 33 0 42 35 31 60 40 13 46 14 7 50 12 8 45 30 5 44 34 31 52 50 47 6 56 48 10 34 31 50 13 43 39 52 10 50 14 39 31 45 38 6 50 31 50 15 53 50 56 49 40 11 33 36 60 55 6 45 43 58 58 33 11 59 51 39 38 34 45 48 60 56 33 8 58 50 32 46 31 42 32 43 46 54 11 7 60 30 44 57 15 7 44 39 46 43 60 41 47 45 44 53 47 30 43 47 49 58 60 32 41 39 58 37 31 57 37 41 45 56 38 46 40 34 43 7 35 9 48 54 39 51 41 36 44 52 34 58 40 33 50 46 48 43 38 60 9
38 17 17 5 35 0 7 31 11 25 43 20 51 53 6 49 47 47 7 35 33 9 11 7 55 58 50 32 40 54 49 54 30 52 15 50 44 45 50 35 10 9 38 45 40 13 60 19 45 51 14 30 51 41 40 53 51 31 16 37 5 7 10 11 48 45 16 14 51 26 11 12 23 17 52 15 36 34 58 57 15 60 8 51 9 53 30 37 49 25 34 57 51 47 37 47 38 44 23 59 43 52 10 21 31 44 10 16 17 34 30 12 30 57 40 42 54 8 20 39 9 59 10 30 48 49 38 48 35 44 60 43 39 19 60 38 60 32 6 7 52 37 15 53 12 33 31 48 48 53
36 17 17 9 59 10 0 36 13 24 53 29 41 46 13 57 51 30 15 45 51 14 5 6 50 38 46 40 60 54 42 46 55 47 30 53 56 46 53 39 7 7 45 48 54 7 49 19 52 54 9 41 60 50 48 40 33 31 18 45 5 12 8 5 60 58 15 5 46 27 14 15 15 20 41 26 51 55 34 30 15 30 15 43 9 40 46 53 54 25 43 40 38 53 59 53 31 50 27 41 59 43 7 19 35 45 11 21 30 34 22 10 45 41 44 36 34 12 24 33 15 59 10 23 43 33 33 32 30 38 50 38 32 24 56 36 46 34 7 8 42 60 7 42 15 43 52 60 42 57
57 51 35 48 42 46 60 0 30 42 48 33 37 47 39 34 53 5 40 34 13 52 49 45 20 10 59 22 25 47 14 22 22 45 50 29 7 37 8 39 32 43 29 20 35 40 5 42 60 10 60 8 26 11 58 28 10 13 51 60 39 50 58 46 8 52 42 50 19 41 32 34 52 47 7 57 55 23 26 13 40 12 35 9 60 19 6 42 52 46 13 23 14 43 32 19 8 10 47 13 9 7 60 54 7 17 51 33 33 14 51 46 5 22 10 10 22 53 58 6 45 10 33 50 23 22 17 13 47 22 35 8 17 43 6 29 8 23 38 54 13 9 35 21 56 14 17 5 26 34
55 29 15 15 58 5 8 55 0 23 53 15 38 58 8 54 45 37 8 37 41 15 9 10 49 58 37 37 31 30 35 41 47 53 29 41 35 49 51 51 14 8 42 44 49 6 53 22 42 41 11 53 37 48 46 53 57 59 23 47 12 9 13 13 50 50 26 6 38 16 10 12 24 21 57 24 57 50 60 52 15 52 11 53 11 31 32 33 31 25 51 42 54 59 52 45 45 59 19 57 41 47 8 23 59 41 12 25 26 51 27 9 33 33 56 54 45 5 25 43 12 44 6 15 35 57 35 57 36 42 53 55 38 24 51 59 50 39 5 8 40 52 11 59 9 30 43 57 60 43
36 5 6 16 54 24 18 51 23 0 59 15 43 47 20 45 55 30 17 49 43 20 23 25 33 53 50 53 60 33 30 52 50 37 12 60 42 48 53 60 27 29 38 46 52 21 43 10 56 53 18 41 52 40 59 48 40 33 11 41 25 17 15 16 38 35 9 26 59 6 22 17 11 13 34 8 49 33 42 59 9 49 27 53 30 49 56 32 57 11 34 55 53 48 49 60 48 37 5 57 51 59 22 12 45 41 30 5 15 35 9 25 32 31 44 33 54 15 14 37 19 45 26 13 41 46 37 30 52 40 32 41 57 6 52 35 36 50 21 24 51 32 27 31 26 39 50 52 42 56
10 45 43 51 9 52 57 30 59 58 0 34 9 12 46 13 14 50 60 6 31 32 48 58 41 41 10 58 57 13 44 48 56 7 38 55 44 7 52 8 37 55 48 36 5 41 52 44 9 55 50 49 54 37 15 56 49 44 45 13 52 31 47 35 33 9 30 48 51 57 49 46 41 33 43 52 5 34 33 45 33 30 49 47 57 35 60 12 7 58 46 40 51 11 13 42 49 55 41 39 43 40 51 60 31 36 57 52 39 35 40 32 48 51 57 36 38 49 36 41 42 54 54 31 30 56 31 55 14 34 13 40 37 44 34 47 46 52 53 56 30 60 47 49 34 52 52 37 41 7
44 6 10 26 36 20 27 53 19 11 43 0 42 39 25 34 51 47 15 54 32 16 15 17 39 40 47 42 54 38 55 32 34 45 12 36 31 32 47 50 26 21 55 46 55 18 51 7 41 55 26 52 37 37 57 50 31 52 7 41 28 24 15 20 45 52 13 18 56 8 21 22 12 14 39 9 45 55 30 36 9 35 25 53 19 41 55 36 30 9 36 37 53 32 48 44 36 35 6 44 52 41 29 9 34 57 19 13 15 52 15 26 33 40 48 31 45 25 5 32 19 44 29 13 40 57 38 56 35 52 59 51 50 13 36 49 33 36 27 15 37 48 26 37 16 54 42 31 35 54
14 51 43 48 5 31 38 44 38 59 12 35 0 10 44 13 5 43 39 11 39 56 34 47 48 56 12 40 37 5 42 47 52 5 52 43 58 5 49 6 31 34 37 36 9 32 30 45 5 35 58 58 43 31 15 32 53 32 32 7 34 59 48 34 42 11 35 42 33 32 55 60 34 36 38 36 11 40 34 46 46 54 43 45 33 60 43 9 8 55 31 53 42 13 12 32 50 42 36 38 52 49 45 44 55 37 60 45 45 39 48 60 39 34 47 30 59 30 32 38 38 41 40 51 34 50 37 36 10 55 14 32 32 48 45 30 53 44 57 47 42 60 37 47 32 50 34 30 46 5
5 43 60 31 8 34 45 39 42 38 10 54 14 0 48 14 5 40 55 13 37 53 45 34 34 39 5 35 58 11 40 58 51 8 51 50 44 15 30 12 43 53 59 52 13 45 46 44 8 55 40 41 34 60 5 56 60 31 55 9 51 41 55 50 37 8 31 51 51 45 31 46 46 31 35 60 15 56 46 37 43 42 60 38 45 60 40 15 13 35 41 51 48 14 7 59 35 57 47 35 46 34 58 46 56 48 51 60 52 44 40 38 30 47 35 58 56 52 39 46 58 47 50 56 32 38 36 50 6 50 9 48 30 33 49 41 41 55 50 46 49 31 30 39 35 30 51 45 49 13
52 15 16 6 33 5 6 52 9 26 31 19 56 39 0 55 48 51 12 34 52 7 7 11 35 58 60 59 49 50 31 48 36 56 17 50 42 32 39 38 6 5 58 58 44 15 36 19 48 30 7 34 52 43 58 41 51 38 19 55 6 11 7 8 40 38 27 10 49 20 14 5 28 27 51 25 54 35 39 46 25 37 9 35 6 46 32 39 52 15 34 48 43 54 43 58 59 45 18 31 56 39 14 27 60 56 5 22 18 32 24 12 48 44 55 42 47 8 25 51 7 42 5 16 50 30 48 42 44 33 33 45 43 22 45 59 53 48 11 6 51 56 14 41 13 56 57 43 53 56
7 41 30 36 12 54 54 55 32 48 15 31 11 14 50 0 8 58 50 10 48 48 43 41 41 41 14 37 48 12 36 36 43 13 33 37 55 13 34 8 55 57 55 41 7 54 42 30 6 47 37 46 33 42 6 47 56 53 54 13 30 37 32 34 53 7 46 60 56 39 54 39 54 60 48 30 11 33 57 47 50 40 54 30 52 33 59 5 10 43 53 60 49 8 6 55 43 55 32 51 49 44 44 60 60 33 57 53 35 39 31 52 56 48 56 32 40 42 47 34 43 34 57 54 39 32 49 58 7 60 11 55 45 53 38 54 32 42 32 58 56 60 38 54 35 53 50 47 32 11
5 60 33 45 9 51 44 41 47 34 14 49 14 10 59 10 0 37 36 6 60 59 51 30 32 52 14 55 37 15 44 52 58 15 44 53 40 14 41 5 36 30 43 35 15 57 38 60 15 50 43 37 37 57 13 47 40 57 52 10 48 41 58 56 49 11 46 58 48 39 30 55 34 58 38 43 9 50 52 45 46 36 31 33 42 49 39 9 7 52 49 58 55 12 12 55 52 45 53 58 59 52 54 33 44 44 35 34 54 51 46 45 39 36 50 44 37 39 45 39 59 58 48 33 32 45 34 51 15 38 14 46 60 40 55 50 43 37 56 48 45 53 46 50 36 57 41 43 50 10
40 46 52 39 49 57 52 14 44 51 38 44 51 34 56 44 48 0 37 41 7 56 35 31 25 14 60 19 26 36 13 21 19 58 31 15 14 58 11 60 37 58 25 22 32 31 11 35 41 15 39 12 25 15 44 19 14 14 34 47 47 54 34 30 15 34 30 36 21 54 52 45 58 58 8 40 38 24 23 13 39 10 34 12 44 29 7 49 46 30 10 27 9 52 50 22 7 5 44 8 10 8 53 39 15 19 58 52 49 8 52 33 11 25 7 8 15 31 40 10 58 13 31 46 26 24 28 5 39 17 33 6 24 42 5 29 9 20 48 33 14 10 34 25 32 10 29 14 15 37
32 23 23 8 58 7 6 31 10 30 44 30 51 32 11 38 34 40 0 54 37 12 7 7 40 49 32 41 33 47 43 46 32 45 21 39 41 60 47 48 15 15 46 53 33 13 56 17 42 49 6 40 49 50 51 42 40 42 27 43 14 11 12 9 50 31 25 12 48 16 10 9 29 29 40 20 35 42 30 30 17 54 12 40 11 40 45 41 44 21 35 58 56 39 52 44 58 40 26 36 39 56 6 15 34 58 15 16 29 44 29 9 42 54 46 48 32 12 16 53 6 58 9 27 56 57 54 53 44 53 41 38 44 20 59 32 32 49 8 6 58 58 7 46 9 47 48 60 54 45
15 56 44 51 12 52 42 39 59 43 11 52 8 12 41 6 8 38 55 0 53 46 46 35 35 52 5 50 46 14 50 48 54 5 52 40 60 6 38 8 53 40 43 53 10 41 33 40 5 48 38 30 42 41 15 57 36 30 49 9 30 37 48 58 42 10 38 31 40 41 51 42 50 40 39 44 6 36 39 42 44 44 45 36 48 47 52 9 9 36 39 34 44 14 5 37 48 39 39 43 31 33 58 48 36 58 55 60 38 47 47 33 44 40 55 45 60 44 47 42 49 36 60 37 52 39 41 38 7 36 8 59 50 36 43 55 43 38 52 49 47 54 49 32 58 50 59 38 46 13
31 51 60 46 44 34 52 7 53 45 58 31 50 45 57 53 59 7 30 55 0 34 53 38 24 13 48 24 26 46 11 25 30 36 40 29 14 33 8 38 54 42 25 21 33 41 15 54 44 12 30 13 19 13 42 20 8 10 54 40 47 32 56 48 5 60 41 54 19 39 46 31 52 57 8 60 41 15 23 14 53 9 33 11 31 29 10 51 52 32 8 19 6 38 50 17 15 13 50 9 10 15 30 56 10 27 45 47 35 13 57 39 7 26 12 5 27 52 59 13 51 14 42 42 21 22 27 10 48 20 48 11 22 59 12 23 7 22 49 59 14 15 56 23 57 8 29 6 29 54
34 30 20 13 42 6 7 58 15 25 44 30 47 35 13 43 58 57 6 37 32 0 9 7 43 55 42 34 52 47 34 33 51 47 29 41 31 40 34 44 13 13 41 58 42 8 33 16 36 35 12 30 40 40 47 60 53 30 18 55 12 11 11 10 53 48 16 15 56 21 10 9 30 23 48 15 51 35 52 59 24 51 9 40 8 36 38 31 52 16 47 43 54 49 53 42 31 44 22 38 40 53 8 24 36 34 13 19 22 46 24 10 45 57 53 54 42 15 26 59 13 42 8 22 55 39 51 36 39 31 35 45 33 24 34 53 31 42 13 11 31 57 10 40 10 60 39 53 60 47
42 23 19 6 53 8 7 36 13 27 43 28 38 43 8 43 35 48 7 30 37 13 0 12 60 45 58 30 58 44 50 43 42 46 26 32 49 45 58 30 9 10 33 53 46 7 56 17 57 56 6 30 56 49 36 51 60 58 29 35 9 7 10 8 59 55 29 5 30 15 12 8 16 16 31 27 56 49 45 36 20 44 11 58 8 46 35 50 42 21 43 33 46 37 34 36 43 50 27 56 30 43 8 23 50 48 6 25 26 35 18 6 45 59 37 46 32 12 16 32 13 47 11 28 51 43 59 39 54 45 55 30 31 30 33 47 57 33 7 11 52 50 15 48 15 59 58 48 44 31
55 19 28 8 56 8 14 50 7 27 31 28 51 56 15 60 41 32 13 58 49 11 8 0 32 54 30 48 30 58 42 56 36 42 21 45 55 50 38 31 12 15 53 46 30 13 45 30 44 52 8 48 59 33 37 50 46 49 19 34 11 13 7 10 40 58 16 7 58 22 11 9 21 20 44 26 47 53 51 43 26 36 6 38 11 43 43 46 39 26 35 59 58 30 35 34 31 37 24 33 31 52 12 30 50 44 8 20 26 60 24 10 46 39 51 41 41 6 30 32 12 40 10 19 55 44 49 43 30 51 36 58 49 24 33 52 57 52 14 8 52 35 5 44 14 31 47 52 31 45
57 38 34 54 51 34 51 19 50 36 46 44 34 34 45 51 46 18 58 34 30 37 45 47 0 22 37 8 10 58 24 5 8 56 30 13 19 48 28 59 35 46 12 8 33 37 26 53 46 19 54 15 11 17 40 11 26 23 32 35 35 51 58 53 25 50 38 52 13 49 45 39 35 56 21 57 46 9 6 18 55 23 37 20 48 9 20 53 40 35 18 9 26 41 56 13 16 30 47 20 17 15 54 54 21 10 46 35 32 15 50 49 22 7 23 20 15 50 32 30 35 17 57 45 6 6 11 28 57 8 58 23 13 43 18 10 29 12 34 35 29 24 41 9 41 16 6 26 9 53
46 58 49 58 42 59 60 9 57 45 52 48 47 58 49 44 56 11 31 32 5 30 53 31 23 0 37 24 24 32 9 25 26 44 34 29 9 56 6 38 43 54 22 25 58 33 10 55 56 11 55 12 23 9 55 22 15 8 52 35 37 55 48 31 14 54 39 53 16 47 54 30 30 55 14 47 59 24 22 15 51 12 50 15 58 26 9 47 49 40 9 25 8 35 40 16 7 14 60 8 7 7 32 46 11 21 47 36 55 8 51 45 11 25 14 6 29 34 45 6 48 8 44 44 25 22 15 14 50 29 51 6 19 38 6 29 15 15 45 35 14 15 35 30 38 14 15 13 22 39
7 35 51 31 7 38 40 39 44 38 8 48 14 5 46 9 6 60 46 7 53 54 37 51 39 38 0 31 51 13 53 54 36 5 42 42 37 10 36 9 45 31 39 43 6 43 32 48 9 51 33 56 55 45 11 36 32 57 47 7 57 54 51 47 54 11 49 54 49 34 47 37 58 55 43 39 7 36 33 34 57 42 35 42 60 39 42 7 13 44 56 60 31 9 9 52 50 44 51 53 47 38 44 47 40 60 54 46 50 43 30 41 57 46 31 36 36 37 52 56 45 48 38 32 57 42 56 52 8 59 11 52 57 56 35 49 59 36 52 34 38 35 34 53 40 51 51 48 34 12
52 40 48 53 35 52 55 16 30 51 44 53 60 30 45 34 42 30 44 39 15 49 57 52 11 25 42 0 12 46 16 6 7 53 53 15 29 31 25 51 36 40 15 9 39 49 27 52 55 20 31 25 10 15 30 8 23 18 39 31 48 52 56 38 17 33 52 30 14 32 33 30 36 43 17 32 53 9 11 28 39 15 58 30 51 5 20 60 50 47 21 12 28 56 50 8 27 20 49 16 20 19 46 32 24 8 57 31 52 24 49 39 15 7 16 20 12 34 33 18 44 16 50 47 6 8 7 24 30 6 37 30 14 35 20 12 17 8 59 52 26 26 59 6 32 26 12 26 9 39
45 47 48 34 31 53 58 26 56 45 31 43 40 34 37 30 45 24 52 58 15 34 55 60 6 21 48 15 0 54 26 5 9 60 57 9 30 45 28 48 31 56 13 14 38 32 29 48 43 24 49 25 7 29 30 13 26 21 48 31 55 54 60 39 21 35 44 46 8 46 33 31 50 48 29 53 55 14 11 18 53 29 41 24 41 9 27 45 56 50 15 5 24 49 60 15 29 29 55 25 25 17 32 39 18 5 34 54 50 30 36 46 29 15 24 29 12 53 35 26 35 19 35 31 14 15 9 16 46 10 57 21 10 55 30 14 20 14 45 38 26 30 50 14 37 24 15 19 6 40
13 32 31 37 14 54 36 41 60 34 8 46 13 10 33 9 15 39 42 8 38 47 58 58 52 38 8 47 32 0 37 59 39 12 54 53 57 12 58 10 56 33 33 57 9 52 35 44 15 34 45 33 35 50 8 41 55 36 35 11 59 60 31 44 54 10 30 56 44 35 41 36 41 50 43 30 7 38 35 31 31 31 40 40 55 32 32 14 10 40 51 43 52 11 8 38 48 55 30 42 46 51 42 32 50 36 37 45 39 47 56 49 48 30 41 53 30 55 33 51 52 33 56 49 41 42 38 45 6 32 13 37 34 51 55 51 43 45 48 40 41 52 40 59 32 37 30 60 60 12
45 54 41 53 41 38 40 5 44 46 41 37 51 45 47 35 48 7 60 60 12 31 51 56 29 10 30 27 19 43 0 30 25 34 47 25 14 44 15 53 49 53 15 15 31 43 9 37 56 9 40 11 17 13 56 29 15 15 60 41 58 42 47 50 12 58 57 54 26 53 44 60 37 54 9 37 55 23 23 6 51 5 45 6 47 30 13 38 51 50 14 26 7 44 56 20 6 5 48 10 11 14 46 46 5 18 36 51 46 12 56 47 8 19 7 10 23 58 50 9 44 9 52 56 20 16 26 11 56 22 48 15 26 33 12 29 15 29 51 49 11 8 36 21 58 11 29 15 27 51
34 41 33 57 59 30 58 22 30 50 31 31 51 40 46 33 31 20 33 43 16 40 44 40 15 28 52 15 11 55 27 0 8 38 30 12 26 48 29 47 32 38 8 15 48 40 19 34 60 16 34 28 13 23 37 6 22 21 34 45 34 48 49 40 21 37 49 37 13 54 47 58 48 35 17 36 47 7 9 16 43 30 54 29 32 10 20 40 40 49 16 15 20 30 60 11 23 24 56 24 27 26 53 36 24 13 36 34 43 15 51 33 28 5 25 20 10 36 54 21 31 18 48 35 7 6 5 25 30 15 37 21 15 49 23 11 22 5 31 52 25 20 54 10 35 25 9 22 9 53
58 51 53 49 36 36 34 24 41 40 43 31 36 43 53 39 43 26 49 50 23 46 43 44 8 20 60 15 11 31 22 12 0 48 52 9 26 55 25 31 49 46 7 9 32 35 26 40 42 19 34 26 5 18 46 8 29 24 46 46 46 30 42 45 18 50 40 42 12 38 54 59 31 37 17 36 58 5 9 18 51 25 40 22 58 10 17 35 35 35 30 12 20 41 47 9 28 17 39 20 17 17 50 37 15 12 60 33 41 30 30 30 16 12 21 22 13 30 53 18 36 17 50 52 7 8 6 28 35 11 39 18 10 52 18 5 27 5 31 41 21 17 57 7 60 17 11 17 13 53
9 34 57 33 11 54 32 53 53 47 7 45 10 13 53 10 6 57 51 14 39 47 49 41 38 31 6 45 57 8 39 52 50 0 51 57 50 15 34 7 51 42 30 40 15 52 40 51 6 31 46 50 54 33 12 60 56 37 30 10 56 44 30 58 39 13 48 37 33 48 51 57 31 47 43 33 12 35 40 44 60 53 54 32 37 42 41 8 11 36 51 59 55 6 9 51 52 40 46 60 47 53 30 48 51 60 38 45 53 31 54 48 31 41 54 36 35 60 36 37 55 53 36 34 45 32 56 45 13 42 13 33 41 36 42 33 32 53 34 58 53 38 59 51 30 45 54 37 50 13
45 6 15 25 51 23 21 55 28 8 53 6 46 58 26 47 30 44 17 60 60 24 30 28 44 48 43 36 35 48 34 44 53 58 0 49 49 46 40 33 23 24 53 36 57 29 43 15 60 48 27 50 41 51 50 30 42 54 11 38 25 19 19 16 41 37 10 25 50 7 15 17 14 15 49 13 34 58 56 32 12 38 29 60 24 50 43 45 52 11 32 46 38 38 39 44 34 36 12 37 47 38 18 13 56 52 25 13 6 42 12 20 56 40 58 45 56 25 6 33 28 54 25 10 42 51 31 58 52 54 57 57 47 11 52 44 33 49 23 25 32 33 30 34 24 37 43 38 50 58
55 46 51 36 34 59 31 16 57 55 33 48 59 57 50 55 32 15 58 48 26 33 38 39 11 15 43 13 12 53 27 13 7 38 55 0 24 32 27 46 38 53 13 14 43 33 16 41 53 27 40 23 7 16 58 7 18 25 36 36 33 58 43 54 25 39 49 55 6 59 56 40 31 46 19 32 43 9 9 28 45 20 48 15 53 6 28 31 34 37 26 10 30 53 34 8 17 30 32 17 27 28 33 50 17 9 33 56 52 25 53 48 29 13 17 17 5 54 44 15 57 26 37 46 8 5 9 22 34 11 51 27 10 60 22 9 29 11 57 50 28 19 45 15 36 19 14 29 9 56
38 34 39 40 54 56 50 5 36 38 51 35 49 40 47 59 41 6 56 50 11 59 33 42 16 13 58 22 21 45 14 15 29 59 53 20 0 53 6 56 44 52 30 30 50 51 8 43 34 15 58 15 21 11 55 18 11 7 43 57 50 39 55 48 7 55 47 33 30 55 45 42 60 50 8 44 53 18 30 9 58 12 50 12 51 28 14 39 43 40 15 21 8 31 31 21 10 10 41 12 13 12 39 46 7 22 43 45 52 11 30 34 13 28 5 13 28 33 50 14 49 15 45 30 23 18 21 7 35 25 30 12 21 50 7 18 13 30 58 41 11 6 42 25 33 12 27 6 20 51
12 31 35 36 5 51 40 31 58 56 13 53 12 15 58 5 14 47 38 15 40 55 30 40 32 43 8 31 54 5 51 30 33 13 60 45 57 0 39 14 52 51 52 34 15 44 44 33 14 56 48 44 34 58 9 37 39 57 41 9 34 33 44 51 50 14 47 46 33 31 57 50 37 60 38 48 15 46 58 44 54 35 57 40 36 59 53 7 10 38 41 59 46 13 10 51 51 32 37 49 33 51 50 44 30 47 56 45 59 37 37 35 36 30 50 59 44 52 30 58 36 56 30 53 38 41 49 56 7 38 14 48 59 55 50 37 30 37 40 41 44 41 58 58 54 57 34 53 45 11
50 56 35 55 47 48 59 12 58 39 30 35 32 55 32 33 43 14 35 56 13 54 38 36 29 5 47 20 26 58 11 15 20 30 43 21 14 33 0 60 34 32 26 20 32 30 6 57 35 9 55 14 21 5 36 16 13 15 53 35 48 46 49 52 7 31 44 38 16 42 50 57 40 33 7 38 59 15 23 10 49 7 59 9 34 15 9 40 59 36 14 28 8 41 32 18 8 5 45 8 6 15 60 37 7 28 32 31 37 12 58 39 11 25 10 11 18 31 37 11 48 13 45 41 15 19 29 14 53 29 42 15 20 39 5 30 9 24 49 45 7 12 50 23 41 5 26 6 19 48
14 39 57 60 9 37 41 51 50 48 15 49 15 7 49 8 11 58 51 6 33 35 52 50 58 48 5 42 37 6 51 42 50 12 36 57 47 5 53 0 44 44 50 46 5 59 40 55 9 49 30 48 57 34 11 31 40 44 31 10 34 42 54 47 43 10 59 31 50 39 59 50 37 47 31 60 13 48 40 40 47 48 58 45 50 60 43 12 12 48 38 42 30 6 12 38 54 51 35 34 41 36 56 41 38 32 34 46 31 52 59 54 59 44 50 53 36 34 43 51 50 39 56 42 58 32 39 43 11 30 14 52 41 35 44 48 60 32 55 38 57 39 51 38 60 54 48 40 52 6
54 15 15 9 54 14 9 42 9 28 44 27 40 47 13 59 39 31 5 44 40 14 12 10 35 54 37 47 40 55 40 52 56 43 17 51 59 33 37 35 0 12 38 38 36 5 55 30 31 32 12 52 37 48 54 52 34 40 19 48 9 13 15 11 32 55 27 10 56 28 15 10 29 20 44 21 37 41 33 43 15 34 7 33 6 48 45 48 33 18 48 37 39 36 40 37 52 58 24 30 50 54 10 18 37 57 15 28 22 37 27 5 37 43 45 58 33 9 21 59 8 56 5 27 38 51 42 33 42 31 35 60 39 29 47 31 58 39 10 15 36 36 7 46 11 37 34 50 34 34
53 18 27 8 56 8 14 56 5 24 48 17 57 39 5 54 34 37 12 59 36 12 15 10 34 53 57 56 57 33 59 43 38 36 30 49 51 58 45 57 12 0 55 55 55 14 58 19 31 32 13 46 31 52 51 60 53 47 22 43 6 10 14 11 33 43 24 13 37 15 15 11 28 20 58 15 42 56 40 55 22 57 7 55 15 47 59 57 40 28 54 47 46 50 48 33 47 36 23 58 42 57 5 24 55 49 5 21 22 41 26 9 31 32 32 59 60 5 28 36 11 58 15 16 57 58 32 51 52 38 47 34 32 17 51 60 49 54 7 9 55 59 15 42 14 45 30 52 30 46
43 40 43 48 59 48 57 21 57 51 31 45 56 32 39 36 34 22 48 43 19 57 49 52 12 21 39 9 9 52 30 10 10 52 34 11 25 59 19 43 42 53 0 10 34 55 16 37 31 26 41 21 14 21 32 13 29 21 58 56 58 31 34 55 29 43 45 42 14 31 30 42 42 31 24 45 31 5 6 30 50 25 37 25 42 14 16 38 58 35 24 8 25 59 56 8 21 29 40 23 20 20 36 41 25 14 34 56 44 15 58 33 30 11 24 15 8 56 38 26 58 26 32 58 11 7 14 27 58 13 40 16 10 35 24 10 27 8 41 43 29 16 44 10 52 24 12 19 11 38
33 40 34 52 33 40 45 17 36 46 58 31 40 43 42 30 34 28 50 44 18 34 51 58 14 25 46 14 7 51 24 5 5 46 32 10 16 53 28 47 52 43 6 0 41 60 27 30 51 23 59 30 10 23 55 14 25 29 42 33 31 47 47 43 21 33 33 55 15 43 50 35 36 50 25 51 32 9 14 21 60 18 39 26 41 15 19 38 54 45 22 11 24 53 55 6 18 15 42 21 18 17 30 38 22 6 50 55 41 15 52 50 18 13 15 22 5 30 48 25 35 23 43 30 14 8 10 30 34 7 47 26 14 44 22 14 17 15 34 35 16 16 56 15 59 16 14 23 8 57
8 56 33 60 13 54 50 42 38 58 12 44 6 14 50 10 8 53 49 9 51 42 33 34 46 41 7 50 49 15 40 53 50 15 58 55 41 5 48 14 54 48 50 57 0 36 52 40 15 41 59 35 47 54 5 45 39 34 50 9 34 49 49 41 43 12 34 53 58 51 55 47 47 52 47 35 15 31 60 59 44 56 35 35 39 46 50 6 7 45 59 33 35 9 12 52 34 44 49 52 37 44 32 41 53 57 33 33 53 33 39 60 47 30 60 34 60 52 47 45 50 60 59 54 53 36 59 51 5 57 14 60 40 34 30 37 43 53 50 38 59 60 31 51 30 31 39 48 44 14
52 29 24 11 60 5 7 53 7 26 30 20 36 52 9 30 44 52 5 39 32 5 6 15 43 39 30 45 33 54 58 36 32 41 27 58 56 49 31 30 6 5 56 53 38 0 55 24 52 45 8 60 38 39 51 44 53 34 25 54 7 9 15 5 36 37 20 14 56 24 7 11 25 20 54 19 43 38 48 40 18 41 8 42 7 30 54 42 31 20 39 44 46 34 46 36 58 51 24 33 48 52 11 18 47 33 11 28 24 30 20 6 47 49 41 46 36 14 17 60 15 58 8 16 38 36 56 59 52 30 36 37 56 29 55 55 53 40 7 10 30 48 12 48 12 31 47 54 57 41
45 58 42 37 48 53 60 9 45 42 37 39 54 51 45 59 50 12 58 36 12 34 57 42 20 9 56 18 26 37 15 22 16 50 43 26 7 56 10 48 30 38 18 23 53 33 0 50 60 7 53 11 26 8 54 30 14 5 45 41 49 33 46 57 14 57 32 34 15 42 50 54 44 35 10 41 43 16 19 6 53 5 60 7 44 26 12 56 44 56 12 27 7 43 36 25 10 12 41 10 6 5 57 38 14 21 59 35 35 12 45 53 13 16 7 13 24 38 57 10 58 6 45 46 30 20 28 10 37 16 37 6 17 38 9 15 5 16 31 60 15 9 39 17 33 6 30 10 30 33
51 11 6 22 35 24 18 58 24 6 37 14 55 32 21 42 45 55 22 60 55 22 21 15 54 38 57 49 50 31 38 54 55 56 14 31 60 57 58 46 21 22 57 57 41 15 30 0 45 56 24 32 55 53 47 40 56 39 11 38 26 27 27 29 42 33 8 15 46 6 16 23 5 5 50 14 34 47 34 58 11 45 26 52 22 32 51 53 47 8 37 45 49 43 43 37 60 51 13 53 47 35 24 10 36 42 20 11 12 41 14 30 55 60 55 44 37 15 5 53 20 45 23 11 35 36 48 47 38 49 32 40 44 14 43 36 33 31 18 20 48 31 17 35 19 55 35 45 32 45
6 53 52 51 7 42 52 45 31 36 15 53 15 8 35 5 10 58 47 13 60 55 48 53 47 38 14 33 49 9 49 51 41 8 30 56 50 10 40 14 53 40 37 60 12 55 35 43 0 59 52 31 56 39 7 43 30 49 46 13 45 51 54 35 47 13 59 34 41 60 55 38 57 34 56 38 14 42 31 45 58 41 35 47 34 34 56 10 7 57 60 51 56 12 11 45 30 59 57 55 46 55 31 30 57 39 58 38 31 53 48 53 50 57 52 57 59 57 58 40 31 41 32 49 46 38 58 45 5 56 6 31 50 31 40 43 58 36 32 47 35 40 31 50 55 57 52 50 56 5
39 51 40 41 41 60 56 9 41 38 42 51 59 44 57 48 54 8 43 46 11 30 40 31 21 7 57 20 21 58 15 18 16 34 39 28 13 56 12 30 38 44 29 21 37 44 10 30 41 0 39 8 23 14 57 22 14 7 53 59 54 33 60 45 5 43 38 57 20 45 40 33 53 60 7 41 41 26 17 15 60 5 46 7 43 26 14 50 37 45 6 28 10 36 59 26 6 5 40 15 8 12 49 38 5 17 49 55 36 13 50 48 8 22 6 11 27 52 48 8 52 15 45 35 27 17 28 7 39 26 35 14 26 49 11 26 6 17 42 30 8 13 36 23 55 15 22 8 24 36
50 23 26 5 57 10 6 52 14 28 39 17 59 51 14 43 47 46 13 51 34 12 13 12 50 33 49 31 42 60 31 35 44 49 20 51 34 41 59 33 14 9 51 33 41 8 46 16 34 38 0 41 38 57 47 53 34 30 19 40 9 9 15 8 31 56 20 5 59 28 12 11 26 15 48 17 43 57 30 31 29 43 14 50 6 48 37 42 51 16 37 34 58 35 52 45 45 51 21 52 42 31 11 19 40 58 9 24 28 36 28 12 34 50 33 40 59 5 26 36 7 44 5 17 45 41 46 41 33 57 54 55 55 17 60 32 53 30 5 15 41 37 8 41 10 50 47 50 33 52
35 60 56 43 58 57 45 9 43 57 45 57 37 56 34 58 57 9 38 47 12 34 48 41 16 6 47 28 16 32 7 25 29 36 35 26 7 42 9 40 53 38 23 18 33 32 11 39 51 6 44 0 29 6 33 27 12 5 37 60 49 38 52 39 5 55 56 52 17 49 36 50 49 55 13 49 47 20 16 12 40 13 34 7 58 27 8 52 31 37 12 18 7 56 38 15 5 5 53 13 13 11 60 44 5 21 42 32 56 9 47 60 7 21 14 5 24 48 48 14 57 13 58 34 18 29 28 15 48 21 35 15 19 39 12 21 15 17 57 55 15 9 34 18 34 10 26 15 21 58
44 52 58 55 40 33 33 30 40 58 53 51 36 30 47 41 30 30 48 36 15 41 45 37 7 21 60 14 9 52 28 11 8 36 43 15 16 40 20 48 31 55 14 6 49 42 22 38 38 30 36 26 0 19 40 14 27 27 51 45 32 45 40 58 30 41 32 46 11 38 53 38 40 57 15 43 46 9 11 21 33 20 37 25 58 12 24 45 34 33 21 6 25 58 30 5 30 16 43 23 27 29 57 53 27 11 46 51 56 19 54 39 26 9 29 16 9 50 46 26 30 16 52 34 14 9 14 25 58 11 34 21 12 41 30 14 17 15 50 30 22 25 55 7 38 16 12 29 7 31
33 40 58 50 41 34 52 6 50 36 53 50 35 45 56 46 47 14 30 46 7 55 52 39 30 12 46 28 26 60 15 29 20 47 44 29 5 48 15 59 57 57 21 17 34 58 11 41 36 6 42 13 26 0 56 17 12 14 43 60 42 45 30 31 14 51 39 37 27 36 49 32 32 36 11 56 53 19 17 15 32 6 39 5 57 28 11 49 43 31 10 21 13 57 32 23 5 11 37 13 8 6 39 55 13 26 47 55 36 8 31 33 7 17 5 13 29 41 39 6 47 14 38 51 30 17 30 13 45 23 34 15 21 58 10 24 13 27 51 55 12 15 41 27 37 10 28 7 21 36
7 50 59 37 6 43 39 34 42 34 7 58 9 15 49 5 15 47 41 14 44 38 58 38 43 41 10 56 41 6 55 54 54 5 53 49 43 13 32 12 39 35 35 52 8 60 37 45 11 53 34 41 44 33 0 33 36 35 32 10 33 60 32 50 40 5 56 49 37 60 35 33 56 32 41 48 14 49 42 30 53 51 39 59 59 35 54 6 6 39 54 36 47 9 5 30 41 60 45 48 46 56 33 49 31 44 47 56 48 60 55 47 49 47 54 46 50 34 33 37 49 31 39 58 52 38 44 32 13 38 5 46 38 52 44 38 50 41 49 44 42 57 42 31 52 44 44 31 55 15
57 43 55 31 52 40 32 29 57 56 35 39 46 36 49 48 43 18 50 50 21 32 51 53 11 27 37 13 6 60 23 6 14 58 33 10 21 58 25 44 40 54 15 10 31 58 21 57 34 28 49 22 5 23 31 0 18 28 50 37 53 55 41 39 30 35 49 41 10 58 48 55 36 50 30 47 47 6 12 15 47 18 31 26 32 15 18 52 59 59 25 12 19 39 30 6 17 20 41 25 21 15 36 58 30 15 33 30 35 21 35 49 29 9 20 30 8 35 39 26 42 16 56 37 11 7 11 20 35 5 35 27 12 60 30 7 24 8 31 60 15 28 40 10 40 29 13 15 7 57
36 53 59 35 31 49 58 8 42 55 44 56 37 36 56 33 58 8 47 59 13 41 51 57 22 13 33 17 25 56 12 26 27 45 36 29 8 35 11 43 51 58 29 15 55 49 7 50 38 15 31 9 20 10 57 17 0 10 35 55 34 34 57 38 8 43 41 36 21 35 45 50 38 39 10 42 44 24 17 15 33 6 50 10 34 23 12 56 43 43 12 15 12 36 45 21 12 12 59 9 7 13 49 35 10 17 57 54 51 14 38 49 9 18 6 11 30 59 54 14 53 8 57 43 24 30 25 9 60 15 37 14 30 37 5 21 15 29 32 35 14 6 60 26 47 10 29 7 21 32
38 44 56 32 43 37 53 13 52 36 34 59 48 43 37 60 33 6 42 56 14 47 51 51 26 7 60 21 17 31 14 27 20 53 42 26 15 53 5 51 46 38 18 28 46 49 10 57 48 12 45 6 26 8 53 22 15 0 36 31 54 38 43 44 8 39 31 42 23 60 30 56 53 41 9 60 41 19 28 7 56 10 50 8 53 24 13 32 33 37 8 24 14 53 55 23 14 9 53 14 11 10 46 56 10 23 44 31 34 9 54 35 6 16 5 6 28 39 57 8 30 6 45 34 28 30 19 15 49 15 33 12 23 48 13 25 9 19 50 57 5 7 44 28 52 8 16 12 17 39
34 14 15 29 38 20 17 43 29 15 31 15 48 35 23 53 59 40 19 46 59 23 29 18 52 54 37 45 47 35 46 57 55 51 5 47 52 59 40 50 15 20 53 34 41 19 41 5 45 38 19 48 49 43 48 31 44 46 0 37 23 18 28 16 30 49 12 16 58 13 23 28 6 14 34 13 33 42 48 57 10 38 15 36 22 34 45 39 42 7 57 38 46 42 37 30 38 30 8 60 48 34 23 10 55 43 18 8 7 36 11 21 37 46 60 52 49 16 9 40 27 50 24 15 60 57 45 55 39 59 42 55 37 12 52 35 48 39 21 16 38 44 19 33 21 34 52 43 42 53
6 37 37 43 11 39 45 37 55 44 6 48 5 14 47 8 7 40 35 11 43 44 35 34 44 30 9 47 33 12 58 45 51 15 51 53 46 12 32 9 53 45 53 35 9 50 52 44 15 53 35 34 53 39 10 57 53 57 42 0 42 39 44 60 32 15 34 37 38 54 55 32 35 31 33 50 13 56 58 53 55 32 50 38 30 58 58 7 10 36 33 46 44 8 9 35 36 49 36 33 44 57 42 45 41 43 30 55 45 44 30 41 52 51 41 32 33 30 30 44 57 33 42 51 51 42 31 43 12 56 6 43 50 50 42 56 57 36 58 56 36 52 37 38 43 55 48 51 30 9
44 30 16 5 60 9 8 52 7 18 45 29 39 54 11 38 57 32 8 30 32 13 13 10 57 41 41 49 32 56 56 45 54 36 18 58 53 57 45 50 5 5 37 50 59 6 57 26 46 60 6 34 34 30 31 52 46 38 27 32 0 11 11 13 56 48 20 13 59 20 7 7 24 20 30 24 45 31 39 54 29 49 7 60 6 40 39 30 52 28 55 56 49 41 32 38 58 60 18 47 52 48 9 29 53 54 10 20 22 59 22 15 42 51 49 55 35 5 19 34 12 44 15 16 45 60 30 51 42 36 45 48 53 20 37 53 49 51 10 9 46 34 5 47 5 40 53 35 41 43
40 15 24 10 56 5 10 47 11 18 38 25 59 46 9 42 53 45 10 58 36 13 6 13 45 48 32 33 34 31 59 44 49 51 27 42 36 47 52 50 10 15 57 36 45 9 32 17 43 48 14 42 47 60 51 49 30 33 24 34 8 0 6 11 43 51 26 13 56 24 7 10 25 26 59 29 36 54 31 52 28 57 13 46 8 57 37 40 30 23 58 31 30 39 59 59 36 52 29 38 31 57 7 23 53 36 6 23 28 38 22 10 50 39 55 56 45 13 21 52 9 39 15 28 43 42 40 47 41 39 60 39 41 30 48 43 48 43 11 8 52 39 9 54 5 35 43 49 60 41
43 25 28 11 42 11 13 33 8 21 51 27 46 60 8 43 56 41 10 44 52 13 7 7 35 52 60 35 44 60 60 56 50 59 22 37 50 47 49 48 13 10 46 57 40 13 50 24 31 56 10 35 59 46 35 43 57 32 15 39 8 13 0 6 59 39 30 12 31 23 7 6 24 15 41 20 54 37 52 30 16 60 14 31 14 49 35 42 45 18 60 60 60 42 56 48 56 38 30 57 35 38 7 19 60 59 9 21 17 47 18 10 33 30 51 36 59 14 28 55 12 40 9 19 39 50 34 49 36 56 36 48 54 18 56 48 30 59 8 15 36 38 7 57 6 45 36 50 45 55
35 24 18 15 38 11 11 45 14 22 49 25 50 43 8 32 36 41 11 40 42 14 9 14 56 56 46 59 49 59 58 42 48 56 24 33 48 45 37 58 15 8 48 37 58 8 50 29 58 44 15 33 51 35 37 35 57 44 28 51 5 14 13 0 53 52 25 9 42 20 12 14 18 16 50 27 58 47 50 50 17 44 6 59 5 43 50 59 53 16 39 35 40 46 55 32 35 46 24 54 54 48 6 26 45 40 8 16 26 37 17 12 36 50 38 46 40 11 23 55 7 56 11 17 34 36 52 60 57 57 48 39 30 30 31 57 46 51 7 12 56 30 7 47 6 54 51 58 52 54
53 43 32 53 47 55 53 5 33 31 48 60 34 35 52 50 31 7 58 43 6 58 33 46 19 15 52 16 26 48 14 27 29 47 48 19 14 35 12 41 53 32 19 23 57 33 6 45 39 14 50 10 20 6 58 20 9 6 48 42 49 38 34 37 0 44 59 42 21 55 55 37 35 37 13 31 41 15 19 9 60 14 38 9 34 25 7 48 57 36 11 26 15 38 39 16 10 6 52 15 11 9 36 35 6 24 58 32 53 9 34 59 7 16 5 12 20 46 44 12 53 15 37 47 20 19 23 15 59 21 53 13 27 42 12 30 9 20 32 53 10 10 56 26 56 7 20 12 29 55
14 48 30 36 13 60 48 45 42 54 15 39 7 13 55 6 9 54 56 12 37 59 39 44 45 46 8 53 48 11 44 34 41 15 34 52 51 10 36 9 42 57 46 45 6 52 54 34 6 48 43 35 42 32 8 41 38 45 45 13 48 32 43 52 32 0 43 44 58 44 35 55 36 43 36 39 6 37 32 44 52 56 56 42 52 53 55 7 9 30 46 47 43 11 9 33 47 36 48 55 51 33 32 55 55 36 33 55 42 52 50 50 42 33 31 37 43 57 42 54 46 59 34 55 39 50 49 32 7 55 15 33 46 38 47 60 33 49 35 39 33 57 31 50 59 57 48 57 50 5
42 14 14 27 33 24 23 32 23 8 57 7 42 39 19 55 48 32 25 57 52 27 26 20 47 42 51 48 39 35 45 41 51 47 5 59 35 33 47 39 27 27 31 60 59 22 35 8 58 55 27 37 32 37 44 49 53 53 14 54 18 18 15 26 58 45 0 30 30 13 20 23 9 5 40 11 41 53 48 30 15 43 20 53 16 50 36 48 47 5 33 49 52 36 36 40 59 58 10 35 45 43 18 5 30 38 19 9 8 41 14 15 60 48 44 31 56 26 5 36 16 57 24 8 34 48 30 59 60 33 56 51 45 9 52 58 35 45 21 24 50 60 24 50 26 32 55 30 35 34
37 21 21 5 51 5 9 43 14 19 54 19 41 59 8 52 44 36 11 46 50 10 13 14 40 50 50 58 54 52 31 43 37 38 20 58 35 37 44 41 15 7 38 37 37 6 30 15 33 54 14 45 32 32 56 35 44 47 29 36 9 11 9 6 53 53 28 0 48 24 7 5 19 16 42 19 44 45 60 33 23 40 6 38 5 30 59 35 48 28 57 30 50 56 52 46 30 42 15 55 40 59 13 24 45 41 9 18 19 48 26 14 37 33 33 40 36 5 26 50 12 37 6 25 38 52 32 45 57 50 31 48 56 25 38 52 55 44 6 6 51 31 7 58 12 53 60 56 46 57
33 48 43 59 46 32 35 20 52 52 46 50 39 32 39 31 30 16 36 36 22 35 57 32 10 22 44 6 9 35 26 11 5 59 38 5 30 45 21 44 33 31 13 5 44 44 19 44 59 25 58 27 12 19 57 5 17 26 33 55 43 50 43 31 18 44 56 37 0 50 50 40 42 48 18 43 48 13 8 22 39 28 49 26 33 6 26 58 40 36 28 14 18 52 34 6 15 19 41 18 20 25 54 41 15 10 46 30 57 26 55 45 26 11 22 28 5 47 39 17 59 19 59 33 12 13 14 25 54 9 56 18 14 32 22 12 28 8 33 52 16 21 42 6 54 28 12 26 14 47
41 12 9 16 60 25 22 50 22 10 53 13 49 48 30 56 44 37 27 36 52 25 30 18 35 42 37 47 60 50 39 45 49 53 15 51 55 55 44 54 16 18 39 54 49 21 49 10 48 34 22 38 32 48 60 49 30 38 5 39 25 22 28 30 46 39 15 18 41 0 25 20 13 10 59 7 56 44 51 36 11 41 20 41 15 37 51 47 37 15 46 31 53 44 37 54 30 60 10 48 32 45 24 6 43 53 26 12 6 59 13 25 50 48 60 43 45 16 8 54 15 40 20 11 40 47 47 31 40 33 38 30 46 9 60 60 47 47 24 24 52 51 30 50 18 32 44 51 38 55
57 25 17 14 32 14 6 41 11 19 42 29 48 57 15 37 40 51 9 34 54 13 7 9 42 51 37 31 35 57 52 32 40 55 28 33 30 60 40 42 6 12 54 48 46 10 42 27 34 41 5 31 30 30 39 49 32 40 28 40 9 6 15 12 35 44 21 14 57 26 0 9 26 21 60 23 50 41 50 33 28 31 10 42 9 34 43 38 58 23 33 55 54 46 35 42 30 36 19 48 41 44 8 21 49 32 6 28 28 51 15 14 46 42 34 34 37 10 25 45 10 35 8 18 46 55 44 37 35 53 41 57 51 23 38 58 55 36 10 12 55 46 11 34 9 51 37 55 40 39
34 17 23 9 32 7 9 31 12 21 40 22 53 53 13 53 54 43 12 56 36 5 7 5 57 48 57 54 40 33 58 50 34 46 30 59 42 48 37 53 15 8 54 48 40 8 48 26 53 60 13 33 43 47 57 34 48 33 19 60 7 15 6 12 40 47 26 15 36 25 13 0 21 18 37 27 48 45 54 40 29 57 15 35 14 60 47 35 57 24 60 41 55 35 30 46 51 35 24 58 51 51 9 27 44 34 7 17 29 41 28 12 37 59 50 52 31 9 27 51 12 52 12 27 48 36 35 42 32 32 32 35 37 27 34 37 37 49 8 8 50 30 8 53 6 40 57 46 58 40
60 14 9 18 30 26 25 52 15 10 47 15 46 58 24 42 59 52 28 31 30 30 18 15 34 53 37 32 35 40 33 34 57 54 15 44 45 56 45 48 16 22 40 52 55 18 54 14 39 38 25 39 42 30 31 41 45 40 6 51 19 17 17 30 31 38 7 22 40 13 24 17 0 13 34 11 42 54 36 36 11 56 15 43 15 45 37 53 54 9 47 46 52 30 47 30 45 32 5 55 44 49 22 11 44 30 22 13 11 35 5 26 57 46 42 58 44 28 7 58 23 40 19 8 53 57 42 50 43 57 56 32 54 14 31 56 37 39 20 15 59 33 18 32 19 38 30 38 30 35
51 8 5 27 34 23 21 57 27 6 48 5 41 35 19 30 40 51 21 33 55 16 24 22 56 31 44 41 58 43 59 58 31 60 6 31 41 50 48 48 20 27 40 46 55 25 33 14 41 54 27 30 37 35 57 38 51 37 6 40 26 30 24 26 43 53 13 29 55 14 22 26 13 0 30 6 53 40 43 59 6 40 24 54 27 49 46 46 31 8 34 55 42 32 36 56 41 53 8 59 59 42 15 6 42 44 26 10 12 50 9 30 41 55 31 47 48 23 11 30 20 43 22 10 49 44 48 51 42 49 50 41 42 8 50 50 33 51 17 27 31 48 18 37 24 45 42 55 52 48
41 56 56 38 50 41 44 8 38 42 37 39 50 36 48 59 46 9 30 53 5 58 60 44 27 7 50 26 16 38 11 27 26 49 32 27 15 32 12 34 51 34 24 26 58 43 7 51 48 15 31 6 18 14 58 29 6 5 55 47 38 53 35 57 6 51 49 39 28 43 46 32 59 41 0 52 55 26 28 9 55 14 32 5 37 18 5 55 53 53 10 15 11 44 57 19 7 13 38 15 6 15 56 49 7 21 60 42 45 14 49 55 12 22 10 10 27 34 34 7 56 12 47 43 27 16 25 14 44 22 57 12 15 42 14 29 7 26 56 53 12 12 52 25 57 12 28 10 29 31
60 7 8 15 33 17 17 36 17 6 42 7 32 40 28 55 40 45 22 54 36 20 28 30 49 55 33 37 59 56 50 48 36 56 7 40 51 40 41 44 22 28 56 49 57 22 52 15 55 48 29 32 36 42 30 48 41 43 7 55 19 19 30 23 54 52 10 29 33 12 18 18 5 15 52 0 38 50 40 41 14 38 16 51 27 46 47 41 38 10 46 51 49 39 33 57 55 59 7 40 55 42 16 11 49 41 19 11 9 36 14 29 46 54 36 40 35 27 8 42 25 33 30 14 46 52 58 58 59 57 43 51 50 11 53 31 39 49 22 27 52 42 23 57 26 36 45 33 44 49
9 57 32 39 12 47 52 58 46 47 9 53 14 15 58 6 5 60 46 10 40 32 57 58 34 46 8 30 45 12 31 36 38 11 41 32 59 15 57 14 43 42 42 57 9 47 57 53 5 55 35 44 30 41 7 44 52 48 52 14 53 42 57 58 58 12 32 48 40 34 32 44 43 41 41 43 0 41 45 34 56 54 59 43 31 31 35 14 5 36 50 42 58 5 11 47 49 43 39 30 53 53 53 36 57 46 36 48 35 32 36 56 35 44 41 42 32 46 49 34 49 34 56 37 48 60 37 47 10 43 5 53 34 32 45 56 47 56 46 54 49 37 35 39 58 33 58 53 35 15
30 45 53 45 35 48 52 23 49 40 53 49 38 44 44 45 45 17 44 30 26 59 43 50 14 18 59 11 9 58 19 7 12 45 34 6 18 49 29 55 47 42 11 9 38 37 25 35 38 21 60 26 15 23 39 14 15 30 54 30 50 48 38 60 15 55 53 57 5 31 33 36 57 52 18 57 36 0 15 28 42 15 48 16 54 13 19 49 59 57 17 8 27 48 35 15 27 15 36 28 29 19 35 47 16 15 37 50 46 25 56 54 23 12 22 16 7 43 49 29 31 25 50 31 10 11 12 16 45 10 51 25 5 43 18 6 28 12 42 31 23 20 39 10 53 16 12 29 7 47
37 57 41 31 36 55 38 20 39 60 45 35 46 31 55 30 54 30 54 60 21 37 58 37 9 25 42 14 13 39 27 13 6 53 56 15 15 49 16 41 55 38 15 7 30 36 25 58 43 24 51 28 13 21 41 7 24 21 50 53 47 56 35 53 15 52 37 42 11 41 30 58 46 50 15 59 36 9 0 26 57 28 49 18 50 7 21 46 39 43 30 10 21 45 60 5 28 15 49 19 30 24 55 46 19 10 52 55 59 20 51 54 22 8 22 26 9 50 38 19 41 30 32 39 14 11 12 23 44 11 54 26 8 47 22 8 25 11 42 48 15 18 42 7 40 21 6 20 14 42
57 52 40 32 42 55 52 12 30 31 52 46 51 52 52 47 34 10 46 47 8 56 50 39 20 12 53 17 29 56 9 27 22 40 39 18 14 59 13 30 35 58 22 29 44 51 10 35 47 14 36 14 24 14 43 19 12 11 36 48 53 41 42 35 15 52 58 46 24 48 49 54 60 58 10 48 47 23 20 0 54 14 43 14 53 20 11 38 59 37 8 25 15 56 57 30 9 8 55 7 9 7 30 46 10 22 42 57 33 14 46 51 5 28 7 8 17 38 48 11 56 9 39 54 16 26 17 6 56 29 53 15 15 40 5 21 5 24 45 40 8 13 41 17 57 14 16 13 16 46
33 5 7 18 51 28 19 35 15 5 54 10 33 51 18 30 49 49 18 56 59 15 15 25 33 36 45 47 59 42 37 36 56 42 8 33 52 39 30 34 21 26 44 45 60 21 56 10 52 49 15 54 46 30 39 50 52 59 14 53 26 21 16 18 50 42 14 29 35 11 27 29 13 7 55 13 56 49 52 40 0 59 26 50 18 41 41 41 55 12 46 60 33 32 32 33 35 55 12 55 51 30 17 8 36 36 30 7 12 56 11 24 39 39 57 31 50 26 10 34 17 44 21 7 34 48 58 43 48 35 40 55 52 15 39 55 39 47 17 18 42 40 26 53 23 37 34 52 41 36
40 43 40 34 31 59 35 8 46 60 30 41 45 33 31 57 44 15 55 59 14 34 39 38 26 6 32 21 24 34 5 21 29 42 59 16 6 31 8 43 34 34 19 23 46 46 15 56 37 13 44 11 22 9 42 29 8 14 46 54 58 59 58 58 10 37 40 43 16 52 51 30 30 33 6 59 41 26 22 15 59 0 60 12 34 16 8 59 41 33 8 19 13 57 49 20 5 10 48 14 5 9 59 46 9 26 36 60 36 13 43 51 10 21 15 14 15 48 59 9 36 9 32 41 21 23 23 10 56 19 38 12 15 40 12 30 10 22 42 41 15 5 39 24 30 8 29 12 23 39
30 29 20 13 33 12 7 30 5 28 42 25 37 51 11 30 45 41 11 48 46 15 5 5 40 35 52 47 51 32 30 37 56 56 28 60 41 53 38 51 11 8 54 54 35 8 40 29 41 37 7 36 54 44 50 31 37 55 19 44 8 12 14 5 48 30 30 13 41 21 14 9 22 19 60 29 56 50 57 49 21 32 0 35 6 50 59 59 38 15 37 33 38 57 31 32 48 41 23 30 42 55 8 23 53 43 7 24 27 57 24 13 39 34 40 45 32 11 16 47 9 49 12 18 49 40 49 60 59 51 34 40 60 19 30 36 38 53 10 11 51 52 11 31 13 31 30 41 57 47
53 32 58 54 39 31 60 5 59 30 32 53 50 45 58 47 30 8 55 49 15 53 46 34 26 8 41 16 20 40 12 20 19 44 42 15 13 44 11 36 40 53 15 21 30 36 7 55 30 15 44 11 17 15 42 19 14 11 60 32 33 47 57 57 13 50 46 31 27 55 56 31 36 57 6 57 37 25 29 11 30 7 49 0 50 30 6 39 36 54 7 28 12 51 35 17 13 6 35 10 13 11 43 34 12 16 43 44 45 11 58 41 8 20 11 6 20 31 52 12 46 10 43 53 22 30 15 11 47 17 44 12 16 47 6 25 10 25 58 43 15 7 59 15 39 15 21 15 15 32
47 21 22 8 32 5 5 53 11 22 33 29 40 43 9 41 48 57 14 33 53 6 7 11 33 44 38 60 43 60 51 53 42 34 26 36 43 51 59 30 12 8 31 58 50 14 48 21 53 32 12 47 57 44 52 44 54 47 28 39 10 7 15 13 48 50 24 13 47 21 10 13 24 18 41 16 48 58 43 52 23 57 7 31 0 39 46 34 59 20 37 43 46 36 58 52 37 34 17 42 49 36 8 21 44 31 6 17 23 38 16 8 46 58 56 45 35 5 19 45 13 43 14 28 41 30 50 34 51 58 31 55 59 21 48 46 41 41 12 15 42 53 5 41 14 33 57 57 57 45
30 49 47 57 59 51 48 18 49 40 58 36 33 44 39 56 39 15 31 53 24 48 33 45 7 18 46 9 11 38 19 7 15 47 49 9 26 58 18 60 51 46 7 7 49 46 27 41 55 17 39 19 13 23 50 10 26 26 34 34 60 60 58 42 17 46 43 60 14 34 52 41 33 54 15 58 57 14 15 17 45 23 37 18 49 0 28 58 41 39 18 8 28 53 39 10 29 25 32 16 19 20 33 60 30 6 53 49 47 22 49 45 30 9 20 22 10 31 35 17 35 23 32 52 12 11 6 15 57 7 59 15 9 38 16 9 29 8 47 49 30 30 54 10 41 27 7 30 15 39
41 55 56 44 50 52 56 11 56 45 55 31 54 53 42 46 36 12 38 58 7 55 32 36 20 15 38 29 23 46 8 17 28 51 41 29 12 31 13 31 54 60 24 25 40 58 11 48 37 5 46 13 24 11 59 18 14 12 45 45 48 55 60 39 5 44 54 44 24 58 53 53 30 40 14 36 35 18 26 14 56 10 52 15 34 17 0 56 42 58 11 15 8 33 54 15 13 9 60 5 7 13 40 50 15 28 45 36 48 10 56 35 14 30 7 10 25 47 43 12 38 9 57 51 17 29 19 5 30 19 50 12 18 53 11 23 6 28 56 60 6 15 55 27 49 5 27 14 21 52
8 34 52 36 7 60 36 54 44 50 14 40 11 6 49 9 15 50 45 10 59 41 36 52 54 48 15 31 42 10 41 33 60 13 51 46 57 15 31 8 39 32 60 34 8 48 54 43 8 58 39 36 41 37 11 42 50 58 58 15 53 40 44 52 30 11 42 40 34 35 55 31 53 41 55 49 6 33 34 53 56 36 45 45 37 42 59 0 11 32 43 52 33 6 12 49 55 58 32 36 54 42 38 60 42 41 36 38 34 59 41 44 49 54 32 47 40 38 34 47 46 57 36 39 56 32 31 56 7 59 9 59 46 53 58 43 57 53 30 49 35 52 35 42 58 57 33 31 32 11
12 32 48 39 10 42 49 49 36 41 9 53 15 9 53 13 15 44 40 11 49 44 41 56 33 60 15 47 59 6 33 31 52 7 39 54 51 12 48 13 41 47 48 41 15 42 56 56 7 55 31 36 35 42 6 51 51 56 40 15 35 46 38 45 51 14 37 59 60 42 37 47 30 36 36 49 13 53 51 58 32 51 44 56 47 52 40 13 0 33 46 38 49 9 11 58 52 42 55 45 42 48 50 54 52 46 36 35 54 49 47 39 33 40 57 35 60 36 42 47 37 32 37 43 47 36 37 46 11 34 15 46 53 31 56 39 50 34 32 34 39 30 55 35 40 55 53 39 33 13
30 6 11 22 56 25 26 35 17 8 36 12 58 52 25 49 43 49 21 43 32 17 22 24 46 51 51 37 30 51 59 41 34 42 6 50 33 53 37 50 27 30 33 54 42 23 45 8 49 49 25 53 48 52 57 34 38 47 5 47 17 19 16 25 56 31 8 19 57 8 17 20 15 13 55 8 54 35 54 60 6 48 16 51 25 43 34 38 41 0 57 38 31 44 60 58 40 36 14 47 34 56 16 11 41 58 18 14 15 52 12 17 32 41 36 59 49 22 6 30 15 33 30 6 60 33 36 55 31 53 39 55 43 15 33 32 46 35 21 18 56 53 25 30 27 48 39 47 32 37
33 32 60 44 30 58 45 12 60 46 48 59 44 57 31 49 57 6 40 32 9 50 45 30 24 13 58 28 29 51 15 21 16 57 53 26 13 57 15 37 49 54 21 26 50 41 11 55 42 7 41 13 15 9 39 28 13 15 47 34 32 48 50 35 13 56 54 35 26 40 51 59 44 30 8 52 52 15 20 8 40 12 53 8 30 29 11 45 44 60 0 22 9 34 34 30 15 7 35 9 9 7 56 60 14 22 50 39 59 6 32 38 9 30 8 15 19 51 50 10 43 15 37 53 15 23 24 6 59 27 56 14 20 51 12 22 14 30 46 33 7 7 45 28 41 15 16 11 29 40
31 40 40 56 53 52 37 28 37 38 39 54 43 35 31 48 31 22 45 53 24 51 48 36 13 15 56 6 5 43 29 6 15 39 44 5 30 46 28 40 38 55 8 7 42 54 25 37 40 27 60 28 12 30 43 8 30 15 35 36 36 58 39 57 21 55 43 42 15 52 51 41 36 36 28 31 38 9 10 27 52 17 35 25 53 6 18 50 46 38 16 0 20 37 33 9 23 20 49 29 21 18 36 34 29 9 32 38 40 18 48 48 23 11 17 28 6 38 39 22 58 28 53 55 15 5 13 24 36 13 34 28 14 57 24 7 28 15 32 39 29 23 38 6 46 25 10 22 8 48
51 57 60 57 42 42 55 11 39 38 51 33 30 38 31 47 51 11 39 42 12 53 32 38 30 9 49 22 26 31 11 19 26 54 58 24 14 36 10 40 35 54 28 28 30 50 15 36 45 14 36 9 21 9 59 27 6 8 46 56 35 43 43 34 12 57 57 49 18 32 60 46 50 36 9 51 41 24 22 15 47 6 46 10 58 15 14 32 34 55 13 17 0 31 49 20 5 8 36 9 11 8 60 56 15 25 60 31 46 5 34 57 7 23 15 11 23 52 55 7 49 12 39 44 25 21 24 6 56 18 36 7 21 45 8 22 12 21 42 39 14 14 45 30 53 6 30 13 25 49
14 37 48 60 12 60 56 59 34 38 13 36 10 8 49 6 15 34 44 6 39 52 44 41 44 60 7 47 47 6 59 37 57 6 38 45 36 11 35 9 55 34 55 42 6 57 42 34 10 39 42 36 49 51 15 40 35 58 44 15 58 40 47 56 60 6 49 54 42 35 30 44 30 59 30 47 11 33 37 41 32 53 42 43 34 52 41 14 15 49 46 42 42 0 12 31 60 55 58 59 56 51 58 55 49 52 47 53 42 50 54 54 36 38 49 44 57 46 44 38 60 31 30 50 45 42 54 48 12 59 8 45 55 57 35 31 57 43 60 33 51 41 35 48 50 43 56 47 43 9
14 55 32 36 6 31 40 33 52 55 12 45 6 6 36 13 11 57 53 11 35 57 59 47 36 56 5 41 47 15 58 53 59 14 50 59 43 8 46 5 56 58 52 44 11 49 52 47 7 54 47 45 36 36 11 41 57 30 58 15 45 38 32 32 39 7 59 32 47 33 50 39 60 32 36 54 11 37 40 32 31 32 38 49 49 45 49 5 6 39 32 42 48 7 0 33 39 50 55 57 33 57 58 49 45 56 40 36 50 40 50 44 33 50 56 56 60 42 59 36 31 34 46 50 41 46 35 44 8 49 6 38 33 46 36 40 31 59 52 43 40 60 39 51 59 37 43 30 54 10
35 48 39 44 42 55 48 24 34 43 33 55 37 35 54 32 49 25 39 56 28 41 35 34 6 18 52 11 14 36 21 9 11 56 34 7 25 57 18 56 37 36 8 5 38 51 19 53 33 23 41 15 5 19 50 5 20 29 45 43 52 42 52 52 25 33 43 33 12 58 54 37 37 41 19 34 53 6 14 22 51 28 57 28 33 11 21 42 60 56 24 10 20 43 55 0 16 28 41 25 27 15 46 47 24 11 42 36 51 29 44 34 24 7 23 26 6 60 47 15 40 30 51 54 13 8 9 18 31 5 37 28 7 36 15 8 18 7 30 35 18 21 48 15 42 24 13 29 7 41
38 44 51 57 49 47 41 8 44 33 58 37 47 60 55 34 60 7 51 45 14 38 60 32 29 8 48 21 22 53 8 22 24 59 44 16 12 53 8 50 52 30 22 28 40 43 11 46 43 8 38 11 18 9 50 17 12 13 54 52 36 36 57 46 11 54 58 55 15 57 43 53 46 55 13 35 48 15 21 11 35 14 52 9 60 16 11 33 50 45 14 16 12 46 36 16 0 6 59 14 6 15 43 46 14 18 52 45 43 11 59 48 15 30 14 10 30 46 52 7 39 5 43 46 22 20 19 10 30 28 32 14 29 44 10 20 8 16 53 49 10 5 37 21 52 5 22 9 25 40
59 37 39 40 59 50 49 7 36 48 51 53 55 60 37 44 47 15 50 54 6 32 46 56 30 11 40 27 27 36 9 16 30 37 49 27 12 43 7 43 47 52 29 24 37 48 14 41 34 5 44 15 16 15 36 27 14 9 48 52 34 59 57 53 11 54 34 53 24 34 57 44 40 36 7 48 39 15 26 10 34 12 54 13 58 21 8 57 54 32 15 20 9 44 47 24 5 0 55 15 5 14 33 36 9 27 30 32 58 9 57 58 12 18 5 9 23 39 45 8 54 9 36 38 29 16 30 13 51 25 35 7 21 56 10 21 11 15 57 31 7 14 36 21 45 6 17 5 26 33
59 6 5 15 43 16 24 59 15 6 47 5 43 47 17 57 41 58 26 31 59 20 25 20 45 32 58 40 39 49 58 49 46 44 6 59 53 50 33 49 22 15 36 46 45 30 47 10 59 50 22 33 60 41 35 47 36 57 13 38 19 15 19 21 48 52 14 17 60 15 23 30 14 10 57 11 45 51 50 50 8 40 22 40 20 37 40 30 53 5 50 43 45 57 43 35 45 38 0 54 41 47 15 5 34 37 18 9 5 44 9 27 47 54 30 32 32 19 7 50 25 44 23 13 58 33 57 50 39 37 55 41 51 11 50 44 33 46 15 20 50 40 29 55 29 36 57 45 54 54
47 36 54 37 37 56 57 10 38 50 39 54 39 31 38 57 57 8 56 32 12 37 36 31 24 9 50 25 16 52 9 29 19 39 60 18 7 54 13 50 36 55 16 24 33 55 7 59 50 8 50 14 27 13 42 19 12 14 53 58 45 51 45 34 11 37 45 53 18 32 34 43 44 56 14 55 46 22 15 12 34 12 40 9 31 23 11 44 56 43 14 16 14 36 33 19 11 10 40 0 7 5 49 48 14 19 36 42 53 13 41 43 14 25 12 5 20 58 46 12 36 13 43 60 19 27 30 7 38 17 32 8 17 49 12 16 11 27 35 40 13 5 58 20 43 15 15 6 23 55
32 49 53 51 44 39 42 12 50 58 47 30 48 33 53 36 36 10 40 43 10 35 50 38 18 11 56 23 30 44 11 19 17 39 37 24 12 35 9 43 40 59 20 28 46 56 15 31 42 13 38 13 26 12 42 25 9 10 45 30 40 45 40 40 11 59 57 37 25 44 45 34 42 49 9 46 56 17 28 13 47 11 50 14 55 24 7 36 53 48 6 28 15 52 31 26 13 6 47 13 0 6 35 39 14 26 49 51 55 10 31 54 14 25 12 14 17 42 55 15 41 11 47 30 22 17 16 5 54 16 37 5 19 44 6 30 8 20 48 56 10 13 50 23 60 11 21 8 23 30
58 52 38 34 40 51 45 12 43 30 41 38 54 40 52 45 52 9 59 46 13 36 30 50 25 11 53 26 22 60 6 15 21 52 33 16 15 41 13 41 34 43 24 22 31 31 15 51 39 10 43 11 22 15 59 19 13 8 34 60 52 48 47 56 9 35 59 50 20 55 57 51 44 36 9 50 34 30 18 8 50 14 42 6 59 19 14 32 42 56 11 22 11 37 46 16 13 15 59 6 13 0 39 46 7 20 44 57 58 5 44 55 7 17 7 5 17 49 35 13 30 13 45 57 21 23 21 14 55 18 32 12 29 48 12 23 5 17 52 35 15 9 34 30 45 10 24 10 23 44
52 22 24 8 47 5 10 55 9 20 60 17 32 41 12 30 56 38 5 33 46 8 6 13 38 53 35 59 42 51 44 49 43 59 29 48 57 33 37 53 9 15 32 57 42 15 50 17 43 38 9 36 35 53 42 46 40 45 25 31 9 7 5 11 45 36 29 10 55 29 5 14 28 17 32 16 40 44 53 51 26 33 14 54 14 31 54 31 51 24 51 54 52 30 35 47 49 57 29 33 43 51 0 17 42 46 10 17 18 34 26 6 45 33 40 58 47 7 27 58 8 37 14 25 41 32 38 46 34 52 56 42 58 27 34 40 47 38 7 8 44 30 6 43 14 42 57 39 44 34
46 9 8 18 43 21 19 38 17 11 58 12 59 59 30 52 56 47 17 49 48 25 30 17 55 41 33 58 58 42 54 36 34 52 10 58 33 44 36 58 25 29 50 58 33 21 49 10 56 40 18 54 34 58 59 57 53 32 10 37 29 29 29 18 53 30 15 21 56 7 23 27 14 15 45 10 50 51 35 46 5 35 25 57 16 47 43 55 58 8 37 49 59 34 37 35 30 54 12 43 56 52 28 0 54 59 26 10 9 51 5 30 59 52 56 42 47 27 13 34 26 53 16 11 51 52 56 46 36 47 51 49 52 10 50 48 45 34 22 29 34 55 23 32 29 31 42 41 45 50
49 59 30 47 55 40 52 9 57 43 56 52 40 50 31 48 51 6 52 33 5 40 41 51 15 13 44 29 28 55 7 21 19 57 40 21 10 41 13 56 49 39 22 23 45 52 6 49 47 5 31 15 20 9 41 29 9 10 37 39 59 34 47 51 9 60 39 44 16 43 43 38 60 42 12 38 57 16 22 7 56 8 50 5 55 27 6 50 35 31 14 19 11 34 53 28 11 13 49 6 12 9 35 49 0 18 39 48 39 5 54 59 9 24 7 14 17 56 49 6 33 11 48 46 22 30 28 13 32 30 31 6 18 55 10 25 9 15 54 56 9 6 30 16 47 12 22 5 25 31
55 51 31 52 35 41 44 22 47 42 36 44 50 30 31 48 49 20 45 32 30 31 55 47 13 29 30 15 9 31 27 9 13 38 44 14 22 55 22 34 51 49 14 5 56 47 28 56 44 27 59 23 14 23 39 11 28 28 39 39 48 47 40 56 20 38 32 53 14 32 30 40 56 55 19 35 52 5 6 25 37 21 60 21 42 11 19 59 60 50 30 13 20 40 48 7 27 27 36 25 24 24 50 39 28 0 41 37 52 27 44 55 21 15 29 21 14 48 34 20 41 16 45 55 15 12 10 25 43 13 56 24 13 44 15 9 16 15 50 53 23 26 30 11 54 21 13 17 6 54
47 19 26 10 48 5 8 54 8 22 43 23 45 36 5 33 45 55 12 37 58 15 13 11 45 60 42 33 41 30 32 44 51 45 28 46 47 49 47 50 14 12 31 43 48 5 41 19 36 35 15 36 47 40 43 30 45 60 27 30 9 9 12 10 30 36 29 5 32 29 12 14 19 15 59 18 31 32 51 30 20 38 12 38 13 41 56 60 31 17 31 34 50 35 41 37 30 32 22 39 35 44 11 28 37 59 0 18 27 53 19 7 36 48 54 49 53 13 17 33 14 56 7 25 30 38 46 37 37 39 44 52 37 30 40 43 40 53 15 5 58 49 7 60 8 31 49 42 42 59
43 8 7 20 52 30 23 55 18 6 53 5 31 52 25 38 38 60 22 54 35 25 16 27 52 60 31 32 53 36 59 46 52 58 12 37 52 35 39 51 22 25 56 37 38 15 35 10 30 37 24 42 44 38 40 49 45 47 9 51 27 17 24 23 45 48 8 19 34 10 20 25 10 12 52 12 51 35 49 39 9 40 21 43 29 51 38 60 49 11 60 44 47 52 54 40 35 55 12 57 30 59 18 6 54 58 21 0 12 42 9 28 38 34 34 44 59 15 15 36 21 43 26 8 56 36 31 41 30 54 54 56 37 5 33 52 36 42 27 26 47 55 20 56 17 47 56 36 35 55
50 7 8 21 33 22 16 34 27 14 42 13 44 41 28 40 59 58 24 55 31 17 30 24 46 55 48 49 60 52 54 31 49 34 7 49 32 58 51 48 18 25 59 41 55 15 50 8 58 31 27 37 41 52 45 49 57 33 14 59 22 21 16 18 37 32 5 19 51 14 18 26 5 11 54 7 42 43 50 47 11 52 16 37 30 39 58 44 43 11 47 57 49 60 37 34 35 59 10 45 48 36 30 7 30 39 18 9 0 46 11 22 60 30 37 32 41 29 6 30 24 47 17 7 59 56 34 45 33 60 49 42 33 15 50 30 49 46 15 19 57 56 18 53 15 40 33 36 52 41
56 33 40 51 42 60 47 9 43 36 52 45 33 55 36 49 31 6 39 44 6 31 43 38 25 5 55 22 27 48 14 27 25 60 39 20 13 43 10 36 40 42 24 29 49 35 13 52 53 15 32 12 26 10 48 20 11 6 60 31 58 53 41 49 8 59 39 41 18 42 48 46 34 42 10 55 54 19 21 7 41 7 52 5 32 16 8 36 54 57 10 19 5 43 39 20 10 11 51 7 6 15 40 54 5 28 30 39 57 0 33 55 13 26 9 7 22 52 46 10 31 6 33 32 27 28 18 10 39 28 49 7 20 40 5 15 12 22 60 49 9 6 53 16 58 5 27 6 29 32
36 12 12 15 48 25 30 53 16 8 35 13 34 31 27 37 34 60 17 56 41 29 20 17 39 47 39 51 58 50 42 35 37 54 13 50 47 51 41 30 25 30 59 49 57 16 32 12 42 32 28 41 34 33 40 33 60 58 12 47 20 23 27 20 46 34 15 15 46 14 28 27 15 12 47 15 32 51 44 58 5 49 17 51 30 37 48 33 32 5 48 51 46 38 41 35 35 49 12 57 38 41 24 7 46 43 15 6 13 46 0 18 43 59 31 46 36 26 7 38 23 58 25 14 41 43 42 60 36 36 50 32 47 14 32 33 42 36 16 25 44 30 25 49 23 31 49 53 59 60
32 16 21 11 42 12 8 30 14 21 56 15 34 37 6 50 44 58 10 53 57 6 13 7 58 60 60 44 38 53 31 58 50 50 15 45 36 57 33 42 13 9 38 57 58 9 46 18 60 31 12 58 31 37 53 50 42 58 28 47 9 11 10 15 56 36 29 7 47 18 13 5 15 16 40 30 32 55 54 60 24 35 12 56 8 40 57 31 58 17 57 49 32 60 47 30 40 34 29 44 53 38 13 16 58 44 12 28 15 52 20 0 39 56 57 52 38 6 16 42 14 54 12 28 55 49 36 37 31 41 56 51 49 22 41 52 36 44 14 10 37 41 15 31 5 37 38 55 45 48
30 51 44 49 50 47 60 13 41 34 32 55 39 34 52 51 36 9 31 53 9 43 36 33 16 14 31 29 22 60 12 21 19 56 46 27 8 58 15 34 44 32 15 26 38 56 12 38 60 5 40 9 16 15 39 15 7 11 32 34 32 47 32 35 14 46 57 50 30 41 60 58 42 43 12 51 44 17 24 5 31 15 30 7 43 30 12 50 60 39 6 15 14 41 45 26 9 12 53 9 13 8 52 42 10 20 41 51 49 7 32 50 0 18 6 15 20 39 44 8 35 7 54 40 17 16 17 6 45 21 47 15 29 42 12 19 12 21 56 58 7 11 59 19 55 10 22 6 18 47
40 31 51 55 52 57 53 27 41 56 42 33 32 60 39 43 40 16 38 47 19 41 36 30 6 15 33 7 10 39 23 8 7 53 45 5 25 51 17 46 50 31 8 15 51 55 24 42 49 27 47 24 5 20 34 14 30 26 58 36 44 35 60 41 26 49 57 38 10 34 47 36 38 32 29 38 51 5 7 15 42 26 53 28 42 15 24 53 46 32 15 8 29 58 35 5 26 19 53 20 26 21 47 38 16 8 45 44 49 25 37 47 16 0 22 25 13 31 33 28 33 21 49 54 15 14 14 27 46 12 48 17 5 30 24 10 17 12 49 31 23 30 34 10 45 19 13 18 5 41
40 55 57 60 55 49 52 7 56 55 49 45 47 31 47 52 56 13 50 54 8 38 36 41 20 6 42 16 20 38 14 28 16 60 39 21 12 34 15 33 52 59 29 29 44 46 11 50 51 8 42 15 25 14 51 25 7 12 60 30 35 43 36 49 15 33 31 54 25 35 31 58 41 48 8 34 31 24 23 8 57 11 56 6 52 17 6 50 57 52 11 19 5 58 53 15 8 5 54 15 7 11 47 39 9 20 42 48 32 12 35 41 15 28 0 10 26 33 42 14 50 15 41 46 30 22 20 11 57 27 42 8 25 31 6 16 5 20 56 45 6 8 36 15 46 10 30 10 16 48
60 39 54 36 56 31 45 7 37 40 58 48 40 53 48 46 35 13 46 41 12 48 40 50 15 14 41 15 24 43 7 20 25 36 53 27 14 37 14 34 55 46 22 21 32 60 8 37 40 12 43 5 29 14 37 21 8 11 39 35 37 51 48 60 12 52 53 45 29 36 57 41 49 37 10 32 51 28 19 15 49 10 34 12 57 30 11 57 39 51 12 30 8 35 51 16 12 15 59 10 7 12 44 48 15 17 33 46 52 14 33 38 15 19 15 0 20 44 46 5 36 5 43 34 24 27 15 15 31 27 59 15 25 39 7 15 8 16 46 41 11 14 47 16 47 5 27 8 15 56
53 42 60 50 51 58 57 23 35 59 48 32 41 57 35 34 47 15 60 57 23 56 59 45 8 17 54 8 10 40 20 5 6 55 38 6 18 38 21 40 49 33 9 6 44 39 24 43 30 22 49 30 9 17 36 11 20 30 58 40 49 51 50 48 24 45 53 53 14 40 43 42 51 55 25 58 58 5 14 20 55 29 32 27 49 7 23 31 58 45 25 15 20 52 55 15 26 19 43 23 26 20 35 60 30 6 58 30 44 22 33 41 22 9 28 27 0 44 45 21 48 19 51 36 10 9 12 23 47 7 58 15 12 43 20 7 30 10 51 40 17 22 47 9 60 28 12 28 7 52
49 18 26 14 57 11 6 59 8 25 37 25 57 50 8 42 56 31 15 45 37 11 10 12 41 53 46 52 42 52 55 60 49 46 28 53 30 34 47 36 10 7 32 50 36 5 55 29 60 32 12 53 34 58 54 40 37 59 19 41 6 13 5 8 48 56 23 14 42 19 14 11 20 24 40 15 56 51 41 30 29 33 12 30 14 32 38 44 38 15 46 48 59 45 38 49 48 49 16 51 40 59 6 16 52 57 6 15 25 57 29 15 41 35 38 54 33 0 19 59 7 33 11 18 40 36 34 33 35 43 43 38 60 20 53 37 46 44 14 8 41 39 6 40 15 58 33 56 46 57
46 10 14 23 55 24 19 49 17 8 31 11 59 58 30 31 42 58 19 37 56 20 25 26 55 40 58 46 49 34 42 52 54 47 6 31 58 33 56 55 27 30 58 47 35 26 55 5 35 60 25 43 52 43 35 31 60 59 8 40 23 16 23 26 31 46 8 22 39 5 21 16 10 6 58 5 59 54 37 36 12 32 29 33 18 39 38 42 52 10 40 51 58 59 50 55 59 53 13 42 49 43 16 6 50 45 21 13 11 42 9 22 31 43 32 51 54 28 0 57 16 30 23 7 43 50 48 38 35 46 41 42 50 11 60 43 37 56 30 24 53 39 19 60 22 54 58 48 33 34
54 46 48 32 45 40 60 13 59 57 53 30 40 56 37 56 50 5 35 44 12 47 37 31 21 8 39 23 23 32 12 18 16 31 33 25 9 52 8 49 41 45 18 28 45 43 14 46 30 5 32 15 25 9 49 19 11 9 46 43 45 32 57 36 8 53 45 48 30 49 42 43 39 58 14 56 37 20 24 12 30 12 31 12 42 28 5 40 35 44 9 15 15 60 52 20 14 13 39 7 14 12 36 57 6 29 52 49 59 7 50 34 15 28 11 11 26 50 42 0 45 15 51 37 28 30 18 9 43 25 50 13 25 45 12 20 7 30 41 34 13 7 31 28 37 7 17 6 29 32
32 23 20 14 37 7 6 49 12 28 46 16 50 38 5 47 58 51 9 53 59 13 14 6 40 30 60 45 33 31 41 54 55 57 22 47 35 47 33 55 15 10 57 43 46 7 30 25 42 34 5 53 43 56 35 36 34 41 18 59 5 9 14 10 40 31 25 12 46 17 13 6 22 25 51 22 59 40 57 31 17 38 15 60 13 37 60 56 47 22 42 51 40 41 35 39 32 37 17 60 47 45 15 25 53 45 14 21 19 53 24 9 35 43 58 45 60 15 18 32 0 40 5 26 40 40 45 45 37 42 56 53 36 29 59 41 42 59 9 5 50 44 7 47 13 40 40 41 44 38
48 60 43 48 37 36 47 15 56 48 35 36 44 33 48 51 42 14 55 56 9 40 47 41 23 15 43 24 27 31 5 29 18 58 41 18 11 43 9 31 39 52 17 20 60 49 12 32 35 8 57 10 15 13 45 29 15 8 46 30 34 31 49 41 15 56 50 50 22 37 34 39 43 36 11 36 32 20 27 14 53 11 52 8 31 23 10 48 32 33 6 19 7 52 58 25 12 6 42 5 13 10 39 36 14 30 51 36 38 7 50 47 15 19 8 11 21 30 60 5 49 0 47 39 18 21 22 9 37 30 36 7 16 35 10 20 7 18 48 34 7 8 38 25 34 9 25 6 27 47
53 27 16 13 40 11 9 41 8 17 32 21 36 46 12 39 43 50 14 39 60 14 6 11 59 56 42 46 49 36 34 56 60 39 21 50 35 37 38 57 13 15 33 42 57 10 54 20 50 54 7 48 41 60 35 30 35 52 26 49 13 8 7 11 31 35 29 7 47 19 8 13 22 18 56 15 45 60 58 54 20 47 15 60 15 46 59 36 47 20 55 39 57 52 34 59 58 38 29 37 37 42 11 22 56 30 8 17 28 30 15 9 42 60 48 49 32 5 20 39 12 47 0 18 40 57 40 36 59 30 35 46 36 16 37 56 37 48 7 13 43 35 9 51 11 47 32 45 49 39
55 7 6 26 49 21 20 49 23 12 31 13 57 59 30 57 49 41 27 30 37 29 28 27 58 52 58 47 40 34 43 54 51 46 10 34 52 41 42 50 21 29 43 52 42 16 39 15 57 53 18 40 32 32 31 44 46 60 7 58 25 23 27 18 50 55 15 25 37 5 18 24 9 15 40 11 54 39 30 32 9 36 28 51 29 48 52 34 49 11 45 38 39 38 41 40 60 56 9 37 39 43 30 5 45 32 26 13 8 56 6 28 53 34 56 42 41 15 10 49 26 31 24 0 49 49 43 58 45 33 37 31 54 13 32 58 59 45 22 15 36 45 15 37 25 31 55 56 60 60
54 41 60 49 47 50 43 20 49 55 36 48 54 49 48 53 60 28 36 44 23 46 54 35 7 15 51 12 14 59 28 8 9 46 42 7 21 55 20 39 48 45 8 11 59 32 16 47 41 23 53 18 10 15 45 10 20 23 60 38 55 43 45 34 24 34 40 51 15 47 47 47 47 54 27 57 59 11 6 17 37 28 52 15 41 7 16 32 31 47 24 11 22 36 41 15 27 18 50 23 15 24 39 39 29 14 50 36 50 26 60 58 20 9 27 25 8 31 44 22 41 24 43 53 0 8 9 18 51 11 54 19 9 58 21 9 28 9 60 38 29 21 58 6 42 25 5 17 11 50
43 40 43 34 42 52 42 19 60 53 46 54 48 55 45 51 52 27 53 40 16 57 50 57 10 26 38 9 9 53 23 15 14 31 38 7 25 34 15 54 47 39 11 12 38 36 15 46 45 25 38 19 14 27 35 11 24 22 48 47 49 31 39 38 18 42 49 58 9 48 33 55 44 40 30 59 51 13 8 22 60 16 33 30 40 15 27 33 47 47 29 15 25 52 45 14 17 16 48 17 20 26 34 57 18 15 39 42 39 24 57 58 19 5 19 21 14 33 52 27 38 28 53 52 7 0 15 22 52 10 42 20 15 44 19 5 20 9 45 58 29 22 54 6 51 19 15 26 5 38
48 42 60 57 38 36 39 28 32 50 31 55 35 60 31 35 30 19 34 45 24 47 54 58 12 27 59 6 5 47 26 5 6 51 50 10 19 60 22 36 48 39 10 12 31 43 20 36 39 27 59 17 6 22 58 9 29 21 56 41 46 39 53 41 26 51 51 31 13 52 58 49 45 47 27 41 37 12 7 21 36 28 30 30 42 11 15 37 40 30 30 7 22 47 47 10 29 23 52 21 24 28 42 32 16 15 32 51 40 18 32 56 26 15 28 28 6 31 51 25 45 22 49 60 13 9 0 21 49 8 46 19 12 35 17 11 23 7 55 36 27 30 32 15 36 27 5 26 6 35
42 38 38 59 41 41 32 12 37 48 47 48 53 48 41 57 50 10 58 43 15 52 53 40 25 9 56 26 17 30 5 20 29 43 39 28 5 59 7 42 46 37 30 29 31 42 15 48 40 8 34 13 24 5 43 28 7 11 31 60 45 35 54 49 9 39 48 51 15 33 60 59 49 31 8 52 47 24 29 14 37 7 48 11 46 30 13 42 59 50 15 24 5 42 57 19 12 11 46 12 5 8 57 37 12 23 38 45 34 13 37 39 10 27 9 8 23 42 42 13 48 8 38 39 28 15 24 0 39 16 38 10 25 45 6 16 14 29 34 54 9 8 34 23 46 7 28 12 29 38
9 44 32 48 9 35 58 43 37 30 9 58 14 14 40 7 14 48 39 8 50 40 44 31 31 45 10 35 59 6 34 48 38 12 33 50 38 7 36 15 49 30 35 51 5 42 30 53 7 55 47 49 40 53 11 53 48 34 32 9 46 36 32 59 36 8 48 47 40 33 56 58 54 57 51 47 9 35 48 47 55 34 47 46 35 44 36 6 11 40 51 47 41 15 8 37 37 31 38 33 58 53 39 32 38 34 59 56 47 46 59 30 40 47 57 58 57 44 44 51 42 43 60 54 51 40 39 55 0 48 6 59 40 47 46 36 36 47 37 56 34 55 35 38 38 41 54 32 41 13
53 54 34 47 54 53 55 21 55 37 51 54 45 36 32 41 59 17 49 33 23 46 55 36 8 21 35 5 14 30 25 11 12 37 60 5 23 57 24 53 49 43 14 6 39 41 19 59 56 17 55 24 11 26 59 10 26 30 49 51 40 40 52 36 18 42 57 46 11 36 46 56 51 57 22 51 46 12 10 26 54 15 58 28 32 5 26 47 45 52 20 7 19 46 30 5 18 21 60 27 30 24 44 48 17 6 45 56 55 24 40 38 23 11 19 15 5 33 45 26 44 26 44 51 5 7 7 25 53 0 56 29 11 34 29 15 28 11 32 40 24 27 37 13 50 23 15 16 11 37
10 48 37 34 9 49 32 51 51 44 9 44 12 15 45 8 5 31 49 5 51 57 33 35 36 32 6 43 30 12 43 40 35 8 53 53 59 13 48 13 60 49 51 49 11 50 47 49 11 51 30 33 32 57 10 40 54 47 34 14 32 30 42 39 31 7 41 50 59 35 48 48 50 30 59 39 12 33 31 37 57 33 50 32 41 52 39 8 10 45 41 55 57 14 10 31 37 35 50 33 59 42 48 36 39 39 39 36 40 43 41 45 51 54 32 48 48 46 30 59 38 47 55 59 51 60 52 44 15 41 0 44 56 50 52 45 49 46 60 55 48 46 46 48 51 49 57 50 40 7
38 50 49 41 60 53 59 14 58 42 45 48 44 43 36 54 46 15 49 41 14 47 40 52 23 8 40 22 27 56 11 28 26 47 34 16 7 41 15 50 39 42 26 28 37 59 6 43 59 11 38 6 17 5 58 21 13 14 36 49 32 45 38 31 8 41 43 47 24 44 58 35 39 46 8 52 42 22 27 12 47 12 56 6 40 24 15 30 45 31 13 27 9 53 33 29 11 9 36 11 15 14 32 52 10 28 38 54 48 8 33 51 6 22 14 12 24 40 39 14 53 7 38 34 15 17 24 11 51 25 54 0 26 52 12 25 10 29 32 31 10 6 42 16 53 12 21 5 26 57
42 40 59 50 35 38 35 28 40 44 59 52 32 49 32 31 47 25 40 35 27 54 34 37 10 27 31 13 7 59 24 10 10 60 33 11 17 45 16 54 32 52 13 14 46 43 15 31 30 16 55 17 7 16 36 7 18 23 57 60 49 47 44 50 18 50 31 40 15 56 58 59 34 37 19 50 42 11 10 26 45 30 37 25 44 6 24 48 50 31 22 13 19 43 56 9 20 18 48 21 22 26 35 40 22 10 33 43 49 24 49 59 28 8 15 20 6 39 46 27 38 15 58 54 6 14 5 30 32 12 57 16 0 35 22 13 26 15 58 46 26 20 38 5 31 28 10 25 12 42
36 6 15 16 34 15 28 49 24 10 36 9 38 53 22 57 37 53 29 42 40 22 15 18 55 47 53 51 32 59 47 34 53 51 7 33 46 40 48 51 21 22 56 55 33 22 60 8 33 49 20 30 30 38 40 48 56 35 13 53 25 27 26 30 48 54 8 26 39 7 26 23 14 12 32 10 39 59 52 47 6 58 23 42 30 30 45 35 52 12 44 54 52 35 30 30 37 55 15 40 56 43 21 11 48 32 29 10 7 35 11 15 55 32 49 58 49 30 14 54 15 31 27 11 40 49 56 58 39 54 49 58 50 0 44 56 59 46 19 23 43 57 25 47 19 32 32 37 44 52
37 40 57 59 49 38 35 5 36 49 60 42 35 38 33 54 48 7 37 40 15 30 57 58 29 6 31 15 29 32 8 16 17 54 39 20 8 57 6 46 44 52 15 16 33 55 7 59 51 5 37 11 24 5 34 15 11 13 44 37 35 30 48 47 12 42 44 42 24 35 36 40 42 58 5 53 35 23 20 9 57 13 52 13 35 17 10 43 30 31 7 29 13 35 49 25 12 12 55 5 14 11 57 36 9 27 42 50 53 12 51 52 11 20 15 8 24 60 55 15 50 5 38 59 15 29 25 10 58 30 56 9 17 39 0 23 5 26 30 33 10 9 30 22 50 5 27 10 21 33
30 41 51 36 40 31 47 28 52 33 42 38 33 42 50 58 37 16 49 44 23 52 43 38 9 30 45 5 9 36 27 9 13 31 36 9 28 51 15 49 53 47 6 9 59 56 26 38 40 17 52 18 15 16 38 5 30 25 39 59 59 30 38 53 30 50 52 34 9 52 32 42 36 55 19 47 56 5 11 25 46 18 35 23 54 6 30 52 53 42 23 11 18 30 48 7 17 18 55 16 20 19 55 30 16 7 47 52 48 28 55 60 26 14 15 20 9 46 45 25 42 23 33 54 15 14 5 16 55 12 58 26 12 46 30 0 16 9 39 45 29 22 34 10 58 30 12 20 6 58
34 57 40 55 56 54 55 5 58 30 30 33 44 50 42 32 42 14 30 59 12 55 36 41 28 7 60 25 23 33 7 16 27 45 55 27 14 37 10 40 44 50 19 24 32 57 11 31 37 8 30 11 18 15 45 15 5 15 39 55 47 59 57 60 6 57 50 56 16 56 39 55 49 56 11 47 39 20 20 12 59 13 30 14 44 25 14 51 57 53 9 19 12 59 30 29 7 12 52 10 8 7 37 36 12 25 42 50 40 9 48 44 9 24 11 9 18 33 51 9 32 6 32 54 27 25 15 13 37 24 43 10 28 46 11 26 0 20 32 41 14 10 56 16 51 8 27 11 22 42
59 49 38 32 43 59 58 15 48 51 40 60 31 47 53 50 43 16 49 34 28 35 60 31 9 27 56 12 11 33 20 14 15 60 58 8 27 58 30 60 45 37 9 12 50 50 21 39 35 29 53 28 12 18 56 15 19 16 49 36 55 55 39 43 21 34 52 37 14 48 56 34 38 55 15 34 54 5 13 19 43 17 37 25 59 9 20 39 40 41 19 15 24 58 55 9 27 25 34 25 28 28 33 47 23 9 59 52 59 24 34 51 24 7 26 23 10 53 57 30 46 20 42 42 5 14 12 26 48 6 54 18 15 30 16 5 25 0 32 40 21 25 32 5 49 27 13 23 12 44
56 24 25 10 35 6 10 56 9 24 47 16 37 56 13 33 39 52 15 46 49 15 9 13 46 46 43 33 59 35 37 58 53 50 20 47 33 33 56 46 13 11 45 51 59 6 34 26 42 41 5 34 52 46 41 56 43 42 21 35 10 5 10 14 33 44 27 10 50 23 7 14 30 18 31 16 39 48 36 50 19 42 8 41 13 46 58 40 50 26 54 34 59 48 35 54 40 43 26 60 49 40 8 24 58 45 7 29 15 32 24 9 46 45 43 40 60 6 19 48 6 30 8 16 48 56 48 45 34 40 53 34 44 18 54 46 36 57 0 7 30 46 9 59 13 33 50 36 35 57
35 28 20 6 60 13 10 31 14 26 40 23 41 56 14 47 48 44 6 46 50 12 15 7 49 49 60 52 59 53 43 32 36 46 30 53 50 49 60 42 10 8 58 47 38 5 59 18 48 40 13 45 38 52 46 39 31 38 28 50 15 7 5 12 55 51 28 5 55 21 7 10 15 22 33 24 52 57 38 42 27 52 10 59 11 36 51 51 46 19 59 41 36 60 59 47 42 58 26 34 56 60 7 21 57 42 6 24 25 40 29 5 45 60 43 38 57 13 16 41 12 43 13 23 42 30 32 46 53 57 55 46 50 25 35 43 53 30 7 0 55 53 13 41 13 59 54 37 52 48
60 51 47 54 47 51 36 14 46 54 54 47 48 41 53 56 30 14 40 46 13 38 34 40 17 10 49 24 30 40 15 20 23 52 47 16 12 32 12 38 59 59 20 16 60 31 5 56 34 13 59 14 30 10 59 26 14 6 47 45 54 35 52 31 13 52 36 44 25 43 58 50 43 48 13 35 58 16 23 13 39 6 56 9 59 25 14 34 51 47 14 29 14 51 36 18 14 10 52 8 14 6 31 50 7 29 45 58 54 13 47 36 5 20 7 6 28 36 60 15 36 8 48 39 20 29 25 15 32 20 56 8 17 48 9 22 6 26 45 58 0 12 37 19 57 11 22 13 19 33
54 31 48 40 37 35 60 14 30 30 45 38 34 44 34 59 40 10 57 45 10 60 38 58 17 12 35 16 17 32 12 23 20 43 43 26 13 53 6 30 53 45 20 23 48 34 12 50 37 15 60 14 16 5 35 17 8 14 43 37 49 42 34 34 13 60 53 53 16 41 53 43 43 37 15 35 56 20 17 14 33 8 47 10 49 30 12 44 44 60 8 30 12 39 36 26 14 10 41 11 13 10 38 58 7 21 41 59 50 14 31 60 8 16 15 10 23 54 57 6 59 10 41 46 15 27 20 8 43 28 54 9 23 54 5 25 12 18 30 47 12 0 55 15 40 14 27 7 19 52
60 27 16 5 42 8 11 40 8 16 48 26 42 56 6 32 59 56 12 46 33 5 13 6 32 59 50 45 31 55 38 44 34 36 23 38 48 59 36 43 12 15 31 30 34 7 41 23 34 43 7 41 50 42 40 52 32 52 27 57 8 12 8 12 40 44 24 15 45 23 14 14 30 24 55 16 56 30 30 50 30 60 14 43 5 45 53 45 49 22 32 47 40 37 52 41 34 47 24 56 44 51 8 21 35 35 5 19 21 43 25 13 60 52 46 34 57 7 23 30 9 43 8 30 41 36 55 56 44 60 56 33 48 20 46 40 52 46 5 14 48 34 0 36 5 59 59 38 33 60
48 45 42 44 46 32 34 30 41 56 45 48 31 40 45 60 46 28 60 57 25 30 58 48 8 27 38 6 7 36 15 14 15 43 53 9 27 51 23 36 55 41 14 9 50 35 27 51 54 22 31 18 15 23 55 9 22 24 31 45 57 49 43 53 23 48 52 56 13 49 32 33 31 50 29 59 36 11 7 20 41 19 54 26 45 8 29 60 42 60 28 11 21 52 30 14 23 16 34 30 29 15 50 45 26 15 34 54 46 18 39 30 22 5 28 26 11 32 54 19 53 22 53 58 15 12 15 16 56 6 57 22 12 46 17 7 19 12 54 40 30 25 41 0 54 16 15 18 7 42
60 22 22 12 32 9 6 56 11 17 33 24 34 42 10 38 37 30 6 38 43 10 14 5 35 45 40 41 60 30 31 60 55 45 21 31 34 36 39 57 6 5 54 48 33 11 60 26 36 37 13 55 59 31 49 32 42 42 30 54 8 12 10 13 38 49 21 9 42 23 11 5 18 16 60 25 41 47 58 45 19 31 15 34 9 37 46 41 58 22 48 59 40 56 48 59 50 41 27 58 32 57 10 28 57 39 8 15 28 39 23 14 45 30 49 39 37 10 26 60 13 42 13 16 58 46 43 57 40 55 55 59 58 27 51 52 30 37 8 12 58 53 13 38 0 31 40 44 59 48
33 47 30 59 52 59 49 7 35 60 42 58 57 47 56 55 50 5 51 55 15 33 47 34 22 14 38 28 29 34 14 18 23 52 53 19 6 48 8 37 44 45 15 15 48 53 8 37 32 7 50 13 24 6 43 28 6 7 56 46 57 59 39 33 12 32 47 48 29 44 39 47 56 46 6 36 42 28 17 13 58 14 30 7 41 17 13 37 58 30 15 23 7 40 48 26 8 8 44 7 10 6 53 43 13 28 36 34 42 10 42 45 8 22 5 15 28 46 36 8 52 5 45 50 15 26 20 15 35 22 45 9 26 31 12 17 6 30 37 58 8 5 42 21 45 0 18 10 23 43
48 52 40 58 38 40 31 25 41 34 40 56 53 49 41 37 41 23 37 32 28 58 36 57 10 25 52 12 9 39 30 5 5 57 54 8 15 40 23 59 42 54 7 10 60 43 25 55 40 24 30 29 15 21 57 8 15 18 30 39 48 40 47 45 26 33 43 55 8 43 39 45 35 34 16 38 44 12 9 26 31 25 44 30 36 13 20 56 49 42 29 6 23 34 30 7 25 24 43 24 22 19 56 46 20 7 55 42 38 19 32 33 29 15 16 29 5 60 44 30 55 21 40 48 12 15 11 29 57 13 47 20 13 53 25 8 22 5 44 48 23 30 37 7 44 27 0 17 11 34
57 36 56 35 46 57 31 14 37 53 31 53 44 33 56 52 49 8 42 47 7 35 42 44 20 9 58 27 23 49 6 21 24 51 35 16 6 42 7 31 57 43 27 19 43 52 12 55 40 14 30 8 22 9 33 18 7 9 53 42 39 54 40 49 8 33 48 42 16 51 39 46 57 45 12 49 35 22 22 11 45 13 47 11 47 15 6 45 54 37 9 16 13 35 59 16 12 15 32 7 7 9 47 56 11 27 58 42 30 9 37 38 12 15 10 5 21 33 54 12 55 15 56 58 26 29 24 11 43 25 55 12 20 58 10 16 10 18 42 43 11 12 31 21 47 5 16 0 27 40
31 39 38 49 38 36 53 22 51 46 34 56 53 37 30 46 33 25 37 49 20 33 58 33 7 22 59 14 6 40 22 12 12 46 31 12 20 33 22 56 38 53 6 11 58 46 20 50 41 15 31 29 13 16 56 8 29 24 57 32 54 35 50 46 23 36 40 60 11 57 50 40 30 39 25 46 54 6 5 26 33 22 60 27 35 7 25 31 57 37 28 15 30 32 45 13 29 28 31 29 19 29 36 35 22 13 50 30 60 17 52 54 22 9 21 18 5 53 31 23 40 21 33 48 12 11 15 19 41 8 55 29 8 32 15 12 29 15 48 36 18 15 48 7 52 22 13 19 0 53
12 41 30 35 12 59 43 42 46 54 14 54 9 10 49 6 9 55 40 8 48 34 58 36 34 51 6 49 51 9 57 58 35 11 55 33 59 8 45 12 33 60 51 35 15 58 52 49 15 36 46 52 42 38 7 48 59 42 38 11 38 58 50 41 54 13 36 30 54 43 48 51 54 43 51 31 5 33 37 34 31 51 39 57 60 60 43 6 12 56 31 30 40 7 8 52 58 38 57 32 36 38 37 45 60 57 48 53 56 48 47 34 31 33 42 41 44 41 53 57 56 44 38 59 50 35 50 60 13 32 13 50 35 31 60 32 37 34 32 44 46 55 60 48 47 47 32 52 47 0
