200
29 364
10 33
166 453
175 268
156 199
123 293
101 415
110 236
104 525
102 307
98 446
104 95
172 144
102 330
195 599
90 584
80 329
184 578
134 36
101 500
42 153
75 404
164 594
30 436
89 361
170 500
2 574
119 277
119 598
160 200
21 390
31 43
100 40
197 110
179 557
53 154
120 562
18 183
113 484
109 481
136 181
52 134
179 588
40 110
1 275
193 440
142 321
87 536
116 109
167 15
23 383
13 452
49 267
91 539
194 519
73 26
97 304
13 60
29 415
144 588
163 206
55 127
131 290
115 34
183 531
77 323
69 345
23 558
97 522
37 427
80 364
174 533
92 95
60 390
57 501
100 307
122 180
11 195
37 353
151 366
77 184
200 147
14 243
62 412
12 253
172 367
176 338
181 519
91 135
62 480
5 496
165 242
197 39
116 43
6 376
61 156
9 285
143 303
160 517
106 323
53 72
49 564
116 193
65 148
74 575
62 272
82 292
183 220
188 19
160 6
73 547
46 222
54 376
133 434
197 30
172 299
134 41
188 25
146 67
2 180
64 539
75 123
152 174
63 539
157 453
106 78
146 318
100 111
193 343
86 375
14 557
91 291
69 6
19 137
83 39
96 99
61 308
185 327
8 328
187 502
63 101
164 408
16 308
152 106
162 225
67 262
51 363
82 210
20 170
137 308
151 248
43 144
56 22
160 374
33 30
186 73
72 130
182 278
148 160
171 598
89 443
171 184
48 171
44 393
175 59
151 23
7 51
99 343
145 184
130 308
63 451
92 29
75 369
117 564
197 590
69 563
188 471
64 148
157 377
12 214
25 327
41 332
147 120
129 341
147 441
195 565
141 596
189 401
46 435
145 251
49 159
125 342
52 302
144 502
104 541
36 122
9 291
139 485
162 407
60 307
1 97 47 50 3 95 34 67 45 89 6 91 50 20 95 67 58 47 63 22 24 3 75 46 21 79 44 27 51 51 92 6 1 101 51 75 99 4 90 65 56 59 52 74 90 30 84 38 87 1 14 64 92 78 51 45 72 53 49 101 16 81 73 82 93 52 30 27 33 37 55 97 26 98 56 15 92 64 101 99 50 18 13 39 7 87 101 62 42 10 58 48 53 66 85 24 2 26 51 5 51 62
2 49 18 15 98 45 58 38 61 38 44 90 69 99 37 93 25 39 50 20 22 51 7 20 80 25 62 87 40 82 62 45 52 22 61 75 44 85 16 34 60 46 47 17 62 43 4 100 76 38 69 80 75 19 54 71 32 29 63 72 74 60 85 36 82 10 87 32 33 31 61 17 62 87 40 50 24 56 38 98 31 74 15 14 12 90 61 76 25 90 99 98 12 100 24 65 78 79 35 34 24 27
3 47 12 80 11 99 55 31 31 95 96 11 54 21 43 92 50 91 6 74 65 68 41 40 96 64 27 85 56 71 83 83 62 81 29 14 21 86 99 71 21 14 81 47 87 98 47 1 84 15 60 4 74 18 9 36 10 6 25 38 78 98 36 42 6 85 71 29 65 19 95 62 62 17 19 50 49 14 90 59 68 56 7 40 73 28 73 40 10 66 41 22 31 92 98 95 96 11 13 29 55 37
4 55 42 33 63 29 30 62 91 43 100 5 25 4 68 78 3 3 92 43 78 70 36 31 16 23 34 41 79 14 16 62 95 47 36 91 70 55 53 21 60 95 1 58 29 25 27 78 80 1 44 49 91 3 50 49 3 52 22 45 31 101 15 5 91 34 53 81 70 60 58 97 8 39 68 27 29 5 72 33 23 60 54 40 2 31 50 8 101 98 34 24 16 89 86 93 83 91 45 41 74 41
5 22 65 19 87 27 78 10 28 47 97 11 69 3 62 28 31 37 34 90 26 78 28 53 10 89 2 48 54 69 57 63 9 36 62 57 55 79 45 55 12 100 50 46 65 66 31 61 68 43 58 94 41 34 71 36 11 17 17 49 51 9 65 93 43 95 59 73 46 60 19 7 9 60 78 41 26 35 59 100 2 39 37 63 77 100 29 28 69 87 20 27 65 101 44 16 78 66 73 47 41 34
6 10 68 40 74 84 25 41 19 81 45 60 3 49 74 23 46 55 30 62 80 85 46 56 39 36 15 56 97 52 25 76 23 11 30 98 25 71 37 97 65 75 101 79 1 75 46 25 11 71 81 86 54 79 15 67 94 36 46 64 27 63 29 77 89 98 30 26 26 66 27 38 94 90 18 28 21 89 79 31 23 96 70 97 74 44 48 74 90 78 20 12 44 93 59 77 66 55 43 44 85 65
7 98 66 35 18 28 1 4 71 7 16 18 84 87 68 33 86 51 58 28 41 29 46 49 58 59 33 49 13 10 65 55 6 52 19 83 58 4 74 41 19 99 71 15 91 30 2 77 60 57 3 3 51 6 6 96 43 16 37 91 56 34 22 28 66 33 91 84 57 26 14 19 6 65 85 17 31 65 16 81 56 79 44 91 84 27 93 100 54 39 96 93 42 67 45 58 2 46 17 3 82 93
8 79 71 61 88 34 99 10 83 56 41 81 28 57 35 76 18 85 28 5 20 21 30 58 30 48 54 45 42 73 42 22 82 12 3 90 45 32 87 60 64 75 81 63 49 4 84 73 43 33 73 12 49 29 98 1 73 64 13 10 94 76 2 59 25 93 37 81 97 69 74 87 80 12 61 7 11 22 47 17 4 69 90 97 15 100 39 17 79 17 30 30 93 98 7 22 99 8 100 78 27 55
9 49 100 74 76 45 26 57 33 33 83 12 1 69 67 42 10 89 26 52 38 78 89 86 93 82 71 8 4 98 71 87 61 79 49 59 95 57 35 51 84 77 89 54 22 18 66 19 64 24 49 32 84 39 90 59 5 63 95 39 49 1 47 36 5 5 3 58 26 96 84 96 91 93 79 80 2 43 85 9 31 59 75 92 43 12 7 59 88 90 32 10 26 23 96 86 53 18 36 79 47 17
10 23 62 45 16 12 87 80 22 32 75 32 55 52 57 38 73 66 45 70 42 97 87 7 74 76 72 70 11 46 36 54 52 30 59 73 10 49 41 97 51 51 60 48 60 89 54 82 65 97 4 3 67 34 46 7 14 15 71 87 29 17 81 56 87 31 29 47 71 44 14 74 89 43 92 68 4 9 65 74 74 27 62 34 19 2 81 33 33 48 59 11 15 99 9 79 100 15 96 8 62 45
11 5 83 83 81 1 63 57 56 87 22 62 40 6 34 30 75 71 101 47 84 101 53 26 44 93 62 33 17 12 9 44 73 50 97 64 50 83 75 12 7 42 5 37 77 17 31 72 35 13 2 89 93 7 96 87 54 72 53 6 73 39 75 65 25 60 36 87 30 86 19 17 92 87 77 73 53 89 88 54 81 66 86 92 22 69 66 67 46 60 73 8 83 5 92 17 53 83 20 69 5 56
12 86 92 78 95 75 101 94 14 49 101 26 92 83 3 72 26 38 54 40 48 42 57 100 54 64 70 33 3 38 75 53 97 84 67 95 25 77 65 25 30 42 7 56 66 91 69 98 4 49 76 37 93 31 13 64 73 3 91 77 90 3 100 4 26 15 31 21 48 78 10 58 99 21 72 83 46 87 66 14 61 100 80 34 10 1 17 30 94 75 75 46 19 8 46 9 4 68 79 95 30 15
13 41 34 10 44 8 8 24 50 1 35 66 61 16 61 2 96 34 18 101 58 70 86 49 34 25 35 96 11 44 93 50 62 46 5 62 8 15 40 54 60 11 2 72 40 68 50 44 43 26 49 78 44 53 62 95 25 2 24 44 90 31 26 85 13 69 43 62 51 85 15 81 12 76 93 73 75 9 17 80 42 45 49 60 3 49 47 30 92 25 86 72 22 58 31 75 83 99 76 60 15 51
14 68 3 86 69 12 34 101 84 58 19 60 96 36 56 65 63 94 54 33 23 58 101 21 89 91 86 42 61 21 89 95 16 90 90 29 63 42 24 34 68 22 53 66 68 65 35 26 95 44 51 60 52 42 46 41 50 101 50 18 30 27 23 6 46 20 38 92 10 76 49 96 91 83 4 93 24 18 95 31 36 20 60 49 7 36 13 75 47 26 86 47 27 51 76 45 70 63 95 29 8 69
15 62 93 33 91 46 64 64 22 94 81 87 38 82 97 64 36 99 53 21 58 67 88 73 89 26 98 51 97 41 44 55 73 16 85 33 39 71 57 75 16 81 47 26 30 95 4 19 75 32 85 68 32 9 17 26 41 59 8 73 18 70 55 67 68 31 44 85 70 49 42 88 86 96 35 89 16 65 62 2 59 62 12 61 59 35 18 93 74 5 21 28 4 60 9 30 83 48 46 28 61 43
16 95 64 96 2 19 84 9 69 30 90 7 88 43 9 5 63 82 74 89 18 29 79 27 59 95 79 77 62 91 97 16 17 18 17 62 64 80 11 64 29 19 32 94 21 96 6 70 7 67 69 90 74 22 11 93 43 42 10 39 31 53 39 65 42 36 63 77 20 89 98 28 59 19 80 60 6 76 87 12 62 44 14 83 26 74 99 65 30 18 3 77 80 22 18 50 43 19 93 1 82 101
17 94 27 17 10 45 8 26 22 9 90 95 87 70 56 61 21 3 74 9 35 7 13 24 83 23 15 86 27 32 90 60 66 64 56 40 4 55 78 56 19 24 99 53 17 65 51 24 49 6 68 60 9 37 5 1 72 94 49 60 76 59 22 92 40 56 57 32 16 82 45 54 71 40 24 61 91 55 45 65 1 74 13 29 41 24 7 38 66 24 1 8 77 3 23 19 8 51 34 10 46 59
18 72 34 13 44 59 43 78 32 94 72 17 88 69 19 74 4 34 28 24 3 63 13 74 32 55 27 21 82 49 99 52 28 37 90 28 1 39 18 38 55 86 99 67 82 62 90 88 49 22 83 74 21 45 80 72 26 64 51 49 59 93 74 91 39 3 94 32 40 76 83 11 32 78 67 75 89 80 37 60 37 19 86 2 63 84 53 49 32 97 79 12 62 89 9 78 3 67 35 87 25 76
19 56 46 97 65 36 41 15 74 40 35 83 94 49 37 94 67 52 18 19 49 86 76 4 59 90 94 59 34 40 62 43 22 54 19 31 94 8 35 43 3 41 96 51 31 12 95 91 74 29 27 75 29 69 76 13 56 57 42 53 101 39 53 26 81 15 60 61 84 83 65 91 6 8 76 94 81 19 50 71 99 20 15 49 91 83 84 43 1 54 37 42 12 46 95 30 56 14 2 10 94 33
20 15 96 13 82 36 38 48 32 78 76 94 17 79 61 68 81 2 50 98 79 79 95 21 50 10 90 72 31 88 46 89 39 33 32 77 42 78 65 91 49 42 43 95 85 21 99 43 48 57 98 25 58 58 76 79 74 82 15 41 11 34 22 8 15 24 52 46 84 68 92 53 73 85 50 40 44 63 100 67 21 81 22 18 96 83 59 19 35 32 86 47 80 55 3 74 11 77 19 100 26 51
21 17 71 6 81 60 50 70 32 29 99 59 82 14 65 27 19 55 55 47 26 66 77 43 80 12 34 71 49 54 36 78 81 93 14 96 59 79 24 88 23 67 47 67 40 6 59 13 92 63 82 79 32 98 61 67 15 48 10 30 9 20 41 44 28 10 54 26 95 47 62 94 75 9 47 27 45 64 3 4 7 38 94 12 92 21 29 101 52 78 39 15 28 23 5 12 38 12 91 77 67 43
22 11 92 33 92 35 17 42 29 76 25 17 93 47 14 83 75 20 59 25 7 23 31 88 53 71 18 54 17 93 40 62 6 86 62 78 67 50 37 73 48 93 50 55 44 69 82 50 54 56 48 62 30 12 77 79 70 70 69 33 15 40 69 76 71 25 83 57 57 49 55 22 9 94 100 83 54 12 8 55 26 68 89 26 22 72 100 60 89 73 72 101 14 84 75 58 14 82 32 61 72 58
23 92 100 24 7 28 12 60 70 58 92 8 48 87 75 45 77 9 69 93 25 55 13 96 57 54 19 7 56 52 13 77 13 45 29 67 93 56 25 27 2 6 41 92 72 100 18 73 11 55 85 78 76 29 76 52 48 25 81 4 100 7 72 91 7 97 48 33 19 58 101 29 97 20 11 31 20 9 58 87 32 10 32 6 58 8 38 66 13 16 86 54 14 48 3 20 14 35 3 44 87 62
24 8 57 46 86 85 40 31 4 44 73 94 51 77 96 47 58 45 101 2 56 76 90 100 69 79 74 20 46 11 94 63 5 94 83 1 24 27 31 12 79 95 92 5 35 26 81 14 48 10 3 79 14 43 78 85 78 47 39 69 4 57 61 8 42 69 5 47 85 87 37 57 27 26 42 13 89 91 83 37 68 31 38 90 32 10 56 69 66 50 17 96 64 85 28 10 6 26 43 46 90 41
25 12 87 98 36 20 64 99 92 96 91 95 25 30 69 60 88 14 68 9 55 19 58 52 45 42 93 58 61 62 24 93 70 70 84 36 59 16 21 98 45 54 27 5 49 27 16 59 63 74 97 38 69 20 85 46 77 63 87 85 9 21 92 69 93 1 30 98 5 85 50 93 70 98 19 47 100 5 34 30 21 57 68 78 48 27 12 1 43 85 91 50 75 33 46 20 25 85 23 76 66 79
26 83 88 66 15 48 9 68 73 14 48 86 4 25 64 58 74 50 65 78 3 51 78 92 89 8 9 65 93 100 37 78 33 76 29 86 51 70 34 73 76 49 16 98 82 52 41 9 34 77 32 38 61 52 67 89 15 42 55 13 20 14 9 59 3 44 2 33 12 22 9 32 9 64 4 7 66 64 2 94 69 80 84 32 37 14 24 35 100 24 72 34 38 82 66 87 75 94 80 39 58 22
27 73 42 37 44 7 40 44 87 83 94 19 12 8 44 77 62 25 56 56 44 15 12 30 46 24 55 38 84 13 13 13 85 74 45 16 100 35 70 53 64 92 42 68 80 50 98 100 83 61 68 38 40 87 7 87 38 27 85 79 52 9 4 45 99 49 7 67 31 42 27 81 40 72 29 40 85 55 31 52 87 63 11 70 7 26 34 53 8 61 12 74 67 100 57 16 55 80 86 22 14 36
28 29 18 10 72 50 13 36 56 64 64 2 81 73 81 57 83 18 15 35 59 63 49 77 45 74 80 53 35 6 51 13 61 101 47 49 60 76 63 63 11 49 69 73 36 16 92 2 16 66 15 57 79 42 72 66 62 72 92 15 40 95 15 41 69 94 53 78 9 43 59 43 30 2 91 42 22 68 16 79 54 62 30 26 66 35 32 80 6 7 8 65 16 86 42 55 78 23 5 19 43 14
29 71 92 64 72 26 99 93 101 25 95 37 30 23 60 11 43 32 19 17 20 2 51 95 86 44 7 79 45 24 23 88 20 62 2 61 25 36 74 62 71 65 57 28 61 63 92 66 57 16 20 45 34 4 24 62 9 26 24 22 1 4 89 71 61 73 27 89 91 96 56 90 54 88 22 34 91 100 92 56 89 86 85 24 15 55 89 41 28 76 88 41 89 31 87 7 5 18 90 67 91 13
30 54 90 85 22 31 81 91 36 49 5 90 66 8 10 23 76 53 22 58 58 72 69 48 86 19 67 89 40 44 84 70 17 41 50 47 35 60 62 53 81 41 14 39 10 18 27 16 53 46 98 66 48 95 55 97 70 52 51 20 77 20 81 17 43 59 37 10 71 17 62 34 13 38 19 13 26 100 21 65 19 82 56 30 40 81 87 83 2 6 64 33 53 59 39 101 8 100 75 17 42 47
31 53 78 90 13 18 73 61 79 15 70 78 70 78 86 34 13 41 13 62 93 25 14 85 28 53 101 91 1 64 30 58 9 31 45 56 56 12 92 56 77 80 75 10 34 18 26 60 95 57 69 29 83 36 70 34 47 78 66 81 74 45 46 28 64 91 6 71 53 11 83 83 52 93 63 53 75 98 15 40 3 37 16 68 36 96 38 77 87 59 26 71 89 17 53 65 66 26 63 24 90 45
32 54 77 92 53 46 71 14 31 10 13 95 4 56 29 53 87 1 36 41 79 69 45 21 81 1 97 71 76 67 20 40 76 91 6 4 29 76 90 88 70 20 17 46 11 77 15 97 56 31 84 89 28 52 76 16 35 30 73 12 64 18 96 12 44 6 54 12 15 60 54 92 48 12 12 92 6 2 90 93 53 5 64 50 31 45 65 88 19 49 42 10 39 72 74 38 71 71 2 48 31 17
33 33 56 72 61 11 72 36 96 83 72 72 55 45 50 64 100 51 6 7 63 91 59 1 20 17 66 9 35 5 94 67 73 40 92 87 20 93 61 84 46 40 85 58 42 10 6 84 58 86 12 43 61 2 42 93 99 93 95 63 5 48 7 66 21 96 40 68 93 79 68 61 88 4 7 8 27 77 28 51 76 99 31 7 69 90 77 32 16 41 25 99 32 37 74 63 3 99 9 35 94 41
34 63 80 90 98 57 28 48 88 26 26 81 3 9 64 100 40 42 85 14 25 72 78 76 76 32 81 64 62 48 79 16 95 81 16 85 83 27 76 19 31 23 95 35 33 3 24 95 37 16 66 67 52 99 12 59 97 15 15 58 65 16 18 73 90 9 71 1 53 56 72 75 70 59 13 80 11 5 47 100 31 34 93 99 71 50 41 6 68 5 71 81 78 78 93 57 47 60 26 35 64 83
35 8 95 92 44 16 72 67 49 14 1 63 1 70 100 11 67 68 7 62 10 62 22 59 62 56 40 51 76 51 24 10 93 62 28 35 62 39 15 56 53 76 85 95 2 80 17 8 30 93 2 89 3 75 19 8 6 80 38 42 35 32 31 78 95 37 98 88 43 73 97 48 67 30 14 27 49 94 86 54 58 97 94 51 88 58 80 2 36 3 4 3 29 42 40 65 92 50 16 60 53 17
36 93 19 16 100 26 101 99 33 12 65 60 25 27 98 94 32 37 59 43 77 87 84 16 63 78 7 12 31 26 56 7 51 30 6 98 58 35 28 39 91 17 88 62 67 31 56 90 58 44 2 63 31 57 51 73 44 77 88 64 90 65 12 14 15 71 35 19 54 89 59 5 77 1 24 74 93 88 39 81 49 30 24 38 83 21 44 22 32 21 61 23 41 97 25 74 43 71 83 43 100 60
37 73 72 32 9 34 96 58 36 65 23 67 57 20 62 46 20 59 45 62 53 26 38 11 94 81 72 8 11 57 94 57 22 100 49 100 69 65 42 8 49 20 58 74 8 39 62 80 38 26 48 29 6 13 86 12 86 12 42 63 101 72 30 70 68 67 5 16 44 87 44 62 36 66 50 82 64 83 58 12 12 36 37 72 87 72 29 98 84 17 74 30 77 62 14 70 81 1 57 78 58 97
38 39 72 26 46 68 32 23 70 27 50 67 96 75 61 59 67 28 1 90 95 31 13 12 81 48 99 29 24 15 96 26 7 41 47 77 33 11 44 93 101 56 26 89 81 45 2 41 64 43 30 4 33 9 78 29 29 25 78 32 43 3 16 89 45 91 35 71 93 85 66 43 58 68 85 50 53 87 92 75 81 52 92 18 82 99 78 72 69 72 78 12 36 55 58 10 3 85 88 21 23 69
39 35 72 30 1 41 69 61 96 46 21 32 4 85 91 70 46 70 31 55 100 53 74 24 25 66 38 21 57 66 34 69 88 28 43 43 55 32 70 40 22 7 20 2 96 69 81 85 97 65 80 3 55 7 69 53 82 85 14 25 12 40 79 101 86 35 68 3 96 45 20 88 20 66 43 14 3 28 4 19 87 83 44 33 46 32 59 84 84 63 40 41 35 84 74 46 71 6 7 39 49 21
40 30 60 99 75 74 24 36 89 82 85 86 76 1 47 51 100 81 66 84 90 11 94 101 62 25 55 15 66 25 101 83 74 20 51 49 14 1 24 1 42 65 46 7 14 41 51 45 57 2 33 23 88 92 83 47 91 58 6 77 62 90 60 96 17 73 86 50 4 44 60 26 69 3 24 84 63 82 47 86 56 90 94 63 6 41 86 75 44 68 32 11 1 97 35 46 14 20 65 6 15 96
41 4 93 79 62 35 45 82 93 18 57 77 70 66 43 70 44 94 100 89 61 62 3 91 22 74 52 91 63 69 20 53 87 51 33 45 65 15 3 19 74 99 69 37 12 31 84 55 72 81 75 49 98 13 79 47 53 13 49 5 20 24 6 74 12 86 11 41 36 85 88 92 52 40 46 68 68 37 1 54 11 46 4 62 31 16 75 91 59 37 98 5 72 20 58 49 57 22 57 44 55 33
42 98 80 40 80 86 99 29 55 79 11 20 71 20 85 92 20 19 19 95 67 60 51 56 97 48 48 48 96 28 29 100 22 67 95 18 18 8 75 19 31 67 99 101 69 53 93 52 69 71 79 60 85 60 1 37 53 55 23 36 28 67 38 19 41 78 35 55 62 42 6 80 76 17 46 73 23 12 13 76 62 77 69 67 72 85 27 65 12 75 13 94 85 45 10 65 76 82 27 67 47 55
43 45 46 6 6 75 63 86 36 92 39 33 64 92 64 93 50 101 48 47 64 82 74 58 88 2 62 37 37 48 96 45 25 30 92 76 56 94 101 78 30 39 87 44 45 7 74 71 16 16 43 52 46 38 92 95 31 8 77 96 58 15 54 99 9 32 25 56 96 69 47 80 68 83 97 91 93 45 5 27 39 78 52 33 89 34 78 99 83 6 81 65 35 31 21 6 44 54 38 32 66 92
44 21 14 40 9 8 41 72 3 91 93 94 35 67 52 57 69 99 19 19 90 68 11 44 75 1 9 58 94 11 26 9 90 3 59 72 20 95 25 19 32 86 35 37 92 64 81 2 14 2 68 18 40 2 64 96 84 46 55 81 10 95 54 91 55 60 39 83 78 5 61 69 73 92 43 96 44 39 13 50 24 5 68 68 58 54 34 11 45 45 97 94 38 60 43 94 26 62 39 63 93 51
45 74 96 21 90 39 96 20 35 97 63 90 7 64 12 46 39 91 40 17 52 70 77 20 18 79 87 14 2 93 38 45 79 96 26 82 92 22 98 6 56 87 4 84 9 96 55 2 22 95 17 41 88 32 44 21 53 30 32 11 42 41 100 60 67 21 1 6 2 62 8 89 50 95 65 68 60 38 19 91 31 24 101 83 70 57 4 45 95 18 26 26 70 70 63 101 1 5 23 27 67 16
46 15 100 77 27 66 10 92 96 72 49 99 24 2 40 62 61 25 92 51 13 89 50 79 88 74 49 78 20 69 26 16 92 5 11 37 11 64 91 69 2 59 40 29 57 93 27 7 60 27 5 54 22 15 93 49 57 16 4 23 89 5 40 43 47 98 7 10 32 4 58 2 73 50 67 20 12 49 54 81 40 1 81 6 34 12 63 19 43 25 12 52 15 52 62 26 59 70 84 70 30 65
47 82 44 78 25 89 21 2 4 11 53 50 22 77 95 31 25 38 55 101 34 35 39 99 37 11 55 86 89 37 94 20 25 95 98 96 61 38 89 34 51 83 22 10 13 74 90 20 20 92 14 50 76 24 82 20 101 48 50 63 92 95 98 12 87 56 95 75 99 58 101 48 84 1 39 77 70 95 9 56 14 6 56 7 64 88 7 70 96 65 78 67 73 91 43 28 44 35 19 35 44 51
48 95 48 36 61 49 74 54 86 38 73 98 33 10 37 80 50 51 73 38 32 49 22 45 74 53 62 78 29 73 56 53 96 46 8 85 89 71 83 34 6 96 98 32 99 52 24 50 80 58 7 88 86 74 85 44 82 10 95 18 4 81 86 58 83 62 62 93 91 68 86 4 92 66 72 53 3 65 4 101 28 35 25 8 94 28 67 98 41 34 72 67 8 92 49 75 52 5 40 58 88 95
49 16 22 76 11 86 43 47 70 46 21 72 31 69 40 74 99 82 34 61 1 59 43 27 58 77 30 24 70 65 70 5 74 48 78 65 9 55 74 51 85 1 76 3 47 71 30 26 33 63 25 65 60 29 66 16 85 71 84 21 5 75 74 35 61 57 30 1 36 91 37 11 55 83 10 84 8 42 23 92 52 64 92 61 56 57 29 91 14 59 31 68 38 82 80 9 8 89 87 86 96 3
50 94 96 101 94 24 59 11 2 77 55 27 72 97 21 40 25 99 87 5 89 19 17 79 84 5 87 82 82 55 58 45 60 46 33 54 84 76 5 69 72 40 69 18 12 3 37 74 20 67 66 69 76 86 20 8 95 96 5 32 64 31 14 29 60 99 90 100 81 94 84 87 93 86 92 48 90 39 39 42 15 32 66 48 68 95 5 83 13 19 22 38 60 68 66 94 37 58 49 56 80 68
51 22 24 96 52 51 84 5 82 23 68 65 26 39 96 100 3 42 9 86 10 13 71 56 90 53 21 81 66 43 60 50 80 57 46 10 6 71 12 21 32 68 54 42 96 16 58 84 36 49 66 66 7 54 4 98 8 49 28 3 72 60 72 58 79 36 47 79 41 86 80 82 7 31 5 32 13 14 21 83 3 73 28 51 96 20 57 25 2 75 95 66 41 69 63 38 42 91 11 42 86 95
52 77 76 49 48 47 38 84 25 61 78 4 33 5 2 32 60 21 80 86 45 101 99 77 71 12 58 48 22 7 26 33 54 39 24 84 19 46 13 5 19 6 14 73 68 21 41 98 40 22 94 13 48 71 26 2 23 88 99 64 48 60 4 4 37 78 18 21 34 77 69 3 18 19 53 90 99 43 60 31 59 99 66 25 32 8 78 34 65 65 83 52 93 101 99 25 95 7 7 21 86 69
53 15 80 16 78 34 70 39 36 64 52 47 69 41 37 84 13 67 33 73 97 98 77 37 17 19 37 56 39 30 71 52 81 96 53 55 83 90 31 17 94 34 99 48 10 18 52 67 67 34 82 4 99 45 71 72 9 32 13 17 15 3 89 76 6 50 15 40 69 7 64 66 17 41 94 93 54 92 29 76 11 49 76 11 83 77 69 22 27 8 88 65 80 25 58 88 72 88 48 66 4 6
54 1 18 21 43 30 55 66 41 43 80 68 71 62 28 10 45 82 19 43 69 92 59 94 94 3 53 55 18 95 5 101 6 10 36 15 98 29 77 68 86 6 91 42 28 47 83 82 38 26 56 49 8 28 98 3 95 93 68 78 31 64 35 37 31 42 84 65 10 40 4 68 7 93 77 21 2 5 87 58 22 9 37 26 61 88 31 50 16 45 11 47 56 76 83 37 64 54 9 30 54 91
55 78 51 97 17 50 47 8 54 75 38 69 40 9 21 17 63 45 41 79 10 47 87 69 53 37 30 2 74 73 23 39 41 42 59 16 19 58 20 82 23 87 74 72 73 95 4 27 40 5 82 31 88 22 38 54 23 53 58 26 76 88 100 11 59 73 8 42 6 73 91 86 68 63 57 15 83 44 9 18 77 64 91 82 68 18 93 69 35 91 55 37 19 101 30 73 85 57 17 65 4 30
56 14 48 80 52 16 6 45 80 39 79 24 52 101 62 44 99 47 35 34 8 45 21 11 49 91 6 71 72 9 21 23 66 87 15 11 7 88 8 21 59 55 39 18 48 13 61 30 4 53 6 68 36 34 59 61 81 1 99 99 83 71 68 3 60 15 26 37 39 95 2 49 45 14 53 40 80 54 7 69 25 32 100 95 99 99 48 11 90 54 2 11 51 34 85 100 38 22 52 70 10 25
57 42 8 99 8 36 25 10 96 22 73 69 87 66 30 25 45 35 75 67 81 26 46 1 21 23 69 81 75 56 28 94 64 8 52 42 10 26 3 21 81 29 69 95 31 90 30 92 25 19 57 18 32 28 97 95 38 97 16 44 42 92 73 45 92 59 32 91 16 1 59 81 35 61 23 78 83 54 95 33 86 36 42 9 78 75 50 39 8 20 8 22 73 22 67 16 20 45 42 89 9 51
58 98 17 15 76 45 22 7 14 94 61 16 16 83 13 21 90 43 70 35 72 29 77 69 36 19 22 89 83 5 69 28 50 39 93 1 92 62 94 22 16 14 7 42 96 22 17 11 51 97 3 29 90 60 42 47 9 30 13 37 5 12 98 16 3 55 42 23 101 101 24 95 59 100 12 82 31 95 52 62 95 75 24 28 58 94 98 66 83 79 60 56 18 34 89 47 16 85 81 96 37 17
59 57 39 52 72 64 87 38 79 5 100 8 82 31 26 80 6 71 6 25 19 36 74 30 91 98 70 1 5 4 101 60 35 11 69 65 93 6 43 33 28 66 98 81 93 49 42 53 82 39 38 60 89 74 96 69 44 10 33 55 85 34 94 42 54 12 57 68 55 67 97 17 97 75 63 69 26 51 28 80 46 55 52 74 95 12 83 60 42 14 3 17 28 80 56 4 42 82 26 86 36 38
60 53 96 46 55 23 34 38 84 101 61 6 29 87 36 42 83 63 47 43 28 64 44 54 100 35 23 39 19 41 59 14 69 11 42 43 38 90 92 73 48 72 50 36 69 82 21 24 15 57 60 45 71 42 40 83 14 42 39 9 59 64 3 10 63 26 24 51 99 1 46 30 90 49 25 41 15 47 72 81 80 48 60 13 19 5 91 96 88 90 74 50 53 29 32 18 53 29 45 96 31 96
61 41 53 13 61 29 34 80 4 59 49 62 9 87 82 48 73 32 54 91 19 34 64 98 44 25 66 86 65 10 98 27 60 7 33 43 47 3 11 73 60 89 93 62 39 59 7 57 56 84 32 21 62 67 42 50 11 10 27 50 99 17 8 83 64 73 99 64 88 33 45 65 33 86 83 73 82 39 79 25 65 77 27 38 21 70 38 88 15 3 70 77 40 37 12 24 69 57 40 75 58 87
62 39 92 51 28 22 87 89 96 16 37 22 50 43 56 65 68 89 25 65 60 30 55 71 26 69 3 51 52 51 84 72 42 30 50 90 68 5 8 84 42 25 99 91 15 91 70 29 32 68 76 86 34 47 44 28 7 8 32 86 99 3 90 80 61 98 94 38 87 20 11 4 64 29 71 94 49 73 56 95 22 94 11 24 61 31 72 56 51 41 85 32 55 18 68 41 55 84 100 13 17 95
63 33 40 32 4 100 29 8 27 74 56 49 30 37 38 91 99 16 30 17 79 64 98 11 10 51 27 13 68 78 66 9 95 45 41 41 69 24 45 17 2 2 96 67 23 57 95 69 55 21 27 73 39 42 19 9 55 16 92 49 45 72 41 22 18 59 73 38 88 55 67 8 66 56 38 60 23 45 97 9 50 11 6 79 69 15 50 39 59 47 34 71 18 62 78 90 92 74 78 19 100 93
64 69 77 96 8 3 26 7 48 62 46 4 94 41 101 57 33 87 91 46 81 97 91 73 79 89 16 78 59 7 101 71 45 79 94 84 14 79 83 27 86 12 38 46 20 4 77 53 46 20 64 61 94 50 95 79 32 10 3 72 73 6 95 12 42 6 88 30 94 49 80 23 76 55 13 13 15 71 64 43 91 4 23 3 94 78 88 59 97 35 98 36 72 71 20 30 3 101 37 86 2 28
65 51 71 50 74 98 78 41 54 37 47 61 29 10 28 64 94 63 93 62 27 94 13 53 34 44 89 24 79 9 16 84 3 15 68 32 90 40 24 50 6 35 44 73 74 55 48 69 97 72 88 101 12 75 29 4 19 67 2 30 58 31 93 56 7 36 81 11 34 65 14 97 87 50 5 68 33 28 72 36 59 10 89 98 36 46 7 9 50 12 52 71 78 9 14 5 93 50 100 67 79 26
66 21 57 27 94 31 82 25 30 94 4 22 93 2 53 54 78 65 28 92 79 43 86 81 41 46 66 67 91 42 64 44 65 51 20 61 87 53 10 80 51 71 72 12 65 81 8 20 48 83 34 65 98 37 57 67 60 96 75 99 101 31 86 27 24 100 75 48 79 100 50 53 37 99 81 40 86 12 10 60 33 47 63 77 14 24 18 11 50 73 90 29 23 38 25 29 25 9 1 70 11 71
67 13 93 88 36 73 52 31 45 60 38 94 93 14 13 24 53 24 49 10 23 46 10 48 3 53 24 62 64 90 10 33 85 91 18 29 76 67 48 93 88 29 50 44 73 40 68 25 80 25 98 24 14 25 9 73 55 64 19 6 54 72 40 57 35 36 18 54 55 43 30 13 23 57 67 73 72 59 31 16 73 23 9 55 46 77 77 11 96 81 54 83 65 69 89 22 28 7 36 44 49 77
68 83 30 16 34 19 75 68 35 58 3 77 76 74 73 59 14 23 27 72 8 23 80 16 87 16 38 9 81 31 7 29 56 18 59 76 99 22 70 38 24 98 33 42 24 25 51 88 55 38 26 6 54 65 73 76 80 51 15 57 60 20 53 23 2 74 31 44 18 30 21 6 11 87 95 92 45 96 48 60 37 22 26 20 3 90 45 52 14 63 81 38 36 94 70 39 86 99 8 85 91 11
69 52 80 13 29 80 75 45 50 14 76 43 15 18 99 12 5 42 92 4 47 81 82 5 89 28 87 32 64 1 87 70 89 13 5 97 39 3 97 56 89 90 64 9 26 76 33 79 41 91 98 13 38 65 43 21 34 37 33 49 101 100 42 1 91 90 35 60 70 74 58 66 33 51 10 66 82 89 73 34 53 35 88 18 9 79 2 3 85 32 87 87 68 78 76 10 31 3 13 99 82 36
70 74 17 97 28 56 90 30 5 23 32 83 44 14 25 86 60 92 53 64 85 35 65 88 51 7 66 72 33 38 78 49 55 78 36 46 47 93 98 34 81 74 46 1 5 29 69 27 8 49 85 87 27 38 88 74 48 20 30 65 26 66 64 17 45 17 55 74 36 99 69 55 22 29 60 65 7 87 78 15 34 25 61 3 33 57 46 7 38 53 68 60 29 66 26 69 3 96 50 90 55 48
71 12 74 29 99 35 58 86 49 12 48 98 99 1 78 48 39 71 50 18 42 14 82 42 98 63 101 54 101 87 80 99 51 81 68 16 77 11 41 84 77 24 25 9 47 52 81 30 15 94 66 89 35 46 90 96 95 36 38 59 57 4 44 60 1 83 94 7 69 60 36 100 97 5 20 18 2 42 39 97 11 31 44 33 48 80 25 37 88 21 22 26 28 9 57 63 18 63 8 96 22 43
72 82 101 94 7 86 36 64 6 89 27 76 61 45 55 76 47 20 34 24 4 43 15 85 44 33 71 80 17 73 80 91 92 67 4 18 89 85 3 27 66 96 39 59 30 15 20 27 14 27 91 99 20 98 38 76 71 100 92 80 50 45 10 59 2 12 87 36 32 80 16 48 25 91 65 24 34 5 31 96 47 30 88 55 55 63 62 32 99 52 88 3 1 65 18 39 59 41 62 88 48 23
73 25 26 11 77 17 42 21 6 59 74 72 50 68 41 27 9 34 49 96 54 96 74 79 22 46 74 35 46 35 92 55 7 78 27 9 63 100 7 70 63 11 4 17 50 72 95 6 7 74 1 84 55 52 78 78 95 67 53 53 74 23 47 31 87 61 99 32 83 63 24 75 72 88 85 31 19 101 31 58 68 96 84 61 15 18 29 23 75 22 26 16 48 24 6 71 91 20 25 77 71 4
74 71 68 97 14 50 2 65 32 85 61 85 88 38 81 12 13 51 23 4 63 33 82 61 74 100 22 34 19 14 50 17 1 46 20 46 34 77 34 78 58 89 14 67 60 57 81 35 10 49 99 95 31 85 77 28 20 57 94 31 44 27 68 74 53 47 78 53 66 99 89 3 34 94 24 11 80 96 99 65 63 24 93 1 49 79 79 40 3 88 79 16 53 74 7 84 96 2 79 20 8 17
75 57 36 15 46 98 35 16 27 61 28 93 98 47 93 21 45 41 82 51 92 50 73 57 18 79 26 80 61 89 33 81 39 95 55 89 39 56 11 13 6 97 89 73 22 86 65 1 20 80 64 77 60 31 100 36 41 11 63 59 82 9 59 97 74 50 9 20 38 70 1 83 35 14 30 80 57 46 41 61 9 64 81 64 58 96 31 36 81 88 5 34 96 66 20 90 49 43 96 25 101 10
76 84 90 2 51 11 44 71 33 89 28 62 47 71 65 92 86 90 64 67 22 14 80 94 67 68 79 51 83 26 21 80 95 86 46 2 40 33 11 21 56 26 72 57 82 63 34 33 96 98 4 101 17 17 64 26 77 72 37 86 71 36 95 31 22 47 16 16 40 60 93 30 48 73 82 83 64 59 89 56 49 78 56 52 18 101 88 97 73 29 77 91 36 19 22 29 29 35 73 19 1 65
77 92 5 55 14 86 92 55 27 12 34 97 81 80 44 33 79 46 49 42 84 38 49 1 47 34 63 33 70 85 99 83 85 73 68 20 92 91 86 101 84 5 99 43 18 2 71 27 22 97 76 71 44 14 6 42 65 36 98 19 29 46 35 62 95 89 59 88 52 9 90 75 3 5 99 38 45 94 62 78 64 99 22 9 30 101 54 52 53 5 85 24 47 51 79 72 32 13 14 28 99 12
78 67 18 14 11 23 75 32 35 44 72 69 83 24 77 29 42 24 97 76 45 55 69 29 89 24 10 83 20 97 92 101 35 51 6 30 19 47 15 63 75 26 62 7 41 82 86 17 78 50 47 32 71 93 48 38 40 9 37 50 68 72 95 27 55 26 28 34 86 95 98 15 29 47 17 32 54 87 83 30 93 36 30 92 1 61 7 8 15 52 43 30 52 49 22 92 72 6 23 7 29 60
79 1 96 6 32 42 93 6 54 66 37 26 27 47 43 92 70 87 57 15 42 96 40 50 29 84 15 79 77 72 8 66 64 101 56 87 41 65 71 7 101 27 13 42 78 90 66 80 97 95 16 16 1 97 51 58 87 80 57 48 32 4 17 98 18 20 26 33 51 79 57 27 22 4 55 41 6 16 73 40 27 74 75 8 42 61 48 78 84 48 40 35 99 74 46 31 33 4 63 87 14 82
80 86 66 44 49 2 66 85 86 67 41 80 2 16 54 50 21 61 19 33 67 20 101 19 33 12 39 65 16 41 33 31 8 7 36 21 70 28 1 53 3 3 56 37 42 56 57 7 18 65 60 74 92 73 85 49 59 59 9 66 24 9 37 94 92 39 80 87 36 50 74 55 47 74 35 62 71 52 9 62 1 14 36 31 37 37 90 26 57 92 58 33 33 4 88 95 14 44 9 64 61 100
81 12 31 73 48 42 96 57 83 38 60 40 34 57 40 72 97 83 58 82 68 74 16 61 24 59 65 75 94 80 80 74 52 24 95 14 80 11 47 95 29 34 27 58 71 33 81 76 66 10 100 17 21 25 84 52 1 22 88 88 28 15 68 60 30 69 1 77 101 81 33 43 13 84 78 87 80 10 25 47 81 51 2 18 4 40 13 84 5 28 59 89 77 18 75 30 21 46 91 80 74 87
82 1 41 70 54 78 30 16 42 74 54 13 29 14 56 59 27 11 68 97 77 21 98 64 1 53 78 79 65 24 5 40 37 9 15 52 36 75 26 99 56 30 46 17 48 99 81 24 77 74 99 70 44 10 67 53 84 24 38 99 100 98 58 17 81 6 29 19 26 14 60 67 49 30 59 27 64 57 53 63 41 70 77 32 23 66 8 36 63 60 1 7 87 76 94 99 85 15 77 72 71 74
83 78 78 75 51 4 6 14 70 42 43 32 6 58 34 17 81 10 96 31 56 39 73 41 48 37 44 56 10 42 30 89 74 68 69 11 14 6 47 75 62 84 67 46 17 53 17 1 73 91 65 37 39 53 101 20 2 99 71 50 88 53 49 3 74 64 80 62 14 4 81 82 34 85 43 38 18 25 48 40 16 43 70 78 46 41 82 20 83 99 53 98 76 90 39 70 57 42 101 15 89 89
84 101 5 30 14 11 3 97 44 48 26 83 80 69 87 65 91 54 7 38 78 30 54 42 77 21 41 38 35 27 78 72 91 81 16 49 76 76 34 15 10 49 43 62 6 68 74 73 47 47 84 46 26 7 77 59 77 51 45 93 11 47 96 63 97 53 33 69 4 72 96 57 35 56 47 89 40 41 28 1 99 67 35 92 34 18 92 79 54 1 74 48 83 7 58 51 67 78 45 33 4 13
85 98 1 70 75 57 22 51 85 56 38 14 97 49 10 15 7 5 32 82 43 2 41 14 70 53 31 10 86 80 35 32 71 72 100 51 43 38 56 14 95 61 80 79 76 18 90 97 76 17 52 29 99 50 44 1 72 61 6 13 87 76 92 97 33 2 24 69 1 84 59 93 77 20 92 53 50 56 3 44 98 54 96 87 45 48 34 10 35 54 44 9 52 11 37 85 32 8 28 77 86 7
86 40 60 26 57 49 5 33 72 65 14 64 29 99 52 82 101 92 65 22 88 44 27 33 75 74 61 72 15 23 71 77 6 9 8 58 84 65 88 83 7 89 83 27 81 4 41 5 94 50 61 81 35 92 96 68 20 67 80 40 38 47 36 7 27 74 23 51 73 80 100 41 24 80 83 51 67 100 28 35 61 9 27 76 35 83 23 3 22 97 92 55 51 12 57 41 50 100 97 52 20 82
87 87 74 14 65 60 23 41 60 72 23 5 1 48 86 83 85 36 101 38 58 44 93 99 62 84 90 12 95 49 13 6 98 90 85 17 30 9 1 58 73 23 87 30 8 42 27 55 5 15 21 79 16 12 24 13 65 87 79 1 52 27 94 19 24 92 5 44 57 51 59 33 17 46 92 47 78 72 2 74 54 89 43 3 55 87 87 55 61 49 35 52 76 50 39 26 90 6 68 29 71 3
88 26 77 47 31 49 42 69 82 67 3 43 45 89 66 99 12 48 49 50 62 15 53 96 1 23 60 100 95 83 98 12 50 13 71 33 24 48 46 41 82 61 100 89 84 88 42 94 19 68 5 12 28 48 20 24 99 53 44 20 79 40 86 68 36 40 67 82 86 67 47 53 2 14 65 48 33 66 66 70 68 99 70 39 49 29 100 32 38 14 22 3 15 29 47 7 71 60 22 71 13 78
89 84 28 34 55 58 86 62 21 98 6 86 90 88 73 98 25 81 30 4 49 98 3 92 24 49 14 22 1 40 52 67 30 98 26 23 97 31 96 34 21 65 73 55 36 20 29 64 23 13 57 87 101 18 90 86 92 34 5 78 99 80 7 25 78 67 64 34 15 56 30 12 57 79 41 59 60 13 53 51 55 100 76 18 19 58 22 1 17 30 93 41 14 14 96 34 95 98 95 30 89 93
90 19 8 43 11 2 3 84 44 59 64 60 62 98 86 24 66 80 73 51 73 69 79 59 7 18 16 57 38 46 40 64 69 52 97 42 41 39 11 55 32 34 83 61 69 91 70 82 56 91 35 37 74 88 79 18 29 65 34 100 81 22 20 8 63 30 30 47 34 38 95 97 42 96 61 9 90 55 26 39 45 15 18 83 11 43 49 81 83 15 10 15 30 29 15 47 66 20 52 87 98 19
91 7 95 26 26 19 53 16 24 89 51 57 65 12 99 40 19 55 92 79 56 96 29 43 28 51 53 34 40 86 59 68 7 27 53 77 25 82 91 4 44 26 21 32 86 84 42 78 56 13 33 86 71 90 21 30 59 27 43 1 13 97 82 84 99 25 56 14 87 81 46 95 81 59 25 57 34 86 6 63 45 8 19 10 8 72 53 40 26 80 69 69 70 97 66 29 8 2 52 56 8 64
92 8 41 44 16 43 74 13 3 87 29 3 43 90 98 73 10 55 95 100 59 29 97 60 30 95 87 53 25 51 2 58 37 65 58 79 47 87 74 51 11 35 24 63 5 71 74 39 16 57 7 57 82 86 53 68 60 8 38 73 93 89 40 34 44 62 71 82 52 80 21 95 39 15 95 64 70 26 89 32 43 35 6 35 62 76 23 41 46 14 70 85 38 78 71 25 89 65 81 76 78 79
93 35 91 25 22 7 56 77 26 91 85 14 73 44 70 60 85 30 37 89 45 64 65 26 27 24 40 94 56 55 15 61 35 43 23 9 41 96 65 6 13 3 84 84 45 47 14 21 61 44 67 47 69 42 75 73 18 97 89 28 71 60 4 44 46 16 93 3 48 38 34 91 5 96 52 71 28 85 74 20 68 1 63 42 1 88 92 90 48 57 61 61 89 63 5 19 42 64 81 22 82 66
94 69 85 26 19 35 75 18 16 55 94 101 3 53 29 32 92 2 8 42 65 51 94 6 10 86 78 56 23 21 22 32 12 70 11 45 38 95 27 42 18 69 61 63 94 73 66 87 34 53 27 81 36 82 42 52 66 41 37 91 2 64 72 68 75 30 51 69 56 20 99 21 97 53 77 89 5 51 98 61 9 93 20 81 90 56 87 56 44 96 43 89 66 9 51 39 55 100 65 44 50 73
95 15 65 45 93 76 17 3 20 1 74 37 9 25 35 99 39 4 67 24 39 65 46 30 26 9 39 7 12 91 68 7 83 1 89 99 90 69 96 87 96 14 46 70 47 20 56 59 11 77 43 87 58 92 56 65 67 44 7 1 20 11 83 41 36 75 72 101 58 65 54 1 95 28 88 51 9 13 93 18 28 19 47 94 20 11 94 44 56 93 42 5 61 45 67 85 7 76 47 26 91 42
96 45 28 37 60 60 31 14 59 48 56 65 6 26 47 69 59 12 72 38 83 15 98 93 28 77 44 6 47 64 60 76 42 51 34 51 69 75 59 57 17 56 15 81 75 36 94 100 79 1 38 91 54 98 45 73 79 30 7 54 1 92 42 71 12 1 71 43 84 50 57 54 17 35 58 52 21 70 88 47 50 42 6 83 98 26 42 29 32 6 42 75 33 91 96 82 4 80 44 50 70 35
97 26 44 50 71 46 55 13 74 20 54 11 15 77 45 60 82 23 76 95 48 61 46 96 59 12 74 29 35 88 18 77 5 36 62 14 48 19 79 95 42 85 64 81 11 70 61 95 61 92 55 56 45 15 37 77 93 74 2 45 52 84 65 42 79 80 52 7 79 1 95 44 40 8 1 30 59 71 17 81 31 65 52 91 82 17 46 15 76 11 85 67 89 64 77 67 59 91 42 12 59 29
98 25 94 54 83 66 9 42 45 87 35 70 62 82 35 54 72 74 51 99 6 64 38 54 95 1 47 46 76 75 96 67 56 46 53 55 32 39 91 60 72 57 47 10 26 34 96 1 25 66 54 53 101 14 74 69 30 65 12 51 9 37 54 31 11 60 45 57 8 59 74 89 50 19 56 78 61 39 7 59 93 79 40 47 78 32 57 56 31 6 37 8 53 39 15 14 62 13 19 38 52 49
99 74 60 95 3 14 74 69 10 77 6 6 98 92 64 47 26 99 22 74 84 43 83 2 49 7 80 2 91 100 56 12 13 48 81 54 30 57 41 75 36 64 101 12 67 67 38 17 57 99 65 87 47 3 54 64 49 42 33 16 82 26 21 97 27 79 27 31 17 57 14 9 63 62 5 4 23 74 75 99 21 10 87 52 52 77 58 63 88 93 23 17 83 47 19 88 60 42 58 62 30 63
100 1 5 44 3 42 40 36 64 10 69 44 1 39 91 63 77 34 35 76 57 9 29 27 95 84 7 41 16 50 40 36 2 64 71 21 4 29 89 90 66 66 77 35 37 36 73 37 44 97 38 67 68 79 69 24 80 92 31 5 35 80 20 79 68 85 56 23 101 22 84 21 50 74 2 91 38 11 5 97 92 11 51 74 5 18 82 82 92 86 45 48 10 70 84 75 9 43 57 66 23 57
101 22 62 75 37 73 66 63 99 18 2 18 37 21 47 71 23 80 49 5 20 101 96 24 90 9 4 82 67 45 38 70 61 69 80 82 93 5 51 6 40 60 27 45 45 45 49 11 26 7 14 74 90 97 61 10 9 44 96 8 28 92 27 93 30 10 17 14 68 79 19 8 14 82 66 5 75 24 36 20 72 98 29 27 8 57 70 73 2 24 66 75 64 28 57 81 47 71 11 17 54 84
102 46 60 66 12 61 24 38 4 44 85 17 91 101 78 92 56 96 56 9 76 52 55 19 74 100 51 28 45 34 52 48 12 57 68 68 69 76 30 48 78 55 66 73 13 88 90 65 31 14 58 91 90 42 46 61 16 53 65 3 91 35 73 68 29 8 100 11 32 93 38 55 39 76 43 66 82 100 98 59 58 40 99 56 77 71 94 44 31 82 44 52 50 61 77 76 78 80 4 97 28 25
103 7 50 58 54 75 30 53 49 10 90 91 91 72 11 55 50 69 6 29 79 37 100 24 19 4 18 55 64 65 95 40 16 13 77 21 96 53 59 33 8 52 22 63 54 100 76 4 98 16 56 51 64 35 12 83 46 17 60 70 85 60 9 99 2 79 32 22 48 26 41 85 29 48 15 60 78 79 66 63 43 25 80 54 51 39 89 58 7 92 96 70 22 85 75 19 20 78 46 21 79 24
104 17 8 19 17 81 46 85 83 30 12 34 1 98 13 49 91 7 51 22 6 54 99 29 97 40 59 95 60 25 29 82 48 49 50 16 59 27 8 62 80 5 91 66 21 65 16 26 44 11 93 47 97 79 48 83 47 65 3 34 61 32 13 99 49 10 67 82 84 78 87 36 66 22 71 10 36 50 91 48 53 71 10 89 85 67 4 38 70 94 4 40 46 96 49 87 14 36 83 60 100 53
105 15 22 2 78 10 76 88 45 36 17 15 36 45 11 49 30 58 32 68 33 78 25 100 97 100 38 34 8 56 16 60 97 22 72 50 18 33 52 52 42 24 88 22 86 100 26 10 62 19 81 52 36 47 12 24 56 71 49 21 53 62 99 56 13 42 24 58 16 29 37 95 29 97 101 75 96 3 35 88 54 87 92 87 3 86 35 6 34 27 99 95 41 95 69 12 101 28 18 27 13 76
106 40 32 85 26 101 65 52 20 6 92 21 98 98 55 46 67 22 67 54 55 84 26 65 26 47 3 97 16 63 77 32 7 48 44 30 84 100 59 92 7 85 58 30 35 27 16 74 60 63 79 45 53 14 81 66 81 4 26 68 68 19 49 2 32 77 12 1 96 28 75 64 41 5 95 75 79 71 35 23 57 82 91 8 9 15 72 51 28 22 70 58 60 81 59 44 71 54 13 88 3 30
107 60 88 92 28 50 28 25 68 11 50 100 15 41 80 96 52 30 57 38 5 57 29 86 16 52 30 4 17 12 95 100 88 44 50 42 24 64 51 16 12 5 47 60 45 91 8 55 7 59 3 97 17 64 4 24 4 53 83 85 34 77 6 87 12 55 35 84 57 53 99 54 15 45 74 100 38 89 84 6 92 24 90 88 67 36 79 35 73 6 51 9 87 101 62 42 96 78 62 1 95 39
108 2 73 90 52 76 25 15 92 14 38 9 23 16 11 57 33 8 14 45 31 4 31 87 54 51 6 34 77 57 36 93 52 8 11 42 6 81 1 20 36 16 28 19 37 33 2 22 62 31 52 73 70 5 75 7 77 49 77 29 73 3 100 57 36 59 89 61 49 48 9 14 22 56 10 65 25 31 40 56 36 6 64 19 29 88 12 99 75 54 49 25 13 64 45 8 92 59 80 94 41 99
109 78 49 74 3 57 28 62 37 72 7 92 99 57 97 41 1 53 36 73 63 59 34 44 77 40 9 62 78 8 47 96 50 81 72 41 87 74 58 67 91 61 24 18 47 4 4 54 30 58 28 75 95 88 57 10 74 83 23 49 71 54 78 89 20 14 25 66 31 29 9 18 6 53 94 22 51 22 21 73 16 77 56 19 37 39 48 49 47 23 91 51 99 72 61 84 100 75 51 54 80 33
110 63 38 43 99 58 95 89 100 98 80 89 43 16 57 53 40 83 17 34 63 76 40 99 78 89 26 14 3 30 99 95 58 8 88 95 28 82 66 83 98 14 13 22 6 11 81 21 59 82 54 53 26 43 22 30 62 38 72 26 68 20 31 49 46 54 20 41 89 71 39 5 30 55 69 67 52 9 86 44 43 27 92 28 76 3 93 87 49 73 5 4 8 67 76 50 2 66 79 73 94 80
111 79 88 96 100 38 38 24 53 64 58 11 91 61 49 70 44 99 31 86 66 33 48 48 10 37 17 99 42 2 72 50 43 36 17 89 51 25 22 6 78 93 43 19 32 32 86 18 28 75 61 72 38 71 63 43 62 12 55 60 31 96 12 24 63 45 98 92 34 76 58 88 11 23 29 91 101 75 10 58 14 22 62 79 55 72 17 98 18 30 94 38 9 96 87 8 26 23 77 61 40 40
112 39 22 26 41 30 42 45 92 83 6 51 37 68 51 44 40 1 14 57 20 16 52 75 10 39 56 61 15 65 28 29 63 66 92 97 74 79 27 12 46 12 19 80 45 89 48 42 39 29 12 11 56 77 78 65 55 53 46 15 29 78 100 42 2 100 84 18 49 34 92 37 24 11 80 96 44 56 32 87 30 54 32 23 49 33 5 77 89 75 19 13 35 10 50 64 61 60 19 59 2 50
113 86 78 74 92 73 36 35 7 66 87 85 5 67 60 57 35 19 49 61 45 18 90 85 1 94 52 83 72 2 57 87 80 73 49 70 6 83 21 36 86 12 13 24 54 30 91 59 51 90 18 51 13 40 84 49 62 48 28 90 78 39 50 13 6 72 12 24 97 98 101 61 27 18 96 87 64 50 15 58 52 28 78 75 84 81 64 28 5 56 72 38 68 46 50 70 100 54 32 91 89 37
114 40 75 60 16 47 34 87 18 95 86 21 10 65 63 98 88 21 25 8 74 75 5 47 15 12 10 17 9 99 31 18 82 52 41 23 46 58 36 79 15 66 99 6 79 5 85 23 89 56 27 7 83 5 98 41 16 39 64 8 1 33 92 32 76 62 21 25 95 43 75 75 13 91 84 99 29 52 5 43 50 79 26 48 68 35 26 4 95 43 7 15 66 80 40 38 5 73 3 91 15 24
115 28 72 44 62 63 85 23 95 79 44 5 84 15 61 27 98 13 8 72 63 19 3 23 89 88 38 73 1 44 43 46 74 87 15 64 20 66 14 46 83 75 98 86 68 84 68 96 23 2 69 38 43 33 80 69 82 84 71 47 100 93 8 4 48 99 1 80 85 34 79 69 2 12 68 16 100 2 9 77 60 38 64 54 42 14 51 55 23 74 60 90 72 75 73 65 22 100 16 18 32 66
116 92 16 86 19 48 100 37 24 52 84 2 43 60 78 48 6 21 53 61 40 101 98 35 26 76 40 71 27 53 15 96 12 52 62 2 43 78 4 85 69 41 15 19 70 97 4 36 34 72 29 72 95 90 30 60 40 62 37 50 3 12 39 82 101 63 14 65 2 59 37 58 55 80 43 15 101 4 97 14 28 77 15 12 41 63 59 94 17 90 31 70 41 76 79 12 89 101 8 88 41 65
117 23 69 20 1 72 13 63 55 15 51 54 28 51 67 95 95 27 47 69 12 65 90 7 10 1 100 40 78 37 28 92 75 46 77 87 25 42 25 44 87 75 69 39 28 82 39 96 7 41 18 22 91 59 8 5 80 84 96 39 10 67 46 11 2 88 86 15 68 50 98 57 92 85 77 82 42 6 98 55 80 11 62 90 17 51 11 51 28 22 82 23 8 73 95 86 75 63 53 100 32 6
118 36 53 4 98 68 4 14 56 73 21 54 95 98 18 7 99 28 3 101 6 14 68 47 42 96 31 61 20 32 17 98 3 73 82 37 44 45 72 50 53 39 18 19 57 47 3 84 4 82 2 15 93 50 71 21 56 69 26 50 13 34 30 67 100 37 73 48 10 20 87 51 15 23 1 12 28 33 37 39 93 61 61 46 72 18 56 75 70 47 26 94 2 71 83 27 95 67 42 1 4 36
119 25 99 17 22 96 14 54 79 35 20 55 17 97 73 89 50 6 22 36 58 59 60 73 79 51 46 75 79 83 95 6 39 32 58 23 32 51 39 90 74 53 17 15 53 56 42 65 88 33 96 21 78 61 50 44 13 1 61 80 101 74 35 64 26 39 26 52 96 77 35 81 75 4 83 30 9 9 21 3 20 43 90 72 29 100 36 65 14 45 49 7 27 21 28 32 30 100 60 83 84 37
120 22 36 92 9 101 58 94 22 66 79 6 21 14 8 90 35 26 11 71 95 89 88 61 90 51 11 12 85 38 3 88 55 81 38 26 36 20 14 28 99 63 17 27 101 51 75 91 34 50 16 27 62 90 91 40 41 22 23 101 28 32 47 38 96 87 93 51 64 61 89 10 90 70 94 53 43 42 35 17 1 85 31 88 65 32 80 90 24 7 61 31 49 2 64 40 93 17 28 78 60 74
121 100 92 64 38 9 63 31 37 92 25 38 71 79 77 48 54 70 89 81 29 81 84 10 94 82 29 62 99 47 75 101 54 93 96 68 34 48 57 11 32 13 2 32 83 11 11 45 65 100 100 78 44 39 61 100 57 63 10 41 67 41 97 60 33 98 89 96 99 47 101 36 90 59 101 75 33 59 97 18 34 71 16 84 10 20 65 79 77 13 2 90 53 51 39 7 48 98 37 73 78 6
122 68 10 39 62 36 69 69 8 96 94 81 52 91 3 89 85 81 23 58 73 3 1 77 36 49 57 16 59 94 35 84 84 46 77 14 68 101 10 87 43 62 80 69 88 56 8 46 14 53 80 63 33 62 34 74 54 76 27 24 57 66 51 61 29 52 84 55 92 101 33 19 21 14 97 48 22 74 5 58 28 8 95 39 9 12 19 45 47 79 28 38 16 96 95 22 41 69 91 56 4 51
123 54 65 58 50 19 44 2 35 53 49 79 52 94 64 15 32 48 10 13 26 52 74 67 94 50 55 7 31 82 35 78 4 36 99 84 17 17 16 82 18 75 13 41 91 64 4 75 25 4 72 65 26 101 60 21 43 61 35 68 25 41 36 92 27 66 80 98 37 52 49 6 20 75 48 66 74 48 41 13 23 26 10 82 48 63 62 20 80 67 92 93 10 46 85 67 101 24 36 95 85 68
124 6 2 87 74 97 8 74 63 13 13 43 34 99 19 37 83 23 85 99 27 80 79 71 82 69 78 84 38 9 65 84 92 9 25 31 62 50 37 29 77 23 38 89 4 38 21 5 75 41 92 87 44 43 59 94 55 86 16 69 30 54 23 85 59 17 12 17 4 90 49 26 26 86 64 82 61 66 38 76 76 83 28 37 77 68 46 56 60 79 12 17 45 60 7 24 51 51 5 43 37 6
125 39 89 68 61 73 35 57 80 101 75 70 42 61 21 101 75 52 100 14 12 34 16 101 17 72 19 73 76 96 15 38 89 20 15 47 22 99 6 79 22 96 90 52 100 60 3 88 59 10 45 82 26 47 56 83 13 11 1 14 30 55 53 44 34 51 23 75 38 71 2 8 87 100 36 78 14 73 68 81 50 101 80 57 14 54 33 55 35 29 11 98 29 4 11 22 16 84 43 90 40 88
126 29 66 35 65 13 87 13 64 17 54 93 54 34 22 65 89 82 82 88 87 16 14 68 82 21 44 42 41 23 88 95 101 33 93 55 7 86 73 76 4 56 31 76 21 32 12 94 71 24 13 7 15 22 62 50 21 26 5 2 18 86 58 61 72 44 88 14 96 32 51 38 1 52 99 51 89 1 25 9 55 37 16 13 11 56 44 83 32 4 43 70 66 1 8 67 37 99 98 84 90 100
127 31 37 68 36 52 91 67 101 23 52 90 86 90 28 72 80 87 65 59 83 25 57 13 92 58 83 77 42 15 90 12 18 9 63 12 4 92 21 74 57 67 61 11 91 50 75 6 32 9 95 42 14 61 34 75 59 7 38 88 31 38 100 39 96 69 69 50 69 78 5 71 85 61 11 81 27 26 15 55 3 69 8 51 7 101 76 81 36 20 7 85 48 9 78 33 2 88 33 72 12 6
128 65 32 24 64 28 96 18 63 85 82 60 33 17 65 76 58 44 51 55 8 71 38 83 52 4 82 35 51 40 15 88 67 28 44 88 42 27 35 47 50 65 85 81 37 84 22 37 41 58 35 20 80 73 14 88 26 93 24 75 77 97 85 100 37 16 50 81 94 76 52 49 89 91 60 52 51 2 71 37 75 76 86 67 7 95 75 88 24 40 61 38 53 69 97 31 61 77 51 77 11 97
129 93 68 50 86 61 16 57 53 56 30 88 29 98 56 53 24 71 24 73 87 60 11 20 86 78 55 16 50 39 95 77 82 2 65 45 72 67 89 4 67 5 16 1 45 19 53 65 82 23 97 22 19 79 78 95 62 33 25 31 9 85 21 91 35 33 22 10 93 46 77 94 92 21 54 5 32 12 94 17 91 91 80 58 19 52 27 22 17 2 48 64 96 5 61 92 28 49 44 93 25 61
130 53 56 43 46 40 91 63 65 100 33 22 28 2 101 88 81 54 27 66 71 14 18 67 75 61 22 86 78 1 28 73 39 42 75 82 46 39 47 51 36 31 95 57 82 25 68 40 13 71 58 2 96 29 75 78 61 70 27 31 41 30 67 65 1 7 42 45 92 35 48 27 55 15 21 58 1 54 39 91 13 33 79 92 25 85 1 55 59 68 34 83 53 8 39 53 56 6 39 20 24 81
131 27 51 59 78 55 40 51 18 24 82 23 32 4 81 82 63 59 101 30 38 51 92 97 21 71 3 88 37 83 87 7 57 32 5 19 98 74 91 6 49 89 79 42 69 29 75 85 48 78 41 84 91 60 51 42 43 57 41 19 1 78 47 40 68 87 23 36 79 60 12 76 54 83 44 93 9 10 48 88 45 48 96 15 38 31 95 12 42 18 22 23 5 85 14 96 58 3 45 89 46 17
132 52 37 78 8 79 14 35 47 58 55 33 69 23 71 14 59 98 38 86 74 21 50 36 13 70 81 67 61 65 93 94 65 15 48 74 13 25 65 11 60 57 61 7 67 14 18 22 12 10 4 92 21 89 51 91 19 23 50 1 88 50 1 78 6 28 38 28 15 101 95 81 85 66 53 39 59 65 31 15 34 96 48 48 64 49 51 12 40 99 55 61 97 92 30 1 38 7 13 73 89 38
133 60 94 4 78 74 100 68 44 37 52 73 67 80 18 20 79 50 94 46 39 77 6 16 53 53 92 38 82 24 89 75 5 48 62 25 55 65 38 62 29 7 14 25 31 56 42 20 87 36 54 67 40 56 36 39 53 81 98 65 70 53 37 60 76 70 31 17 65 82 95 91 3 42 27 18 25 12 3 66 62 30 99 1 64 27 39 99 56 47 7 56 25 94 93 45 62 38 72 61 101 90
134 3 6 55 37 14 77 17 14 20 16 54 95 34 14 4 33 29 33 90 98 76 77 13 27 41 80 46 88 21 33 96 36 42 75 75 41 7 34 25 100 53 92 77 101 62 65 24 71 79 68 42 66 44 52 32 72 19 96 9 10 9 9 60 13 62 32 7 94 81 45 44 88 17 32 25 14 35 48 10 97 28 47 38 54 94 84 89 32 20 93 44 41 8 18 53 15 45 3 97 43 24
135 51 68 94 97 45 42 22 80 70 66 8 83 17 30 56 13 46 7 50 71 45 24 15 79 40 87 3 69 31 19 67 89 51 86 70 69 8 56 92 60 10 5 19 47 78 1 61 57 95 31 73 6 72 95 2 99 39 33 8 21 54 13 59 34 78 16 18 11 85 34 16 83 68 15 79 7 38 7 20 3 87 25 63 28 79 74 44 23 68 77 9 90 8 5 63 4 65 82 30 3 52
136 40 99 77 14 70 9 16 94 9 83 87 31 12 73 83 43 28 5 95 55 97 54 21 18 60 45 43 86 43 30 52 54 81 39 37 73 79 87 95 76 17 14 18 43 9 91 31 79 17 45 86 16 81 83 30 36 68 52 49 40 84 85 58 17 100 94 45 66 45 12 93 60 68 82 59 49 82 30 101 6 44 41 28 47 94 34 18 78 40 65 57 37 64 30 46 38 74 62 22 5 23
137 85 60 35 43 55 46 91 44 58 16 31 68 16 41 22 46 97 44 44 89 43 70 89 17 14 11 70 34 1 63 99 58 58 31 95 10 23 48 31 57 54 67 63 47 85 101 59 21 25 75 3 37 84 95 62 39 80 101 19 3 64 2 68 80 62 15 100 100 86 100 6 75 88 69 75 2 64 20 42 42 99 75 74 100 53 48 85 94 6 34 16 90 61 17 6 2 39 76 93 36 7
138 11 4 93 94 12 29 22 37 92 70 44 8 49 1 61 28 76 1 54 56 98 99 89 55 73 61 30 18 70 23 92 18 22 70 8 61 71 22 96 54 19 75 66 5 62 86 3 66 78 51 46 14 80 77 59 17 91 77 99 58 11 29 39 3 52 14 2 18 6 101 89 86 86 92 69 77 99 91 27 75 22 30 69 83 23 6 81 30 85 64 66 15 70 91 88 101 85 32 10 40 56
139 16 34 53 99 90 85 10 21 33 20 1 85 28 13 24 77 25 81 63 7 66 37 64 5 66 80 55 48 79 44 26 42 30 8 66 17 46 22 96 53 8 83 88 96 6 87 87 1 12 4 9 3 58 37 1 92 70 72 36 13 54 40 26 30 28 93 50 12 65 65 88 52 33 1 78 60 50 60 40 80 88 20 64 8 95 101 91 12 18 26 3 12 97 2 81 75 22 77 57 23 22
140 22 73 81 50 88 78 90 1 32 94 37 9 64 80 9 32 16 14 51 52 49 63 81 11 40 38 42 53 84 82 60 18 58 13 84 40 47 37 95 75 6 26 72 88 89 6 31 62 12 27 70 88 89 81 98 33 41 30 55 77 62 97 32 16 14 71 36 81 5 77 15 33 71 21 28 95 98 26 35 38 28 82 39 2 53 62 87 11 54 100 68 15 95 22 95 25 99 58 51 77 91
141 3 51 90 43 96 57 21 6 70 25 33 14 11 14 2 10 91 58 62 7 82 2 66 82 9 56 72 17 33 74 68 75 36 47 5 49 34 20 38 4 64 49 15 51 35 21 8 1 70 4 66 20 33 48 92 98 75 31 12 87 95 61 93 53 96 70 28 84 95 50 77 70 70 96 47 22 4 90 82 32 101 50 74 58 66 39 34 97 10 87 43 9 99 5 13 33 27 37 37 34 87
142 8 16 62 24 71 95 94 38 70 20 74 58 4 43 97 20 96 55 75 36 65 95 56 1 37 89 81 71 56 81 82 4 42 34 33 90 43 50 66 94 5 90 93 89 45 54 77 37 88 88 61 92 92 19 71 53 14 91 86 82 98 21 77 40 91 20 30 60 76 84 44 85 15 35 48 25 60 23 74 31 30 13 74 28 21 54 99 16 20 8 76 74 90 68 20 68 83 82 30 1 68
143 41 19 93 5 16 17 72 23 88 81 88 96 87 21 43 29 85 88 2 95 75 58 12 30 42 53 23 70 20 41 49 82 94 41 91 9 29 89 36 99 19 22 58 96 55 14 86 10 57 7 13 25 65 26 28 27 81 67 20 39 101 32 21 26 21 52 49 37 40 9 44 100 47 17 39 66 4 14 25 29 15 60 50 46 35 27 78 28 70 4 96 67 68 74 79 68 8 77 80 16 10
144 37 65 83 8 79 49 34 92 19 57 82 44 36 39 93 81 90 7 44 46 74 6 42 49 61 63 23 40 36 52 21 82 75 58 6 22 42 63 47 74 24 63 32 20 39 20 55 9 85 85 76 15 42 96 93 1 12 62 80 26 20 80 2 65 10 59 100 92 93 33 30 28 39 49 29 78 45 76 23 31 77 14 101 16 95 43 6 69 81 23 81 91 17 42 97 20 35 71 41 56 84
145 28 70 6 29 28 32 44 97 68 40 18 100 65 22 45 54 95 47 98 25 99 61 58 65 35 83 24 39 64 41 79 13 16 4 5 7 37 96 38 67 94 35 88 92 27 83 70 88 75 22 96 19 17 32 70 10 44 59 77 81 23 61 59 10 18 36 97 75 25 56 45 2 35 26 92 74 47 3 48 72 87 15 44 41 62 40 31 84 3 85 84 59 59 77 22 10 26 64 43 14 87
146 61 10 2 67 27 36 6 75 69 1 38 75 42 42 81 20 62 14 101 40 87 85 12 17 5 1 84 15 86 97 18 61 90 23 52 25 80 95 5 62 67 2 98 92 22 93 7 53 32 15 78 67 40 13 28 23 75 26 17 64 65 12 76 79 42 87 4 81 99 23 2 47 71 34 86 90 9 4 60 95 28 32 23 69 72 43 21 52 37 37 41 29 60 41 47 86 24 82 39 100 9
147 30 45 66 16 17 92 51 8 41 17 83 38 9 36 82 58 19 90 91 17 74 33 52 95 47 30 42 71 64 41 47 97 88 30 65 53 9 25 32 39 26 18 23 43 96 20 69 55 78 5 25 80 71 84 9 57 65 92 69 49 34 80 49 35 36 68 7 76 1 56 38 66 74 87 94 67 93 34 41 65 14 8 60 80 64 35 80 33 64 37 13 78 25 82 17 97 36 84 27 69 14
148 92 11 33 97 6 13 34 97 67 37 21 16 95 59 93 48 66 80 17 101 69 12 48 65 36 31 83 58 81 52 99 33 29 52 62 13 67 55 86 20 68 24 30 56 60 11 68 80 29 41 69 7 47 80 65 73 17 73 8 28 76 1 8 29 19 32 77 32 18 21 32 13 6 53 12 22 101 47 9 2 71 46 64 30 44 48 62 72 68 41 100 9 55 74 28 50 56 74 53 29 73
149 68 57 31 2 98 68 31 59 27 66 66 99 55 15 60 60 41 99 66 42 75 60 43 73 50 80 2 93 56 39 85 25 83 97 66 15 79 11 23 64 45 64 55 77 55 82 36 56 59 87 22 38 15 19 83 10 92 85 44 54 98 67 99 46 96 44 24 3 21 88 1 89 59 30 14 14 98 36 55 72 70 97 94 63 14 72 15 88 22 78 39 59 51 41 23 88 85 46 61 54 36
150 68 74 22 39 61 43 27 99 23 4 5 5 76 37 42 34 86 35 77 85 84 49 52 12 62 87 89 17 29 94 90 82 12 70 51 2 22 3 8 30 69 50 26 56 44 69 42 94 44 28 96 20 8 64 51 11 16 8 85 84 9 80 32 12 26 9 81 93 36 32 42 78 101 35 83 39 12 89 1 45 18 6 40 72 1 23 53 52 76 83 5 24 18 17 49 8 65 23 67 11 61
151 59 7 37 61 28 13 46 56 85 43 6 98 38 65 13 47 17 49 76 25 78 97 44 50 91 21 33 95 89 18 37 87 47 77 53 25 78 23 89 1 30 39 62 45 75 37 82 74 12 96 6 31 69 46 49 20 89 4 95 10 11 85 14 39 52 73 41 31 73 28 9 44 70 9 46 69 7 3 21 32 29 42 10 26 9 22 6 42 39 55 3 89 53 3 88 72 40 12 87 63 68
152 22 3 37 97 56 101 26 17 100 91 23 100 4 90 87 45 97 83 44 10 86 75 79 66 96 55 21 101 44 97 42 74 15 75 86 4 18 19 91 81 86 83 76 48 93 95 91 80 89 14 63 23 69 58 10 87 57 78 27 72 33 20 89 15 19 85 31 63 39 79 21 69 101 7 26 74 33 65 15 92 94 32 43 24 101 23 70 59 46 72 77 60 32 1 87 46 63 8 82 51 13
153 99 23 59 47 11 10 9 83 11 57 10 74 101 5 91 57 84 56 2 59 41 54 26 82 53 13 18 71 95 23 29 41 40 79 17 27 18 99 65 60 35 74 68 77 46 34 44 75 8 83 27 19 36 31 17 9 32 56 96 73 4 98 66 15 65 76 13 68 39 70 100 25 4 53 85 28 51 78 7 75 24 16 72 54 13 17 84 35 63 13 63 93 56 63 43 61 71 83 96 11 52
154 91 84 73 45 99 66 16 32 36 27 56 3 8 8 13 82 6 96 25 52 30 87 74 21 2 50 3 62 62 77 100 41 54 100 25 88 58 92 40 49 100 98 2 10 56 21 46 20 26 78 10 71 29 90 40 14 18 18 49 46 61 35 45 79 93 50 47 39 75 44 36 68 19 11 1 3 62 61 9 42 82 20 57 57 97 51 87 84 95 89 69 44 28 70 33 37 22 97 79 32 83
155 37 87 13 13 34 88 68 5 56 67 25 32 77 2 97 12 80 34 47 98 61 98 38 53 84 49 19 48 63 34 42 64 32 20 71 67 28 26 75 73 71 61 79 46 68 29 11 45 10 43 20 13 79 47 61 40 73 48 62 66 56 70 81 40 40 6 93 77 15 13 79 48 54 82 70 2 78 45 36 33 99 3 36 39 15 83 6 16 73 93 16 47 92 38 83 36 78 22 96 20 81
156 31 42 5 20 35 37 93 55 94 13 22 97 15 87 84 4 92 11 37 20 90 40 29 17 27 41 46 47 69 57 98 21 23 15 93 52 33 51 12 83 74 62 19 13 57 39 5 61 88 86 47 40 56 89 82 42 79 95 62 74 21 43 72 100 44 62 26 32 26 15 28 42 68 24 86 27 37 9 62 49 84 65 38 21 5 59 26 82 37 24 51 39 10 28 70 51 88 87 63 52 78
157 31 18 18 50 15 58 74 31 57 27 4 88 28 12 76 54 50 10 16 18 30 72 63 53 57 32 33 52 63 23 63 17 62 75 81 93 34 69 89 37 76 22 30 38 38 27 91 6 16 23 99 17 2 55 91 20 51 18 79 2 64 80 77 20 57 39 24 61 15 36 85 15 43 50 1 47 46 48 23 26 23 20 45 94 23 26 5 98 63 21 7 4 60 55 45 83 93 67 26 4 9
158 35 83 31 26 62 17 73 93 100 1 24 45 76 48 87 42 85 91 46 56 24 81 68 71 25 39 55 20 95 14 85 21 59 58 99 82 36 16 63 5 75 49 62 78 17 16 71 65 32 13 25 37 70 97 24 33 77 30 85 61 93 73 95 11 50 22 1 29 80 17 81 25 40 67 51 18 85 32 94 52 98 10 36 89 29 99 32 88 12 31 18 76 14 96 53 85 21 87 43 48 31
159 31 91 56 91 62 14 40 62 72 80 30 79 90 27 4 7 40 26 7 97 101 52 19 41 42 23 87 51 64 19 51 19 5 72 101 34 34 78 54 82 45 63 63 66 97 22 20 30 48 49 64 60 18 2 89 69 74 93 64 101 71 67 41 84 1 88 69 3 89 32 29 24 5 22 100 86 54 39 56 48 91 42 99 93 19 9 8 4 25 57 31 25 37 54 93 63 54 88 91 89 9
160 17 16 79 88 57 18 92 40 16 62 67 37 99 58 90 50 11 99 87 5 85 15 63 91 60 5 16 66 88 100 97 98 39 3 85 1 99 32 17 46 59 41 76 74 25 95 36 5 11 26 18 47 91 16 99 11 55 84 17 101 53 97 83 90 77 27 54 25 41 50 57 96 69 54 18 72 76 71 24 69 46 2 35 60 4 20 35 101 61 26 50 11 68 67 15 37 46 37 90 60 7
161 71 42 38 79 15 35 81 76 82 12 86 81 86 35 94 94 6 84 39 29 34 89 98 82 35 53 62 63 83 91 35 2 46 69 64 23 53 14 75 90 69 38 41 35 44 9 7 25 93 30 56 18 1 16 34 42 78 99 85 97 67 95 47 15 36 8 30 51 43 54 79 6 25 70 100 21 29 17 100 91 93 6 40 26 26 101 82 27 57 66 65 16 34 67 85 12 69 91 47 77 9
162 76 48 46 79 15 96 65 75 33 80 65 2 26 47 72 47 94 18 8 92 95 18 25 95 66 84 12 24 72 31 38 19 25 56 90 15 37 15 71 46 76 5 21 76 13 35 46 92 66 79 73 49 45 85 39 14 88 46 74 90 93 62 72 33 88 96 97 20 55 47 37 49 51 101 40 28 35 89 83 53 71 65 95 51 34 61 100 26 89 96 71 16 96 42 5 87 61 31 29 53 99
163 85 22 56 25 69 13 18 52 83 49 12 40 98 93 22 88 14 77 1 75 35 22 70 74 4 80 52 53 78 7 44 2 4 23 30 27 49 99 5 98 89 44 87 50 56 41 51 20 38 27 43 65 34 70 54 63 84 6 78 87 20 91 11 14 57 46 34 26 55 27 95 46 84 80 13 44 63 77 6 13 53 96 28 2 99 101 15 15 59 41 4 26 74 80 43 50 65 85 23 47 91
164 22 91 42 34 13 91 41 98 74 60 19 27 80 75 53 76 91 28 66 9 83 62 65 45 100 36 34 69 51 16 101 45 95 66 58 36 23 34 90 33 2 61 56 17 11 77 74 72 91 50 39 57 19 51 30 97 60 30 47 31 65 32 95 12 16 28 38 61 86 13 7 48 6 20 75 98 53 60 14 50 34 22 62 38 31 80 37 21 67 56 63 67 57 76 79 75 43 23 43 14 39
165 1 73 32 7 86 68 10 100 52 10 1 67 81 2 98 38 8 57 6 18 29 46 87 14 55 1 13 14 78 49 34 100 45 64 11 15 47 45 16 24 7 17 71 37 17 100 93 50 28 27 38 60 10 1 91 88 41 93 60 9 62 59 20 16 23 82 66 87 25 69 10 19 85 86 37 21 73 68 29 48 5 59 76 59 12 29 23 58 68 39 81 56 37 93 23 89 36 51 67 79 83
166 2 11 29 97 76 32 31 26 60 8 11 85 11 75 9 40 14 16 51 37 22 44 86 34 62 82 67 31 77 5 47 52 46 71 88 28 74 48 69 89 13 13 22 39 43 14 55 20 32 44 5 15 30 83 95 20 77 38 55 49 86 55 9 88 79 3 37 50 52 73 57 28 12 2 21 11 63 70 96 80 42 36 101 40 100 48 1 61 31 75 12 52 91 73 83 72 13 67 16 29 54
167 72 52 33 85 12 57 62 96 78 72 21 87 82 13 46 89 8 12 68 54 96 25 16 100 92 85 91 8 8 40 23 18 90 17 81 19 92 28 99 71 90 28 48 68 70 55 32 32 77 34 99 72 47 18 48 3 64 78 3 55 86 99 54 4 78 91 22 46 52 96 34 83 26 44 80 88 30 26 42 101 1 57 51 48 99 62 39 12 93 100 62 52 3 58 37 2 37 6 58 52 78
168 33 66 62 5 25 22 28 95 24 88 63 16 90 53 42 89 23 26 51 45 13 22 86 63 33 38 83 78 49 101 44 14 56 95 38 60 73 6 35 98 44 28 16 54 81 95 6 94 100 35 55 64 27 44 94 29 12 31 67 9 75 80 25 15 27 84 5 40 38 97 62 47 91 79 43 85 62 43 41 73 47 35 81 52 47 10 29 25 18 19 9 59 64 71 65 70 20 7 56 70 101
169 5 16 34 15 19 32 75 16 72 11 13 25 19 60 99 53 60 50 17 91 66 10 50 78 64 5 48 13 76 68 101 44 9 25 50 5 78 57 26 84 82 46 49 31 61 27 83 68 96 67 72 36 88 33 8 99 2 88 36 21 52 32 87 58 60 8 94 35 96 79 8 60 10 29 3 35 65 9 84 28 45 35 71 14 3 84 68 97 43 89 32 42 100 46 58 56 27 98 86 42 60
170 56 60 69 50 29 67 27 22 77 13 25 74 101 26 45 31 86 56 94 100 88 81 15 15 61 32 67 23 17 43 36 80 92 30 94 20 36 60 55 14 91 41 72 58 48 59 28 19 55 90 50 12 87 97 63 90 19 54 41 7 45 98 70 14 78 13 1 11 82 17 51 94 23 46 12 91 21 94 6 19 50 57 3 97 77 92 70 38 32 99 87 12 60 39 96 71 69 89 27 31 43
171 6 91 28 70 2 11 85 96 30 70 53 17 25 39 44 79 82 68 75 69 46 91 100 6 99 40 49 66 40 58 40 14 21 66 75 52 69 96 25 18 72 39 98 73 40 96 85 25 80 16 59 43 86 16 59 90 81 57 18 48 52 33 73 44 85 28 4 37 67 1 63 38 5 45 58 52 31 48 28 63 56 94 48 32 101 77 53 95 38 13 51 51 41 46 88 7 21 2 71 24 1
172 89 95 60 54 50 31 11 19 50 82 16 1 91 11 82 64 65 45 52 87 62 2 36 36 90 38 63 31 28 8 45 34 36 40 98 79 58 8 17 71 18 57 58 20 23 58 37 40 27 40 16 30 14 70 15 88 94 37 70 67 40 5 96 18 19 33 12 12 50 68 78 83 52 30 25 72 4 32 51 32 88 68 13 47 26 94 41 38 53 1 66 36 80 13 64 7 81 15 7 8 41
173 6 35 52 68 60 18 52 64 30 98 88 47 69 48 46 41 47 91 51 21 95 29 45 53 6 53 88 3 82 48 84 46 93 9 77 98 48 43 47 40 96 38 60 67 93 22 7 5 54 5 86 97 82 43 83 79 84 43 97 90 81 83 96 93 24 17 5 30 67 49 43 38 97 92 66 28 35 45 98 60 59 3 89 24 101 54 1 30 68 96 57 34 47 72 90 64 37 78 16 41 86
174 89 41 61 69 79 22 65 54 13 100 79 62 14 66 47 12 12 50 22 7 41 13 86 27 11 31 64 76 73 21 70 29 29 92 55 92 53 69 86 55 63 66 11 13 71 81 36 89 50 34 14 24 91 51 13 66 86 15 38 31 20 26 9 71 70 34 41 43 17 78 32 47 79 9 56 72 48 20 3 57 93 59 90 80 45 99 37 53 56 5 68 44 12 98 50 48 14 14 97 26 33
175 66 46 20 59 51 34 16 7 85 24 33 6 8 57 99 16 88 44 56 31 17 43 55 4 4 64 16 100 74 46 33 92 7 74 76 6 34 6 76 20 74 95 89 26 98 13 99 2 1 30 62 87 78 68 62 2 59 67 66 19 62 74 77 88 58 87 63 65 61 18 42 45 33 47 93 78 60 91 62 42 44 28 72 5 9 97 15 48 66 31 1 74 25 1 70 60 72 64 64 5 94
176 26 49 34 84 83 50 88 59 33 12 21 27 54 43 34 42 39 36 47 81 64 15 91 15 48 73 12 9 68 10 30 9 94 32 76 84 37 60 15 4 90 95 9 77 2 68 93 61 95 40 29 10 98 44 61 75 45 20 39 37 26 70 98 28 82 6 65 75 47 57 100 56 79 10 22 88 94 25 84 48 90 68 4 23 77 95 68 5 37 101 101 15 92 19 58 73 2 5 86 70 25
177 98 98 4 43 67 18 7 66 25 19 26 98 74 49 83 23 11 29 73 31 27 25 73 100 22 61 15 7 52 96 73 21 81 2 69 22 100 41 36 100 24 60 13 90 28 76 70 91 83 21 8 31 16 58 67 43 65 39 97 21 59 61 97 82 21 24 46 11 43 91 43 65 93 42 94 54 33 98 50 13 24 7 9 55 11 38 53 49 12 29 23 11 86 10 26 12 28 63 92 53 65
178 67 39 63 72 70 89 89 97 100 13 27 99 50 80 62 66 25 101 16 49 19 33 12 38 25 96 20 71 22 98 67 92 37 84 2 77 85 15 24 71 55 88 55 82 26 27 65 37 60 11 16 54 90 44 71 20 43 82 34 63 90 81 89 95 46 90 27 52 50 24 49 89 44 74 20 11 74 40 27 53 42 50 93 23 51 1 46 54 32 99 94 91 67 42 53 89 71 83 22 2 60
179 26 94 69 93 65 72 57 14 31 82 31 51 26 90 10 55 36 62 36 100 72 53 78 75 61 38 42 17 27 80 84 17 81 40 100 61 91 33 13 48 3 70 72 81 54 42 37 51 70 25 90 16 25 73 69 40 39 37 2 79 8 54 64 2 59 11 16 31 23 21 23 77 53 29 10 19 61 80 24 4 41 21 82 43 72 76 69 93 57 45 23 57 94 40 53 79 13 88 90 3 55
180 81 27 33 9 17 33 92 49 77 41 68 72 95 72 89 97 87 74 59 97 58 78 69 97 53 66 4 65 54 57 23 8 18 59 77 19 69 38 90 55 91 49 3 90 8 15 100 78 84 38 15 27 46 91 88 46 1 35 36 32 8 16 87 98 71 54 10 33 72 75 96 49 21 58 20 60 74 12 69 16 45 1 1 7 77 84 29 20 79 1 23 71 23 46 39 50 48 34 4 85 20
181 70 88 57 93 84 94 38 99 59 80 89 74 60 79 68 17 39 81 77 29 35 2 61 79 48 32 50 33 50 91 28 44 81 18 101 87 70 64 98 79 37 6 2 26 63 23 60 39 56 30 58 85 50 98 71 32 32 58 4 51 25 86 93 96 34 57 63 21 59 47 40 77 63 31 12 10 84 3 89 43 87 72 31 38 85 69 45 12 10 54 92 48 10 94 6 84 93 26 96 88 23
182 59 58 33 88 34 43 45 69 99 84 39 101 62 83 9 17 49 50 51 71 64 91 47 98 92 72 101 70 62 41 4 75 20 19 87 49 69 20 13 21 97 2 19 34 83 62 15 46 69 68 20 29 70 77 47 66 96 68 51 41 95 21 70 93 38 86 92 48 4 100 42 86 45 40 40 85 19 85 99 26 26 86 93 93 74 94 51 28 28 74 25 77 18 43 56 28 97 44 99 72 41
183 35 70 44 67 67 33 10 84 26 45 98 21 38 94 100 16 29 83 59 84 3 11 64 88 56 61 71 48 70 19 39 26 46 15 8 46 52 17 7 35 46 58 3 30 8 68 57 89 87 85 82 29 91 17 52 28 96 100 59 62 75 2 65 59 17 71 81 21 43 19 69 64 18 23 84 43 27 16 19 2 89 95 94 51 13 89 101 3 55 1 6 43 47 40 97 16 24 54 45 21 53
184 80 61 5 81 7 29 77 87 74 29 56 61 59 97 4 96 19 60 46 15 62 29 46 93 34 65 72 16 5 12 71 47 101 34 61 8 100 45 81 64 39 62 29 51 96 46 53 85 24 53 56 87 68 69 93 42 88 53 42 6 46 7 59 33 5 77 97 50 19 88 73 79 2 1 10 26 76 25 37 12 79 44 64 32 11 76 96 2 85 15 16 19 10 40 56 10 61 38 17 98 33
185 53 72 45 97 16 65 23 21 39 78 53 92 3 36 13 23 59 83 65 21 33 98 4 51 45 100 6 20 100 44 58 10 44 5 4 18 8 64 53 92 69 76 72 64 83 36 53 91 72 13 58 43 71 18 4 83 65 8 30 45 35 1 59 29 12 31 35 57 5 29 68 50 54 79 15 90 27 80 47 28 7 34 7 69 21 86 98 60 78 43 11 95 36 57 83 88 85 79 82 45 23
186 84 33 36 30 55 36 34 68 52 26 81 10 82 22 7 36 12 2 67 23 22 8 71 31 97 58 60 23 41 68 82 21 57 63 87 3 50 63 7 27 29 45 45 64 96 39 44 52 27 92 39 91 78 32 98 7 33 16 91 4 75 64 52 65 17 66 67 62 82 42 8 24 4 87 60 44 45 12 74 47 42 16 63 66 44 63 21 5 77 50 77 7 49 82 27 90 8 5 88 40 96
187 19 60 75 8 72 33 41 39 83 13 41 16 38 63 17 21 38 50 22 96 8 97 16 45 80 64 52 40 6 98 65 33 61 66 67 76 20 82 50 99 97 6 34 98 53 85 97 76 86 85 73 75 4 88 50 46 36 4 98 63 93 12 21 53 68 6 100 35 21 80 101 64 99 5 82 64 28 43 76 101 31 17 64 9 79 100 79 64 31 101 22 17 72 83 46 52 31 23 99 32 22
188 38 68 26 43 66 74 21 3 77 11 34 86 95 41 18 49 27 52 48 60 29 65 6 91 42 75 33 22 20 82 3 24 100 97 58 38 72 44 24 50 69 85 97 83 35 80 31 89 11 15 35 82 44 59 86 12 89 51 45 87 32 8 8 42 19 31 84 6 83 34 58 15 29 40 95 73 62 97 91 29 101 74 56 15 2 49 41 41 8 8 94 50 4 81 21 7 30 93 82 38 42
189 9 84 38 98 73 18 60 22 65 63 94 19 2 84 95 42 24 24 38 50 84 37 9 6 89 30 31 28 64 61 77 48 21 96 63 28 22 64 72 19 33 97 74 18 79 71 9 85 92 99 60 18 66 22 34 97 24 41 76 6 28 65 95 21 87 29 50 47 3 52 57 14 79 66 62 1 12 31 93 13 32 16 55 50 3 31 30 60 30 15 55 20 58 7 40 56 57 26 21 101 4
190 32 7 19 28 80 12 13 75 12 70 75 72 98 93 39 40 18 9 63 7 82 38 16 35 48 15 99 5 80 12 52 48 49 71 56 83 87 7 8 38 63 47 76 19 8 9 38 37 72 88 21 44 90 87 28 27 55 85 36 64 68 7 31 42 42 10 8 97 49 4 39 54 59 59 7 57 44 21 29 42 8 5 90 80 21 13 66 86 25 41 26 44 82 12 34 40 66 81 26 23 66
191 55 19 26 50 96 79 45 44 86 37 57 3 69 27 61 69 26 97 46 79 78 36 26 47 57 41 98 68 24 83 68 55 61 54 48 93 79 34 12 52 4 22 86 57 70 98 10 27 76 92 90 10 31 6 76 23 89 48 27 66 22 85 95 83 5 88 60 16 97 83 98 65 86 16 73 96 41 69 18 31 72 93 56 88 50 31 24 79 37 10 72 8 8 66 24 97 77 83 30 36 28
192 71 36 78 11 76 64 93 71 34 22 47 68 50 95 69 23 77 91 93 78 25 7 9 8 27 3 72 11 77 7 11 16 39 55 24 97 69 85 1 80 11 21 78 73 58 6 56 91 94 51 33 11 37 92 31 78 22 12 27 84 7 20 58 47 58 84 11 50 25 56 29 9 67 75 43 81 85 50 30 48 30 13 27 42 75 51 83 22 62 55 63 79 10 37 64 5 30 5 76 90 47
193 16 16 56 52 45 90 11 31 27 8 13 37 10 100 35 78 15 59 97 15 50 14 4 88 35 25 7 79 95 14 90 85 16 56 88 62 86 47 80 58 70 6 12 20 96 43 35 77 51 19 53 92 59 19 53 13 96 53 90 22 100 59 84 64 67 55 15 7 73 64 69 59 86 37 53 90 7 12 45 84 95 77 94 70 95 89 99 64 23 33 70 42 40 79 86 82 62 28 87 67 44
194 28 60 42 29 52 94 18 38 48 72 48 41 19 25 77 67 24 97 61 91 27 41 101 35 9 86 91 101 67 81 45 94 27 82 19 79 99 17 21 39 33 68 35 94 71 47 26 51 77 60 84 11 101 92 51 18 56 40 37 51 91 72 95 99 23 56 87 37 60 66 97 62 63 11 42 92 34 63 55 59 50 44 45 82 56 37 30 98 100 42 4 71 83 8 97 63 32 90 32 7 15
195 26 94 38 61 63 28 53 50 48 98 93 14 64 7 83 59 97 59 78 46 76 20 56 94 11 5 34 19 16 44 14 58 56 79 82 53 84 42 96 40 32 67 30 92 93 84 73 31 3 65 13 62 18 20 72 76 13 29 11 97 90 53 45 90 17 57 31 99 96 63 95 45 99 71 88 96 7 60 57 57 61 69 62 53 74 35 19 12 26 58 42 35 63 37 96 45 13 99 97 32 96
196 51 12 76 87 89 77 58 74 58 1 28 13 40 36 65 8 5 9 12 12 30 8 42 88 25 75 55 95 40 18 25 63 79 17 92 76 73 19 84 73 77 17 12 96 60 23 23 20 100 68 52 9 12 89 29 70 71 12 65 55 89 55 18 10 56 61 80 9 41 84 95 46 78 46 71 65 74 92 13 55 86 21 99 79 35 56 29 11 27 69 43 82 70 71 94 91 76 79 64 94 5
197 90 54 28 14 60 13 30 51 98 26 65 14 64 26 55 31 16 4 54 38 2 18 30 99 57 20 15 7 5 36 63 16 101 8 10 46 6 84 25 36 31 37 12 54 91 31 95 88 75 54 10 54 7 42 19 51 86 84 97 83 71 37 11 23 72 38 93 44 76 47 11 62 34 73 70 19 80 1 59 93 25 72 45 8 56 42 55 99 21 17 43 14 75 45 90 51 52 52 34 26 100
198 20 7 82 55 87 28 49 17 73 10 47 8 3 21 58 72 72 91 98 74 35 6 36 84 3 65 60 98 2 89 63 91 65 49 86 67 50 29 84 20 83 83 8 6 1 95 17 11 48 59 35 91 41 66 101 62 8 54 7 46 50 2 36 83 6 51 79 79 4 52 18 53 47 34 65 95 38 101 42 24 100 19 47 22 96 31 69 31 13 95 93 57 7 99 66 24 85 28 45 99 45
199 78 51 33 19 100 64 72 77 60 16 53 43 10 50 40 36 86 33 50 98 36 101 88 15 85 79 22 92 44 71 98 73 10 16 31 100 59 87 13 101 40 98 41 45 5 76 19 75 88 48 74 96 45 95 9 86 38 37 50 30 19 43 28 75 32 6 43 30 66 40 53 63 32 64 54 38 72 94 44 9 83 88 39 63 13 95 18 30 19 16 18 81 30 8 76 93 1 20 45 13 15
200 56 41 32 48 27 81 60 69 76 28 88 53 42 63 22 96 37 28 33 34 75 29 47 100 13 21 74 23 91 55 82 1 66 14 59 47 29 73 5 50 26 25 86 94 27 82 17 85 42 40 29 97 47 30 30 66 41 50 44 89 7 54 53 35 39 65 101 39 26 22 55 34 79 92 68 44 4 66 8 13 56 85 34 96 17 15 77 95 77 97 92 67 39 53 63 40 48 19 99 11 42
