50
4 45
2 140
1 51
2 55
4 45
3 19
1 59
5 95
3 43
4 58
3 80
4 154
5 15
5 99
1 65
5 82
8 87
10 97
8 106
6 122
9 120
8 150
6 68
10 123
8 60
8 98
7 128
6 106
7 12
8 26
8 77
8 47
7 22
15 117
19 11
17 0
12 70
15 120
11 32
17 81
18 57
19 61
17 157
18 143
13 94
16 113
18 160
14 138
14 60
14 9
1 2 3 1 3 2 3 2 2 2 3 2 3 1 2 3 2 5 5 4 5 5 4 6 4 6 5 6 6 4 6 4 6 4 9 8 9 10 9 8 7 8 9 7 9 10 8 8 9 9
1 2 3 2 3 2 3 2 3 3 3 3 1 2 1 3 2 3 4 5 6 6 6 4 6 6 6 6 6 4 4 6 6 5 6 7 7 9 7 8 9 9 9 7 8 7 9 9 10 9
2 2 2 2 1 3 2 2 2 2 1 2 1 2 1 3 3 2 3 4 4 4 6 4 6 5 4 5 6 4 5 5 4 4 4 6 10 10 9 10 8 10 9 10 9 8 9 9 8 7
2 1 1 1 2 2 2 3 1 3 2 1 2 3 2 3 2 3 2 3 4 6 4 4 5 6 6 6 4 6 6 4 4 6 4 4 4 7 9 7 9 9 9 8 9 9 10 10 8 9
1 3 2 3 3 1 1 2 3 2 1 1 2 1 1 3 1 1 3 3 1 5 4 5 6 5 6 4 4 5 5 4 6 6 5 5 4 4 9 8 7 9 10 7 10 7 9 10 9 9
2 3 1 3 3 1 1 1 3 3 3 1 2 3 2 3 3 2 3 1 3 1 6 6 5 5 5 5 6 6 5 5 6 6 5 6 6 6 5 9 7 9 7 7 7 7 8 8 9 8
3 2 3 3 1 1 1 2 3 1 2 3 2 1 1 2 3 1 1 1 3 1 2 4 5 4 6 4 4 4 4 6 4 4 5 6 5 4 4 6 9 10 8 8 9 7 10 8 9 10
3 1 1 2 1 2 2 3 3 2 1 2 1 3 3 3 2 3 3 2 2 3 1 3 4 4 4 6 6 4 4 4 4 4 4 5 6 6 5 4 6 9 7 7 7 8 10 9 10 10
2 1 1 1 3 1 2 2 3 1 1 3 3 1 1 1 3 1 1 1 3 2 2 1 2 5 6 6 6 5 4 4 5 4 5 5 5 4 6 5 5 6 9 10 7 10 9 7 7 8
3 1 2 2 1 1 2 3 1 1 2 3 3 1 1 2 2 2 3 2 3 3 2 3 3 2 6 4 5 6 6 4 5 4 5 4 6 6 4 6 6 6 6 10 7 10 7 7 9 9
2 2 1 3 1 1 2 3 1 3 2 1 3 3 2 2 1 3 3 2 2 2 1 3 2 3 1 5 4 5 5 6 5 6 4 4 5 6 5 6 4 5 5 4 10 10 9 10 10 9
2 3 3 3 3 2 3 1 3 3 1 2 2 1 1 3 1 2 1 1 3 2 3 3 1 3 1 2 6 5 5 6 4 4 4 6 5 5 6 6 6 6 6 6 6 7 10 10 7 8
2 2 3 2 1 3 1 2 3 2 3 1 2 1 1 2 2 3 3 3 2 2 2 3 1 1 1 3 1 4 4 5 6 4 6 6 4 4 6 4 6 6 4 4 4 5 7 7 9 8
2 2 3 2 2 2 1 1 2 3 3 1 3 2 2 1 3 1 1 2 2 2 1 3 3 2 2 3 1 2 5 5 6 5 4 5 5 6 6 6 5 4 5 5 5 5 4 7 8 8
3 3 2 2 2 2 3 1 1 1 3 3 3 2 3 1 1 2 3 2 2 2 3 3 2 1 3 2 2 2 3 4 4 6 5 4 6 5 5 6 5 5 4 5 5 4 4 5 10 8
2 3 1 3 2 1 2 2 2 2 3 3 3 2 1 3 3 1 1 3 1 2 1 1 1 3 3 2 2 1 2 2 5 6 6 6 4 4 4 6 4 5 4 5 6 6 6 6 5 9
3 3 3 3 3 2 1 3 2 3 2 1 3 2 1 2 2 3 1 2 1 2 1 3 1 1 2 3 1 3 2 2 2 5 5 6 6 5 5 4 6 6 6 5 6 6 4 4 4 5
5 1 1 3 2 2 1 1 3 2 3 1 3 1 1 3 1 3 1 2 3 1 2 1 1 2 1 3 2 3 3 2 1 1 5 4 6 4 6 5 6 5 6 6 5 4 6 6 6 4
4 4 2 2 2 2 1 2 3 3 3 3 2 3 3 2 1 3 3 3 1 2 3 3 2 1 2 3 2 3 1 1 3 3 2 5 6 5 4 6 5 4 4 5 6 5 6 5 4 6
6 4 4 1 1 1 1 1 1 1 2 2 1 2 1 3 2 3 2 3 1 1 1 2 1 2 2 3 1 3 3 3 3 1 1 3 4 5 6 5 4 5 6 5 5 4 5 6 4 6
4 6 5 5 3 2 2 3 2 2 1 2 2 3 3 3 1 1 2 1 1 3 1 1 2 1 3 1 1 2 1 2 3 1 3 1 3 6 5 5 4 4 4 5 6 5 6 4 6 4
4 6 4 6 5 2 2 1 1 1 3 3 2 1 1 1 1 3 3 3 2 1 3 2 1 2 1 1 1 3 3 2 1 2 2 2 1 2 6 4 4 6 4 6 5 6 5 4 4 4
4 5 6 6 4 4 2 1 2 3 3 3 2 3 1 2 1 2 3 1 2 1 3 2 3 3 2 2 3 3 3 3 2 1 2 2 3 3 2 4 5 5 5 5 5 4 5 5 5 5
4 4 5 5 6 4 6 1 2 1 2 1 1 2 1 3 3 3 2 3 2 2 2 1 2 2 3 2 2 3 3 1 3 1 2 2 2 1 1 1 6 4 6 4 6 5 6 6 6 5
5 5 5 4 5 4 4 6 1 1 2 2 2 3 3 1 1 3 2 2 3 3 2 2 3 3 3 2 2 3 1 1 3 2 2 1 1 3 1 2 3 6 5 4 4 5 4 4 6 4
5 6 5 6 5 4 6 5 5 1 1 3 1 2 3 3 3 3 3 3 3 2 3 1 3 3 1 2 3 3 3 1 1 2 2 1 2 2 1 1 2 1 4 4 4 6 6 4 5 6
4 4 6 5 5 5 5 5 4 6 3 2 1 2 2 1 3 1 1 2 2 1 3 1 2 2 1 1 2 1 2 1 1 1 2 2 1 1 2 1 2 1 1 4 6 6 5 4 5 6
4 6 5 4 5 5 6 6 5 5 4 2 1 3 1 2 3 2 3 1 2 2 2 1 2 3 3 1 3 3 2 2 2 1 3 3 1 2 3 3 2 2 3 2 6 4 4 6 5 6
4 4 5 5 4 5 4 6 4 5 5 6 1 1 3 1 2 3 2 1 1 2 3 3 2 2 1 1 1 1 2 3 1 2 3 3 2 3 1 3 2 1 3 1 3 6 5 6 5 5
6 4 5 4 6 6 5 4 6 4 4 4 6 3 1 2 1 2 3 2 1 2 3 3 3 2 1 2 2 2 2 1 1 2 3 3 3 1 2 2 2 1 2 3 2 2 4 5 6 5
4 5 6 4 4 5 6 4 4 4 5 5 6 5 1 3 2 3 1 3 3 1 1 2 1 3 3 3 2 1 2 3 3 3 2 1 1 2 1 1 1 1 1 2 3 3 3 4 5 5
5 6 6 6 5 4 6 6 6 5 6 6 5 6 4 2 1 1 2 3 2 1 2 1 3 3 1 3 2 2 3 3 3 2 3 2 3 1 1 3 3 3 2 3 2 2 2 1 5 5
5 5 5 5 5 4 4 5 4 6 4 5 4 5 6 5 1 1 3 2 1 1 3 1 2 1 3 1 2 3 2 1 2 2 1 1 3 3 1 1 1 1 1 2 3 2 2 3 1 5
4 4 5 6 5 6 5 6 4 4 4 6 6 6 5 4 4 1 3 1 1 2 1 2 2 2 2 2 3 2 1 3 2 2 3 2 3 3 1 2 1 2 2 2 3 3 2 1 2 2
8 6 4 6 6 6 4 4 4 4 4 5 5 6 6 4 5 6 1 2 3 2 2 1 1 1 3 2 1 1 2 2 1 1 3 1 2 1 2 3 1 1 2 2 2 2 2 3 3 1
7 9 6 6 4 4 5 6 4 5 4 4 4 5 4 4 5 4 5 3 3 1 2 3 3 3 3 3 2 1 1 1 3 2 3 1 2 2 3 2 3 1 2 2 3 1 1 3 3 2
9 8 7 6 4 4 5 5 6 4 6 6 6 6 4 4 5 5 5 6 3 1 3 3 3 2 1 3 2 3 3 1 3 2 1 2 1 2 1 1 1 1 3 3 2 1 2 1 2 2
10 9 8 9 6 6 4 6 6 4 5 4 4 5 6 4 4 4 4 6 6 3 1 3 2 3 2 1 2 2 2 1 2 1 2 2 1 1 3 2 3 2 2 3 1 3 3 2 3 3
8 7 10 7 8 5 5 5 6 6 5 6 4 5 4 4 4 6 4 5 4 5 2 2 3 3 1 2 2 3 2 2 3 3 1 2 3 2 1 2 1 3 1 1 1 3 2 1 3 3
8 9 9 7 8 7 5 4 6 4 6 4 5 6 4 5 4 5 5 5 5 6 5 3 3 3 3 1 3 2 2 3 3 2 2 1 3 2 3 2 3 2 2 1 2 3 3 2 3 2
8 9 10 9 10 9 10 6 5 4 6 4 5 4 5 5 4 5 6 6 6 4 6 6 2 3 1 2 3 3 1 3 2 3 3 1 2 1 1 3 3 3 3 2 1 2 1 1 1 1
7 8 7 9 9 8 8 10 6 6 4 5 6 4 4 5 4 5 4 6 5 6 4 4 5 3 1 3 1 3 1 3 1 1 3 3 1 1 3 2 1 3 3 2 2 2 2 2 2 3
9 10 7 7 9 10 7 9 7 6 6 5 6 5 6 6 4 5 4 6 5 6 4 6 4 6 2 1 2 1 1 1 3 2 3 2 2 1 3 3 1 2 3 2 2 2 1 1 1 1
8 9 9 9 7 7 8 8 10 8 5 5 4 6 6 4 5 6 6 6 6 6 5 5 6 5 5 2 1 1 1 1 2 2 2 1 2 2 1 3 2 2 2 2 2 1 1 3 1 2
8 9 7 8 9 7 9 9 9 7 10 5 6 6 5 5 4 5 6 6 5 5 6 5 4 5 4 5 1 2 3 3 2 3 2 3 1 1 2 1 3 3 3 1 3 1 1 3 2 1
8 8 8 8 8 7 10 9 10 7 8 10 5 4 4 6 5 6 5 4 6 6 4 4 5 4 6 6 5 2 1 2 1 3 3 1 1 1 3 3 1 3 1 3 3 1 1 2 3 2
10 9 7 8 9 8 9 10 10 8 9 10 9 6 6 4 5 4 6 6 4 6 6 4 6 6 5 6 4 4 3 1 3 1 2 2 1 2 1 3 3 2 2 3 3 1 3 2 1 1
9 7 7 7 8 7 9 8 10 9 7 7 10 10 5 6 6 6 4 4 4 6 5 5 6 5 5 6 6 4 4 2 1 2 3 1 1 3 3 1 3 1 3 2 3 2 3 2 1 1
7 10 8 9 7 10 10 8 9 9 7 9 10 7 7 4 4 6 4 5 6 6 4 6 5 4 5 6 4 6 6 6 2 3 2 1 1 3 3 3 3 1 2 2 2 1 1 1 3 3
10 10 7 8 7 9 9 10 7 10 10 7 10 8 10 9 4 5 6 4 6 5 4 6 4 4 5 5 6 5 4 4 5 1 2 3 2 2 3 3 1 3 1 1 3 3 2 3 2 2