50
39 4
40 18
23 9
22 88
38 59
33 68
6 68
30 50
36 21
46 17
15 83
33 94
41 64
4 67
49 83
37 57
26 12
44 93
44 83
42 5
28 37
39 60
45 64
12 70
28 10
35 79
36 84
12 29
39 88
27 15
47 36
7 70
20 61
3 23
5 100
43 1
44 34
19 39
21 90
29 14
48 29
38 12
36 2
24 32
19 71
20 37
32 26
8 95
6 83
32 56
0 0 16 26 6 9 29 25 10 14 17 13 20 23 8 28 2 23 20 27 25 25 25 17 28 26 5 16 16 24 4 9 12 9 12 8 9 19 17 16 9 23 2 2 12 6 21 8 10 20
13 0 5 0 20 7 5 21 23 12 1 22 13 24 27 10 8 6 2 4 10 28 8 10 8 9 24 26 0 27 9 29 9 19 28 20 10 6 21 6 23 13 12 14 0 11 27 3 0 26
28 10 0 26 6 6 4 25 25 8 24 5 1 21 5 5 1 11 28 24 20 1 20 25 26 0 4 13 1 13 12 18 29 8 1 6 12 10 26 11 16 17 20 28 10 14 10 9 29 3
27 19 7 0 25 6 16 10 10 10 7 7 12 7 13 4 10 22 17 18 18 1 29 2 23 8 0 1 11 4 15 18 25 10 22 14 12 22 13 18 1 12 13 9 11 24 11 23 0 17
14 28 25 15 0 6 24 4 21 19 10 27 20 17 8 23 22 25 16 21 12 15 2 15 6 14 25 11 3 26 8 3 17 6 24 21 8 28 17 15 12 29 6 12 4 24 13 25 12 23
12 5 9 19 18 0 12 10 26 20 24 26 17 2 17 2 26 12 22 18 22 4 20 6 21 27 27 25 28 29 0 10 17 20 10 14 11 18 25 22 10 8 18 14 15 18 12 29 4 17
9 6 11 26 29 6 0 19 20 23 2 2 22 20 17 13 9 22 11 28 16 3 9 21 6 25 18 18 14 11 28 27 29 28 25 4 21 6 24 28 12 12 0 12 9 3 28 27 14 29
28 20 4 27 24 14 13 0 6 26 22 5 21 18 28 5 5 28 13 10 18 15 15 15 26 9 27 10 4 26 15 23 10 7 23 25 7 29 12 8 14 1 9 18 10 11 28 13 6 25
8 0 21 27 17 13 3 25 0 0 22 12 28 0 24 24 20 1 14 4 27 16 1 8 9 27 23 1 22 7 4 10 10 1 12 21 1 12 10 13 17 29 1 26 3 17 12 7 17 12
24 14 18 3 25 15 29 7 7 0 29 6 14 27 27 0 16 26 13 11 26 24 23 4 20 27 9 22 28 22 12 9 23 24 22 15 20 13 7 2 10 3 12 18 6 7 12 13 16 9
3 15 4 10 11 8 13 17 14 24 0 12 11 9 3 1 16 11 0 22 9 13 10 27 17 28 17 2 5 1 25 4 17 29 14 29 5 1 13 16 14 11 12 6 26 7 26 5 14 23
6 25 6 14 10 14 26 13 20 9 0 0 1 11 26 15 7 21 4 12 19 1 19 9 3 21 1 18 19 3 13 27 24 2 29 27 28 22 1 17 27 6 10 10 7 11 28 6 6 10
16 12 22 15 16 28 19 17 0 22 25 21 0 16 12 13 13 24 14 21 8 0 14 11 11 26 2 28 25 25 18 9 24 11 15 1 17 11 7 17 4 5 21 5 26 20 8 17 22 11
26 3 21 14 5 9 12 16 15 1 25 25 25 0 23 26 3 23 7 9 16 20 24 15 0 29 8 9 26 29 24 25 25 12 23 13 17 17 20 8 2 13 3 28 16 8 19 11 18 7
24 17 5 12 22 18 9 11 14 24 19 24 6 2 0 19 24 7 19 25 12 22 29 15 22 3 19 22 4 18 27 17 21 19 23 11 8 13 2 2 25 1 16 7 19 15 8 16 20 29
17 5 18 9 3 14 10 6 1 13 21 25 8 17 25 0 9 22 28 29 25 22 9 14 2 20 21 10 22 17 8 25 12 12 13 18 0 19 17 25 20 29 15 7 14 26 18 26 28 4
13 23 21 7 4 29 7 28 27 11 6 23 8 14 20 3 0 19 15 24 13 27 1 5 20 17 26 26 11 13 10 10 15 12 2 5 23 22 8 9 4 16 18 23 10 16 22 19 13 23
10 4 11 7 19 26 25 6 11 14 7 10 21 13 19 21 7 0 7 15 17 16 10 9 27 23 24 21 21 14 24 16 24 27 8 27 22 11 11 6 2 0 14 0 29 3 24 9 0 12
25 23 5 7 6 22 19 8 2 13 20 25 28 22 5 20 16 10 0 5 27 21 28 9 9 22 27 8 18 6 3 26 26 4 8 1 28 10 18 21 13 27 16 7 15 4 11 9 9 12
27 13 28 2 22 12 15 19 0 10 7 1 0 8 11 20 16 24 20 0 5 15 22 16 10 16 25 29 3 5 9 26 21 16 25 0 12 22 16 7 25 4 8 8 0 3 2 29 7 3
0 4 29 21 18 29 22 3 24 3 27 12 29 8 10 16 29 23 29 16 0 22 21 22 16 15 10 18 8 27 17 27 22 2 22 25 4 25 8 9 11 15 9 18 11 20 12 28 15 16
19 25 18 21 24 23 3 9 15 28 21 19 0 27 2 15 14 0 26 2 7 0 18 5 16 3 8 3 1 27 10 11 11 10 8 14 21 6 9 8 19 20 16 3 27 19 25 16 9 1
22 11 12 1 20 0 21 14 29 23 14 26 29 13 15 22 9 22 17 28 8 2 0 27 19 28 25 11 7 26 1 13 5 8 6 14 10 29 3 13 18 12 14 13 7 10 28 4 11 15
22 16 24 1 20 3 28 8 13 25 8 14 15 24 23 17 11 5 7 16 17 29 24 0 0 26 15 10 6 8 5 15 17 12 25 0 15 3 21 12 24 27 7 21 12 9 18 22 26 22
1 2 7 21 18 28 11 15 3 2 5 20 18 20 6 12 20 26 24 19 24 2 8 13 0 16 13 28 4 21 4 6 13 1 13 11 20 8 18 27 27 1 15 24 25 3 13 6 14 14
15 3 19 4 28 17 29 14 14 4 15 12 16 26 15 6 7 1 16 29 5 10 23 0 20 0 3 23 3 11 14 2 5 19 21 26 15 21 9 4 26 12 27 0 13 23 0 4 6 6
7 14 3 14 15 28 19 29 12 23 0 4 10 4 26 22 0 9 9 8 27 22 11 2 3 22 0 15 13 27 23 4 9 28 29 23 15 29 11 3 8 26 21 10 4 7 2 7 10 0
10 19 6 2 27 23 20 0 15 22 12 11 8 1 0 0 5 4 9 14 2 25 26 24 7 25 14 0 11 27 1 14 14 6 13 2 8 24 12 1 26 27 13 9 4 28 25 29 28 0
4 8 10 27 14 23 8 18 20 11 23 22 27 21 3 19 20 17 15 6 14 10 7 5 22 27 14 21 0 26 15 5 21 14 16 4 24 9 0 8 12 5 22 26 13 7 19 10 5 4
19 23 8 17 13 18 19 26 2 21 18 28 15 25 1 10 15 18 22 27 26 8 4 22 13 3 25 29 1 0 25 9 23 8 22 4 5 18 25 18 17 24 11 27 17 11 23 15 21 22
9 23 13 18 11 25 29 4 4 3 12 11 24 22 9 14 14 27 23 13 24 14 0 28 18 0 18 1 8 13 0 14 25 21 26 0 1 0 13 26 23 3 1 0 22 8 7 6 23 8
24 21 9 17 3 5 28 11 23 11 10 5 7 16 0 0 23 29 10 12 28 29 15 29 25 0 0 16 1 27 8 0 28 1 2 14 7 16 5 17 26 14 24 20 7 15 12 12 5 10
10 13 5 24 16 17 16 16 15 28 14 14 13 8 10 2 26 3 17 16 23 20 10 25 29 12 24 11 18 6 25 11 0 6 19 15 13 9 22 15 0 29 21 12 6 14 15 14 11 6
7 12 9 12 15 23 19 2 6 29 16 18 15 2 20 18 12 1 10 19 28 8 19 25 17 17 21 16 14 15 19 15 20 0 29 12 2 15 22 3 26 15 0 6 22 12 4 4 13 17
13 28 16 5 23 17 23 10 2 13 7 14 22 4 24 28 0 0 26 5 18 8 16 24 0 15 7 24 5 14 1 24 21 6 0 22 3 9 14 5 23 27 28 19 15 1 1 29 24 20
1 6 16 13 25 10 15 7 13 8 21 28 15 21 18 7 0 15 25 12 20 4 16 8 5 15 2 15 3 26 0 1 14 1 23 0 1 28 10 15 23 4 0 22 9 22 18 8 8 7
15 9 0 8 15 5 13 29 17 3 26 0 10 7 4 7 3 10 10 18 12 27 10 23 28 11 10 19 22 6 9 17 27 19 29 19 0 15 17 25 19 20 12 21 24 20 17 27 18 1
18 5 19 21 9 1 15 18 13 7 10 22 2 11 1 28 26 8 5 12 2 3 27 25 27 27 11 23 26 27 4 22 5 17 21 19 2 0 13 25 15 9 8 7 14 27 9 10 6 1
28 15 4 6 24 12 8 28 28 19 16 28 8 29 26 14 16 7 18 3 12 19 21 7 6 2 22 6 16 9 1 23 19 13 18 26 0 8 0 4 2 25 16 22 10 28 11 20 4 22
2 19 21 7 18 16 4 25 5 22 27 29 18 13 29 0 27 29 3 29 24 6 6 26 23 27 10 17 19 17 20 26 8 13 28 26 6 3 9 0 12 4 24 0 3 2 11 7 20 17
5 2 13 23 11 27 14 9 3 14 26 7 5 5 25 12 24 13 18 16 5 3 28 23 23 16 10 7 14 27 2 25 4 17 25 4 28 23 26 16 0 18 24 19 6 3 5 10 7 27
27 20 21 27 27 16 10 6 15 25 3 11 29 6 8 8 6 4 17 9 6 3 16 23 23 1 25 20 10 0 15 16 12 9 29 14 23 0 14 10 5 0 19 27 12 18 16 2 13 19
6 29 7 28 13 14 3 0 2 17 2 14 16 10 19 16 17 24 1 9 7 18 9 2 11 28 20 0 23 21 8 21 23 3 14 10 9 3 17 22 5 25 0 21 8 3 18 6 18 23
16 13 5 19 27 27 3 19 25 6 19 22 16 21 1 5 21 12 13 2 29 28 1 20 24 13 6 2 23 21 10 26 27 29 15 10 16 22 7 7 16 5 20 0 21 14 16 4 3 27
0 20 28 16 10 19 21 1 4 21 27 17 5 13 10 9 7 8 25 27 12 13 7 11 25 20 17 6 26 24 8 24 21 24 3 8 11 8 27 6 29 25 15 12 0 3 16 7 7 2
12 23 24 4 26 3 26 16 27 17 19 27 26 17 18 3 15 20 6 27 9 13 6 20 8 15 6 18 27 6 29 20 15 2 6 0 7 27 18 23 18 10 14 29 6 0 0 24 23 19
9 11 20 17 1 7 13 9 2 11 29 3 23 2 7 19 2 23 1 7 11 9 27 21 11 22 14 23 20 16 2 23 15 11 16 11 0 23 14 24 29 0 6 15 27 8 0 8 28 8
27 23 9 17 8 10 8 24 11 25 13 19 25 16 12 9 20 8 23 25 2 16 6 19 15 24 0 19 4 18 18 11 25 13 13 26 11 1 9 18 9 3 15 4 16 22 22 0 23 12
24 7 28 5 27 15 21 28 24 21 12 17 4 6 23 6 19 26 8 10 15 26 23 20 1 28 14 10 27 5 20 18 0 11 25 29 10 12 26 25 1 17 1 19 23 10 1 2 0 28
8 12 18 12 14 7 23 10 13 29 5 27 8 20 7 8 9 29 17 11 6 1 1 3 29 19 11 11 19 0 8 22 25 27 8 6 15 24 26 12 4 28 18 20 10 29 1 28 20 0
