150
106 245
90 280
82 275
11 399
124 237
55 311
76 357
144 436
17 1
4 3
97 321
117 303
23 52
6 200
126 234
15 444
72 102
121 75
109 336
5 449
5 444
13 437
115 393
63 124
133 2
140 130
33 33
38 369
70 178
137 268
40 238
138 219
92 253
26 159
25 3
2 314
134 219
136 266
4 9
41 98
18 439
51 91
84 335
58 307
53 159
69 146
89 281
121 270
142 105
15 74
30 341
58 305
106 380
109 382
39 145
80 276
49 37
54 427
86 93
52 127
47 191
101 174
91 283
32 350
44 219
109 356
71 419
36 447
3 53
141 375
63 306
58 297
49 323
58 334
142 384
85 163
145 159
91 381
129 394
9 126
109 245
115 48
77 3
12 328
17 336
26 203
11 222
101 235
46 261
95 9
65 155
36 176
143 5
49 294
106 388
4 142
101 48
15 308
14 257
89 222
140 34
44 448
38 377
13 201
123 377
148 277
41 435
45 389
70 396
129 205
23 71
27 284
7 257
130 144
79 108
137 52
59 174
32 405
77 217
63 191
29 152
146 31
3 123
124 236
112 195
54 6
122 374
90 334
67 25
93 42
137 205
52 38
113 119
92 100
21 196
89 290
33 217
85 236
79 420
42 221
74 27
114 422
22 24
148 318
33 228
127 115
149 384
23 423
110 386
110 19
1 19 35 56 56 19 41 40 29 20 56 60 59 18 61 1 61 19 36 10 26 9 65 46 54 9 2 17 38 31 51 21 9 50 9 16 25 5 51 40 45 29 54 37 63 20 53 71 45 60 68 71 68 23 69 64 5 11 61 23 19 44 24 67 3 69 12 67 22 21 38 52 19
2 23 65 6 64 68 68 26 18 60 41 72 26 46 58 68 10 18 42 16 22 58 18 43 13 40 55 7 20 5 30 67 71 6 38 40 3 72 56 28 57 11 7 9 27 34 33 38 32 14 18 66 17 56 1 61 18 34 55 45 66 48 58 36 42 44 30 44 12 39 5 20 67
3 50 64 59 29 48 68 62 47 12 57 32 34 1 38 22 54 44 28 59 69 70 72 61 42 41 22 29 12 11 29 65 46 47 19 11 18 68 46 56 25 34 58 53 60 57 55 25 48 42 68 61 13 41 47 26 56 50 70 38 11 21 42 43 30 6 45 19 65 37 41 66 29
4 10 22 24 16 48 45 17 2 32 8 53 8 31 67 29 41 55 72 29 32 53 9 53 54 14 67 12 46 17 58 24 1 15 25 50 59 4 33 13 45 68 63 70 65 29 54 43 24 59 50 14 19 22 33 40 53 9 36 41 51 68 1 1 43 67 42 47 36 40 33 45 43
5 23 30 21 20 32 41 41 48 57 6 22 18 35 70 22 51 8 3 48 12 53 14 56 54 61 18 6 46 64 63 48 51 21 54 45 46 6 64 8 39 45 33 28 59 30 46 6 51 41 54 37 20 24 72 17 67 34 70 8 60 36 41 20 62 5 16 69 61 2 15 48 69
6 28 22 9 57 38 40 62 67 65 11 32 51 62 44 67 2 22 43 30 17 23 60 68 62 69 31 50 56 3 50 53 30 31 16 71 34 16 36 20 11 34 70 43 66 63 43 13 46 37 66 53 45 10 38 72 72 22 12 17 66 36 11 60 1 40 54 5 69 44 29 47 5
7 9 18 8 13 44 47 11 3 24 4 65 63 5 14 2 17 8 21 17 72 60 71 17 26 55 51 28 71 44 6 54 15 42 30 55 35 49 41 48 36 71 61 2 43 25 24 54 41 38 66 9 9 52 53 29 5 23 56 61 30 30 53 12 35 20 6 69 70 17 8 3 69
8 55 46 13 5 25 4 41 16 28 62 45 53 33 41 46 37 67 5 35 20 61 17 13 2 33 60 65 12 60 26 60 10 57 6 34 28 9 59 62 47 12 22 14 44 8 41 67 7 67 7 14 71 29 27 36 16 65 27 25 10 31 15 53 61 39 65 7 18 33 11 20 5
9 11 12 31 53 70 30 43 60 49 5 33 56 27 33 32 54 33 30 57 10 16 72 56 35 10 49 20 44 24 57 63 22 7 19 2 30 14 20 34 54 31 45 30 56 68 48 35 22 44 29 3 1 10 20 46 1 50 58 4 41 23 49 2 34 1 36 15 43 41 25 13 43
10 55 60 51 52 9 60 34 62 52 24 34 27 71 30 51 21 46 56 34 71 57 17 55 4 66 65 2 57 19 16 20 18 10 69 37 7 42 20 17 5 34 17 45 14 44 16 62 44 34 31 10 14 31 67 44 17 22 14 60 21 57 42 34 41 4 29 32 15 13 69 59 68
11 27 39 61 8 32 71 4 68 16 2 53 33 32 70 71 66 47 60 39 61 53 16 14 59 64 59 54 61 3 68 32 10 54 12 31 18 2 64 69 46 39 21 66 25 32 15 60 72 30 58 49 62 72 60 9 7 15 34 36 51 71 18 62 58 32 48 65 2 53 3 11 10
12 11 11 61 64 23 65 59 2 8 34 14 49 64 61 33 45 30 31 35 66 49 68 55 20 13 41 41 40 66 65 25 13 59 22 54 15 49 36 72 13 32 7 16 14 8 34 45 17 29 32 54 39 34 27 50 32 3 12 65 26 38 44 38 70 23 23 17 21 46 64 63 16
13 16 17 47 23 52 25 59 23 2 50 6 43 48 11 69 2 20 66 19 20 8 2 55 47 7 54 65 26 18 60 54 51 29 18 55 25 28 19 47 6 70 55 25 3 2 55 1 68 37 70 60 14 72 33 16 12 38 19 61 15 29 24 4 8 54 50 1 53 66 1 64 6
14 33 18 38 20 62 67 64 37 53 42 33 67 46 31 46 32 53 44 33 28 23 22 27 52 1 60 11 60 45 62 31 33 70 37 59 59 57 69 24 32 38 17 7 65 38 38 72 8 68 24 40 59 15 30 17 45 9 16 58 14 8 10 24 40 64 27 7 59 52 48 31 72
15 18 25 64 69 5 35 40 4 49 10 48 18 45 28 52 68 9 5 35 33 38 10 71 7 31 69 72 3 57 8 56 39 69 40 32 42 43 42 56 9 72 41 12 18 55 8 30 59 8 5 70 40 64 25 65 56 7 26 1 19 1 7 18 46 66 38 6 20 68 65 40 5
16 16 70 9 11 10 6 59 24 6 60 43 41 30 58 14 49 60 17 61 66 21 23 18 5 19 39 69 31 15 29 39 48 17 72 7 37 14 9 58 28 13 26 1 57 13 21 55 58 11 35 51 42 43 65 3 15 26 41 55 26 67 50 9 11 58 60 14 4 37 50 10 4
17 16 31 1 33 11 3 40 30 72 14 31 16 63 40 67 25 59 8 19 53 20 26 66 32 5 58 66 25 17 8 54 39 16 52 25 3 36 53 68 26 36 20 17 28 55 59 31 66 21 34 48 26 68 23 6 62 57 69 18 68 62 30 14 19 42 25 12 57 22 31 51 2
18 60 13 31 68 37 47 47 27 34 24 72 31 37 5 48 62 51 48 37 1 2 27 9 71 70 65 65 37 29 27 63 18 22 60 36 47 49 14 60 69 34 5 47 52 13 42 31 23 20 11 11 31 4 51 7 9 7 18 25 16 67 34 2 22 42 35 45 21 5 54 31 32
19 43 70 36 30 27 20 9 27 19 60 24 14 15 21 7 4 27 62 17 36 21 10 33 12 58 14 31 62 12 19 4 6 10 48 42 7 60 53 3 28 35 26 64 38 17 14 59 23 51 32 36 52 69 61 7 60 11 22 69 18 6 64 10 51 2 34 65 69 17 48 6 46
20 24 26 17 16 26 26 32 36 37 4 58 10 38 38 57 38 36 72 48 32 31 24 60 8 30 5 33 39 69 67 34 63 39 15 50 67 20 64 29 24 67 46 39 22 16 27 62 49 57 46 69 5 24 29 7 26 5 66 17 60 54 14 43 37 70 14 70 6 36 12 9 12
21 36 38 20 71 16 59 30 36 58 25 69 54 69 5 71 5 15 33 39 53 59 70 32 35 1 10 70 53 68 31 72 39 22 15 3 25 34 35 51 11 66 25 46 43 5 52 42 72 48 2 37 60 25 54 72 1 7 18 58 45 23 53 40 56 15 22 9 1 46 71 31 61
22 72 61 65 25 59 6 9 36 69 64 5 35 27 9 18 42 61 44 51 63 14 43 38 17 38 51 57 58 5 15 71 53 69 65 27 45 32 48 50 8 28 57 71 16 47 9 35 68 44 27 20 37 64 37 30 62 14 20 28 21 50 16 6 5 25 33 31 62 52 45 59 2
23 5 30 5 46 2 36 46 48 13 48 31 55 41 44 67 9 25 32 32 71 49 37 71 53 23 13 62 4 59 15 35 34 39 21 64 8 60 10 7 26 12 10 60 70 35 43 52 7 41 32 66 16 49 17 63 22 70 25 60 32 4 56 29 43 15 66 33 1 21 43 17 24
24 25 20 4 20 16 9 69 61 15 29 67 41 49 14 63 21 43 29 55 10 4 48 14 66 8 46 59 54 42 5 60 67 4 2 27 23 22 38 23 71 26 49 35 44 60 36 29 54 39 10 62 39 38 65 18 37 24 58 43 5 14 19 63 12 10 28 43 17 20 17 64 54
25 67 10 40 45 46 72 18 31 52 28 3 61 27 57 64 44 6 32 61 4 65 16 70 69 7 34 57 21 34 24 18 52 34 59 70 22 57 71 42 12 56 55 57 71 66 14 13 31 16 27 71 24 48 6 11 42 60 63 25 46 16 20 40 61 9 15 9 26 52 42 28 28
26 23 59 21 25 9 47 68 2 62 30 10 16 16 13 61 7 34 11 39 62 31 41 28 19 46 28 36 34 34 54 49 69 17 34 57 22 23 5 63 20 39 19 10 22 59 63 32 25 36 55 54 42 39 60 60 26 48 60 43 27 33 16 17 42 25 38 51 70 67 71 15 50
27 15 36 24 16 32 24 63 62 26 34 12 39 45 59 8 69 19 48 25 47 22 8 62 58 68 12 23 37 39 28 10 56 27 16 7 5 52 55 28 24 47 5 10 24 22 39 34 13 20 64 14 26 66 52 53 45 17 7 64 8 21 25 13 42 12 48 13 72 15 36 25 44
28 24 13 61 12 68 45 31 3 24 51 10 40 12 54 20 35 36 55 6 25 61 28 48 39 28 23 67 15 33 5 9 48 21 8 22 47 32 18 68 2 60 46 49 41 71 69 59 28 1 62 30 33 58 58 28 22 1 23 71 72 36 40 45 33 63 32 51 20 40 70 6 7
29 8 8 53 29 7 29 23 36 57 61 30 33 62 46 13 70 56 11 20 50 24 53 11 61 24 24 23 14 45 62 17 19 48 16 33 29 8 14 9 38 59 3 2 30 68 50 47 48 29 41 50 17 43 64 12 10 59 29 54 59 60 62 33 71 67 18 9 36 24 1 47 57
30 28 65 70 7 69 61 51 49 42 25 42 54 29 65 72 5 45 48 68 26 8 34 34 54 72 45 22 54 16 2 29 25 1 4 23 71 15 59 64 66 6 38 21 69 18 53 51 7 62 67 44 5 66 5 23 66 47 50 58 35 41 55 10 69 33 25 11 9 34 43 58 31
31 45 57 59 71 33 22 27 31 39 62 10 24 43 20 22 25 55 50 27 52 30 65 65 70 17 68 70 58 17 9 59 27 1 49 62 24 52 44 10 32 57 5 58 26 26 29 5 44 17 55 1 2 33 31 53 11 23 6 25 48 17 42 17 63 31 9 71 42 43 20 17 54
32 48 51 46 22 16 47 38 14 17 30 50 43 65 68 39 14 31 50 34 57 34 56 27 29 52 66 68 66 50 72 26 53 18 60 44 34 30 12 56 54 48 44 37 6 52 23 7 62 41 64 48 15 62 36 55 20 61 4 53 62 67 47 69 30 24 5 42 28 9 32 70 4
33 50 27 38 51 70 64 61 50 63 65 57 58 54 15 35 31 1 19 16 7 13 58 48 9 71 3 39 23 58 40 60 5 61 37 17 2 62 61 27 56 59 62 70 30 51 8 39 17 42 71 69 10 37 68 71 16 55 25 57 8 50 69 35 2 21 1 38 36 1 45 70 57
34 29 43 33 7 55 48 4 24 47 43 61 23 39 59 24 6 20 67 56 45 49 60 17 12 3 13 71 26 11 41 72 34 62 32 66 53 71 30 49 44 13 6 19 27 42 24 12 69 24 34 15 49 54 67 52 62 45 20 26 63 37 19 30 5 21 69 6 72 29 20 50 36
35 56 17 19 22 4 3 18 39 28 9 8 56 16 68 61 13 70 70 30 31 61 40 18 24 65 7 19 61 30 38 66 47 57 50 26 56 7 19 4 49 17 17 3 56 14 23 46 8 28 32 29 51 51 56 52 40 26 1 4 29 41 37 15 1 66 71 24 17 18 57 51 16
36 9 32 16 24 53 11 44 38 51 10 45 59 16 9 5 39 34 63 63 27 37 58 14 12 39 56 30 25 56 2 6 25 9 58 59 27 62 25 52 33 40 5 39 55 9 61 41 1 65 3 31 66 48 12 43 18 33 25 53 42 60 24 61 16 62 70 32 28 48 29 47 56
37 53 45 42 8 51 47 35 16 18 61 69 55 33 3 12 12 60 50 49 71 46 17 68 31 36 60 26 21 60 46 56 70 33 61 20 30 49 37 42 23 32 6 23 3 58 10 54 50 22 17 13 3 40 46 11 66 23 24 37 50 21 6 50 31 3 70 4 25 10 72 62 13
38 11 9 11 16 33 37 41 7 6 40 56 42 32 69 45 47 58 2 18 68 42 1 12 7 15 27 69 24 47 37 59 60 10 6 67 66 25 12 12 52 39 16 71 56 61 59 70 27 27 45 11 41 50 28 24 12 37 52 64 17 31 55 20 51 35 28 30 20 72 5 57 22
39 70 10 50 41 7 17 48 63 54 69 42 45 58 35 26 11 27 51 57 6 72 2 13 50 32 68 63 40 49 7 58 59 39 46 4 32 18 5 72 4 25 62 24 13 44 2 37 63 17 30 63 56 29 57 61 14 10 70 17 35 41 57 61 34 19 3 12 47 36 15 69 56
40 14 1 49 6 63 24 71 54 50 20 46 31 48 48 37 50 61 5 3 15 61 60 46 7 21 43 48 28 37 59 21 69 11 15 45 8 12 27 22 46 35 39 47 13 59 29 50 60 65 30 10 29 68 15 40 26 12 44 43 18 17 23 42 28 17 42 3 18 36 36 6 47
41 42 28 32 45 29 50 50 20 64 30 2 13 27 20 4 33 41 47 48 29 71 37 21 29 12 66 49 67 23 60 8 63 16 29 19 64 56 59 49 20 54 12 13 12 63 65 66 61 32 68 34 11 21 1 51 56 60 66 38 43 49 11 43 51 3 71 4 41 70 30 13 38
42 66 63 30 43 66 48 33 24 29 55 46 72 51 11 28 40 66 13 36 38 52 64 65 34 1 48 21 61 9 37 1 52 58 56 23 40 14 30 27 51 2 57 36 65 54 49 14 65 51 65 46 71 27 33 8 3 42 22 71 58 18 22 67 15 50 56 37 44 47 6 8 6
43 48 70 18 61 12 37 35 8 10 56 6 53 19 17 62 68 38 38 56 8 34 21 64 18 63 40 49 40 12 15 22 64 48 38 12 39 43 49 61 31 50 60 45 15 26 46 1 47 12 48 2 31 60 31 41 15 8 8 42 30 53 41 38 54 43 20 56 56 16 67 42 52
44 7 39 27 28 7 28 62 56 66 13 58 57 46 54 16 58 11 31 64 62 28 71 11 64 8 42 4 46 11 36 25 18 8 4 13 14 12 57 42 45 7 33 41 35 3 44 44 7 16 16 14 22 48 36 57 22 70 41 20 38 50 8 17 3 48 62 49 46 64 52 6 56
45 48 8 47 23 52 34 59 36 33 70 14 26 11 72 43 58 38 53 55 13 41 67 67 20 69 71 55 62 42 63 22 64 6 2 72 15 39 40 64 56 17 47 39 34 32 33 7 55 13 72 33 38 68 8 32 10 18 69 40 50 36 38 23 43 13 32 5 15 34 35 26 57
46 46 17 36 57 23 29 67 38 61 39 14 12 69 49 31 25 71 43 49 61 41 34 68 50 68 4 62 37 4 3 41 29 8 30 28 61 39 3 27 69 40 35 32 3 32 7 56 25 72 23 40 31 51 17 14 68 21 26 2 6 34 72 59 51 61 18 28 12 5 38 28 55
47 70 57 24 18 48 51 29 34 12 14 72 61 24 44 58 23 18 38 63 41 69 35 45 10 43 54 30 40 58 52 22 62 21 71 46 22 65 58 59 10 49 30 1 10 3 40 36 70 44 37 16 27 51 7 67 9 68 70 13 2 22 67 52 39 51 62 58 14 67 59 7 62
48 2 51 67 39 24 62 57 12 40 12 64 66 38 63 65 49 34 71 66 70 27 66 68 3 20 18 5 48 17 18 23 16 29 15 47 45 24 63 28 1 27 8 52 45 69 47 62 38 57 1 25 38 33 3 14 14 44 19 69 37 21 7 59 31 22 39 13 54 53 24 37 6
49 30 17 43 7 2 63 39 55 25 13 33 59 1 32 13 6 68 26 23 69 58 26 30 67 22 2 61 67 21 55 37 45 64 2 72 19 15 22 20 64 16 28 40 62 23 30 19 60 57 43 47 24 3 38 38 51 4 48 70 43 29 58 41 69 21 65 59 1 23 59 3 27
50 10 22 3 41 5 72 5 55 39 25 5 49 54 54 17 51 28 7 55 28 61 68 45 56 38 32 42 1 12 26 43 48 46 11 45 31 19 19 63 11 37 35 50 11 8 11 1 47 44 26 53 43 8 10 7 7 49 38 53 53 50 59 30 9 35 62 46 37 18 42 48 35
51 62 50 58 56 54 52 55 57 36 48 60 39 6 39 5 3 21 64 5 50 58 20 55 3 4 36 37 27 9 57 39 72 40 51 30 56 40 31 50 8 6 65 5 45 43 6 57 53 69 61 28 48 43 3 47 54 2 10 18 3 65 22 68 67 40 4 58 40 36 28 20 39
52 27 50 58 21 36 29 59 28 61 55 41 56 33 40 15 60 23 7 53 15 14 20 12 49 68 64 15 33 71 19 1 60 28 56 50 58 8 69 68 53 17 33 47 34 4 35 3 50 50 64 58 28 14 71 62 61 6 26 11 46 52 60 1 54 4 51 10 53 18 43 41 22
53 37 26 47 1 30 26 20 35 59 65 60 58 64 56 67 29 39 45 17 58 15 59 61 20 48 63 54 41 49 30 2 4 14 36 10 30 45 44 33 70 17 27 12 18 26 6 47 45 5 45 34 52 68 62 4 6 10 57 52 59 27 6 18 15 66 7 67 52 41 18 59 62
54 65 39 33 16 56 63 46 35 16 34 26 47 67 18 11 31 3 24 56 57 53 26 48 49 61 53 9 46 44 4 23 25 51 39 33 28 39 21 18 21 29 62 40 45 53 55 38 1 14 70 71 39 4 70 19 54 52 35 28 53 1 26 43 10 69 50 18 16 52 71 65 29
55 68 67 35 60 36 67 43 42 31 44 44 27 47 60 67 14 4 38 63 12 20 52 2 4 12 40 52 29 30 64 38 32 67 13 34 58 72 24 47 71 6 2 67 65 6 39 30 57 32 11 59 41 35 63 31 61 64 37 63 60 52 47 6 35 44 28 58 57 61 59 35 27
56 47 69 37 65 5 67 23 19 3 47 23 17 69 48 1 55 24 6 56 25 37 24 71 48 26 47 62 58 21 72 20 32 70 48 62 38 49 16 40 50 50 69 50 4 28 44 38 51 50 22 22 6 59 41 7 32 36 20 58 65 47 7 22 55 68 49 43 60 2 65 23 54
57 29 49 36 45 12 70 38 54 69 56 7 51 29 24 36 42 54 17 47 14 59 27 61 24 36 57 17 69 30 31 6 7 21 60 48 34 46 58 15 48 35 61 13 11 53 4 28 66 45 21 71 11 38 66 64 60 14 48 68 7 62 68 2 66 17 47 19 44 68 49 58 62
58 69 68 39 16 27 27 50 41 65 17 41 56 63 8 3 58 47 4 46 23 71 49 48 52 11 41 65 66 69 4 59 6 67 59 37 17 38 58 51 9 16 51 13 63 43 43 50 1 9 5 1 55 47 44 30 43 46 63 27 35 21 45 13 58 28 9 18 13 35 70 54 41
59 4 9 43 29 72 18 5 31 67 12 28 55 64 2 14 43 19 39 66 55 35 12 12 49 34 55 48 46 42 51 27 23 50 56 33 28 36 23 41 47 41 5 8 68 23 8 59 12 58 46 38 3 65 25 27 64 69 35 13 66 37 53 33 33 38 37 41 14 63 34 63 62
60 64 13 41 66 38 61 29 38 43 38 70 10 6 71 33 31 38 31 3 31 9 11 36 34 72 55 30 5 48 46 7 62 3 9 5 31 65 2 40 25 30 6 53 28 20 69 72 30 19 2 60 62 3 1 2 53 1 3 47 37 55 25 32 18 58 54 7 47 48 40 27 54
61 30 46 31 63 66 29 20 50 20 64 72 12 9 45 3 21 25 40 20 57 41 66 24 72 28 12 51 23 49 18 17 23 53 30 3 38 27 26 29 27 13 11 10 69 13 3 21 21 46 27 61 15 44 25 12 12 13 64 46 35 9 40 11 37 24 52 43 20 38 30 60 35
62 38 58 43 49 60 31 21 28 60 71 52 22 46 21 43 69 5 59 70 68 6 11 12 48 48 58 44 11 1 42 26 61 49 44 3 11 58 60 69 72 8 71 50 6 72 72 39 59 52 11 71 43 30 38 52 9 4 59 12 60 19 1 47 36 18 9 21 1 14 28 60 4
63 22 43 39 21 11 60 25 63 18 8 38 16 62 25 27 55 47 46 51 47 10 24 5 23 32 13 43 43 53 4 35 58 53 4 7 44 64 70 43 72 44 54 11 60 67 28 11 61 39 24 9 4 2 17 55 48 35 49 12 15 36 65 28 59 59 66 54 40 61 26 30 54
64 17 14 25 43 54 31 27 34 12 23 16 25 29 5 65 12 5 32 67 12 35 14 3 13 35 31 7 37 71 16 31 43 27 48 52 7 2 4 46 29 50 50 52 45 9 27 55 8 55 4 64 27 23 55 47 60 34 8 57 43 13 51 9 69 55 30 63 34 7 17 43 22
65 16 2 48 61 6 11 18 23 2 67 27 65 34 5 43 31 68 66 23 15 48 2 8 64 37 36 45 50 69 26 31 48 40 53 67 10 10 41 23 69 1 12 65 5 58 60 64 44 37 24 48 68 24 64 51 60 10 64 9 19 37 13 46 16 55 5 41 57 19 54 52 18
66 56 64 53 51 53 71 67 10 31 67 25 4 35 35 68 31 61 20 42 68 65 40 26 48 3 19 26 48 15 65 45 20 64 65 66 12 27 66 3 17 55 35 25 62 64 53 58 41 33 51 50 9 16 10 7 4 41 5 49 63 25 8 34 11 20 4 24 10 18 54 29 8
67 11 29 21 30 48 35 64 57 57 17 63 46 40 3 1 65 6 53 43 56 39 25 51 50 53 29 63 5 23 47 9 42 55 40 6 32 22 33 58 19 18 36 54 55 52 51 31 33 2 59 26 22 4 28 49 28 32 2 43 50 12 37 22 28 8 52 41 10 67 17 41 36
68 53 63 34 5 56 31 52 26 16 68 30 58 24 64 52 18 19 9 21 5 4 62 37 64 42 40 17 26 22 16 55 52 16 54 52 7 23 9 49 72 65 39 50 60 14 68 48 64 29 4 9 23 47 7 38 71 58 24 13 9 28 3 30 14 24 65 16 5 63 35 20 72
69 45 37 41 6 54 15 3 4 21 36 31 51 49 3 61 9 63 48 68 42 65 9 66 58 58 24 60 51 17 34 29 9 23 70 25 52 70 16 44 58 22 51 39 16 55 44 58 41 19 3 19 69 20 16 66 40 67 8 40 27 2 63 29 63 53 17 41 20 66 51 46 55
70 40 16 38 16 13 11 59 72 10 25 19 43 29 72 49 47 6 68 66 8 67 56 30 23 68 28 31 7 35 71 71 43 47 56 52 20 29 24 62 33 55 38 40 12 38 58 9 69 37 29 4 66 21 71 67 17 14 45 71 14 19 18 38 62 31 60 18 26 45 40 52 50
71 5 16 17 30 38 30 21 6 62 18 8 42 58 7 52 27 67 22 21 42 41 17 46 23 60 49 16 64 55 51 62 45 63 21 47 5 44 70 67 46 49 46 55 65 54 71 16 49 21 22 54 59 62 8 10 20 53 17 69 34 72 64 65 57 72 6 63 20 19 42 40 72
72 60 59 46 30 24 33 9 58 38 53 10 22 54 69 16 7 57 57 54 54 57 20 2 38 71 22 2 40 17 59 66 41 47 37 8 45 45 34 54 15 56 41 17 35 10 1 53 51 6 32 43 19 35 65 15 53 30 56 46 26 20 59 17 72 20 43 42 64 49 50 47 23
73 20 48 72 58 69 17 3 62 46 8 69 11 63 36 42 45 12 27 57 11 15 2 20 9 23 21 8 7 4 49 70 7 32 20 34 49 39 56 60 59 61 38 42 44 20 49 71 21 52 56 50 71 56 4 5 58 6 63 36 65 64 5 20 61 52 68 52 55 43 46 41 58
74 15 52 37 10 28 30 30 49 10 9 71 47 71 3 64 9 51 42 5 61 28 56 55 49 1 7 35 45 56 20 23 1 63 26 8 5 4 34 28 71 46 15 21 28 64 63 51 40 57 53 47 31 7 69 12 8 66 42 8 6 7 60 22 45 45 13 16 57 63 21 63 46
75 12 56 27 70 3 23 59 24 44 40 60 58 56 18 25 30 25 18 71 67 7 6 26 60 55 50 66 31 63 64 22 42 48 59 26 39 24 15 32 6 30 16 18 14 33 51 63 66 35 64 25 66 4 56 51 58 31 20 71 62 49 12 7 12 23 46 60 54 21 72 51 6
76 14 6 62 42 40 3 53 8 7 15 36 12 32 4 71 34 30 39 4 2 72 22 39 54 26 36 29 21 51 57 32 39 1 50 22 1 56 72 47 15 52 23 23 10 22 42 7 8 37 2 33 64 62 57 51 29 41 67 35 10 34 26 11 69 72 23 29 2 15 52 67 29
77 23 17 46 46 61 65 67 33 12 30 50 23 53 11 5 57 23 53 6 66 1 55 16 10 53 21 63 46 43 16 27 8 49 30 64 19 29 45 39 11 56 14 6 2 69 40 62 51 69 50 64 32 34 19 37 27 39 41 38 49 64 72 47 34 38 27 39 21 10 38 20 57
78 66 57 9 12 39 21 20 17 10 6 29 40 12 12 40 56 13 43 6 8 10 39 24 14 19 20 9 61 19 40 61 26 67 9 53 34 40 68 60 5 53 53 57 53 44 53 8 23 12 20 21 51 60 57 2 10 22 33 27 42 42 69 14 61 57 16 52 54 10 37 36 70
79 50 6 31 16 16 52 3 61 10 40 69 38 43 34 64 41 57 49 55 52 71 15 46 19 60 9 62 52 63 17 71 46 56 34 30 65 26 29 8 25 19 46 34 49 23 71 14 67 5 40 47 11 39 62 10 6 58 39 41 70 17 9 52 15 43 56 19 26 32 46 52 8
80 7 26 12 25 5 48 21 32 15 32 20 37 25 41 56 39 21 1 29 35 58 67 29 47 5 18 3 50 41 55 53 40 45 43 17 33 16 44 53 24 51 42 68 33 28 6 43 4 14 49 26 50 52 23 15 53 15 27 34 4 12 29 19 5 11 49 30 55 60 52 40 49
81 16 66 45 10 11 14 33 38 10 72 11 34 40 48 33 45 1 63 19 9 46 54 21 10 40 37 65 15 42 8 44 30 19 34 48 11 58 65 16 48 4 22 11 53 55 42 70 16 5 58 63 20 6 67 45 24 30 47 51 51 26 59 48 65 46 25 46 66 61 13 24 60
82 43 64 33 52 40 10 66 13 66 30 10 14 36 70 27 20 53 48 67 30 43 58 72 50 49 61 30 34 2 48 11 15 10 12 44 46 13 61 39 4 61 70 2 16 70 46 35 11 68 18 61 66 22 24 59 31 2 24 53 4 37 53 17 41 56 13 26 1 47 38 13 9
83 66 57 5 72 13 47 1 11 29 46 56 38 68 14 31 41 30 5 62 38 38 29 17 67 17 23 8 68 40 33 29 31 40 9 48 66 60 24 53 7 25 41 61 14 26 49 15 15 30 10 36 39 33 1 14 53 44 21 22 22 54 69 38 45 58 65 63 29 40 27 24 25
84 45 34 48 49 68 13 28 46 27 70 65 47 19 13 49 29 39 12 32 42 61 58 33 5 7 16 49 19 30 50 63 37 29 44 12 53 62 42 51 46 9 65 55 11 33 37 9 1 53 7 31 24 21 32 12 15 63 64 55 61 39 55 20 60 34 60 63 45 22 47 66 64
85 35 65 63 47 57 37 61 47 72 18 52 14 14 19 9 55 26 26 47 60 65 41 3 30 39 20 34 2 19 7 38 52 30 14 5 39 71 16 52 31 7 24 33 49 64 68 49 56 56 67 5 33 39 58 57 27 18 15 58 65 10 48 59 69 20 59 22 30 9 45 27 19
86 65 38 58 34 12 35 67 33 43 22 48 27 4 31 65 40 46 25 52 69 48 19 40 6 46 61 48 60 33 39 14 13 26 1 4 12 66 12 22 19 23 60 37 45 42 47 1 6 14 44 1 28 51 47 67 63 63 23 59 55 2 48 29 21 16 9 45 61 5 20 47 16
87 1 71 33 10 16 17 31 15 26 59 3 44 6 36 4 21 4 34 63 59 25 56 53 24 44 36 56 31 39 43 63 45 12 68 19 50 69 34 39 50 57 54 23 17 30 38 57 25 7 65 36 56 44 26 15 8 51 63 11 9 11 18 65 5 44 51 59 17 50 61 19 56
88 47 2 46 1 17 50 30 26 21 65 53 45 36 51 62 66 28 61 70 50 24 42 20 3 65 65 71 36 44 47 29 61 30 40 57 24 54 52 32 70 37 38 17 47 53 12 34 42 18 55 18 28 66 72 66 47 21 34 66 41 23 26 30 61 38 42 40 35 45 10 12 21
89 34 59 53 69 61 18 15 56 9 53 34 37 41 21 8 8 34 43 50 71 50 49 41 43 3 10 13 11 46 52 69 26 58 30 46 54 33 34 70 15 38 45 63 58 58 28 9 24 4 42 3 71 11 52 7 49 49 64 13 59 21 66 47 24 50 47 21 11 71 17 65 67
90 22 44 65 49 9 52 14 5 1 47 48 32 56 65 14 19 54 40 69 10 47 4 64 38 3 25 9 12 33 66 68 8 42 50 46 35 22 64 11 70 23 31 34 22 46 61 44 67 39 24 51 34 48 34 32 63 33 29 33 72 63 5 58 6 24 1 52 3 24 20 61 17
91 47 66 3 13 33 72 48 41 38 50 53 26 24 61 39 55 43 12 4 44 69 58 57 44 24 59 55 12 27 4 67 70 46 50 36 56 33 52 18 6 13 19 11 71 67 12 68 38 35 38 35 28 20 15 53 70 10 36 59 54 65 36 48 2 26 56 69 24 39 31 20 31
92 42 47 19 16 55 54 11 63 10 2 37 8 46 66 58 72 30 66 35 61 69 23 64 54 3 67 23 37 8 70 20 13 2 72 68 16 32 38 72 53 49 2 47 49 45 35 5 41 56 21 14 63 37 44 49 18 64 18 44 72 20 65 48 68 24 32 11 63 7 51 50 6
93 9 1 45 71 18 47 17 46 37 32 63 42 11 28 9 2 48 51 42 41 12 46 45 38 70 70 39 15 16 5 42 70 38 52 1 41 46 51 30 39 69 47 9 32 17 12 30 55 63 18 5 30 47 3 49 20 40 21 15 54 30 49 53 37 49 31 50 27 61 36 40 59
94 24 17 61 72 28 38 10 30 29 51 38 22 46 12 69 38 61 47 42 10 51 12 64 42 56 6 23 12 62 3 39 60 47 72 24 64 22 26 5 65 33 66 34 29 60 12 37 38 23 46 38 9 26 2 68 2 33 70 10 44 36 16 25 51 62 34 14 48 35 27 31 44
95 23 59 54 42 36 10 68 68 63 48 70 47 30 66 23 21 57 51 23 62 17 42 17 21 42 5 5 63 67 20 51 57 2 29 59 51 27 72 2 50 16 34 23 9 65 29 51 58 45 53 23 50 10 55 32 43 24 12 13 33 29 48 1 9 15 72 67 10 65 22 25 43
96 28 9 48 2 48 47 60 67 42 23 45 24 64 59 3 69 72 30 63 64 29 66 3 68 68 50 1 40 10 67 66 44 42 28 28 43 72 72 26 1 22 35 72 68 70 20 53 64 7 35 59 72 65 12 47 53 63 10 48 42 1 48 18 69 3 58 9 56 19 43 1 52
97 29 40 36 3 51 37 50 21 37 29 29 19 64 15 69 11 54 19 4 61 69 12 8 64 30 67 56 3 66 22 45 29 33 53 5 52 41 63 20 43 8 53 41 15 36 67 46 68 71 56 56 52 46 20 25 13 59 47 68 64 43 16 22 30 11 4 12 51 70 56 24 41
98 13 62 58 25 31 6 41 16 4 5 13 1 50 55 13 3 6 48 13 6 24 44 63 21 16 8 38 16 10 31 5 7 72 14 20 48 24 45 21 22 62 17 33 47 58 52 15 46 53 27 49 44 65 53 33 17 64 14 48 33 61 39 10 50 72 49 59 37 31 62 63 5
99 12 48 18 33 22 49 24 40 47 16 61 36 53 12 70 55 48 23 23 11 33 38 45 21 9 12 50 61 45 11 29 37 3 66 20 46 60 34 37 61 53 55 70 33 72 38 59 19 72 38 10 68 51 26 37 5 37 50 41 61 25 39 19 9 17 51 23 11 27 32 20 16
100 30 28 20 64 1 69 41 6 50 14 55 8 67 53 28 13 25 46 13 6 53 48 55 59 63 62 22 54 36 5 47 2 69 9 22 15 13 70 30 26 32 63 69 67 35 1 27 44 69 16 12 67 56 24 47 62 11 61 35 1 5 66 71 14 1 63 33 4 55 3 29 31
101 39 31 58 51 9 58 64 37 55 53 70 16 2 33 57 20 4 15 39 57 61 37 72 17 14 11 61 54 66 53 6 4 64 56 52 11 11 41 13 1 5 27 25 27 56 53 48 54 58 14 60 54 71 2 47 33 22 10 27 53 44 34 55 13 50 7 55 11 47 36 68 44
102 31 39 68 18 4 37 13 65 53 72 67 16 44 41 56 54 65 44 69 39 52 4 18 24 47 26 37 71 9 64 17 49 51 45 24 66 14 52 16 21 2 72 26 37 42 63 3 64 51 39 18 57 18 8 67 70 60 25 55 45 43 34 36 57 31 32 5 10 27 9 31 20
103 5 59 34 2 48 58 66 18 24 20 66 72 72 37 72 45 46 5 63 40 40 20 65 47 7 55 20 11 47 36 10 5 24 21 37 30 49 59 10 6 34 16 2 12 23 29 41 60 49 43 2 18 13 60 57 63 4 68 19 28 38 67 64 30 25 10 13 16 55 22 34 9
104 11 71 58 5 8 6 42 72 66 12 34 3 13 5 25 41 32 49 23 9 8 47 11 46 47 33 29 61 39 17 39 19 17 50 54 17 67 34 10 31 66 18 71 4 62 34 19 26 58 28 19 63 3 15 46 50 65 46 70 3 41 36 20 36 11 67 53 48 53 39 71 29
105 53 70 65 52 26 27 32 6 2 55 65 53 6 23 65 59 28 17 44 66 45 68 53 18 46 21 45 43 58 36 14 17 39 27 8 42 11 51 61 63 28 68 56 70 23 29 59 40 26 65 17 36 49 37 11 61 47 72 10 25 19 6 64 13 60 56 31 20 67 40 47 24
106 53 59 55 53 25 36 59 21 57 33 56 59 61 15 4 61 54 68 24 29 29 26 27 3 29 24 33 5 48 61 6 28 52 40 52 18 57 33 46 22 11 33 27 27 49 39 35 27 34 13 16 4 45 56 61 61 22 54 2 13 48 16 22 21 51 71 62 39 51 51 64 38
107 57 31 66 48 72 8 4 72 36 11 33 57 41 64 59 19 2 3 21 46 32 1 47 33 14 48 8 34 46 35 4 59 23 59 47 70 64 37 40 65 33 26 22 45 64 43 62 10 1 26 28 63 12 63 27 14 52 67 38 55 11 37 64 23 25 52 16 5 41 9 33 52
108 67 39 70 60 64 72 8 57 3 26 5 27 31 47 56 36 25 43 1 50 40 20 11 68 43 8 19 16 20 48 60 52 18 71 30 6 16 5 55 70 66 22 29 5 63 8 25 43 7 57 15 16 72 4 35 5 12 63 61 56 41 27 47 27 23 38 32 53 70 71 22 43
109 10 8 70 57 61 51 60 44 56 28 32 53 24 4 25 16 14 54 52 4 46 71 8 2 29 69 22 15 51 46 38 42 8 10 46 4 12 50 56 49 14 68 39 61 53 27 50 62 43 42 67 4 36 1 17 36 14 30 18 28 69 35 49 2 40 28 36 59 45 39 48 54
110 27 61 7 41 39 14 30 60 51 59 33 38 47 35 29 63 38 23 28 60 52 38 50 49 58 12 53 34 45 69 63 61 65 7 69 19 19 33 51 11 39 14 65 54 50 16 34 57 16 15 69 56 27 38 10 8 1 39 21 53 30 15 9 64 64 25 26 27 26 69 37 57
111 51 18 25 35 65 31 37 62 36 48 48 1 53 61 34 47 69 33 50 22 16 54 13 57 29 22 57 6 35 32 9 55 35 42 45 37 20 29 35 56 52 60 10 18 20 48 6 35 18 56 51 49 39 58 57 8 65 15 57 48 47 72 52 2 24 67 42 68 71 56 37 64
112 60 26 64 72 7 33 43 70 72 10 10 1 4 62 21 62 51 38 36 71 37 21 24 60 59 50 3 54 72 4 64 34 43 33 21 17 18 48 37 63 41 26 22 24 11 40 56 56 24 58 70 58 45 63 57 65 49 51 64 57 50 39 37 33 8 55 28 16 6 54 15 29
113 10 61 49 6 12 54 43 3 16 20 56 1 70 10 16 12 49 39 45 17 32 40 60 62 7 57 52 41 63 70 57 47 22 44 42 13 20 8 48 64 14 56 17 6 29 10 67 45 53 31 26 34 20 26 13 55 70 13 16 26 3 33 4 62 24 20 46 2 14 69 61 11
114 66 50 1 10 64 12 54 21 69 15 67 38 51 62 37 43 16 26 7 56 56 33 24 31 53 39 31 20 46 23 72 7 23 41 53 54 11 63 70 11 56 53 60 39 5 55 70 29 46 69 23 52 20 34 52 13 31 69 53 32 21 37 63 30 5 45 50 44 41 31 44 1
115 21 54 39 36 49 46 27 18 38 12 24 53 15 36 33 70 2 52 4 60 28 36 24 18 68 71 50 63 65 25 49 68 6 39 59 32 22 35 66 28 53 56 70 38 44 69 61 56 56 67 44 4 33 51 17 45 70 18 50 68 21 6 34 34 66 17 58 64 53 45 41 25
116 31 9 30 29 7 54 27 12 48 67 70 14 24 27 11 23 20 56 48 30 61 65 20 1 11 61 8 40 43 62 26 5 27 43 24 67 61 7 34 10 38 12 37 47 70 5 66 67 47 44 63 66 29 62 1 52 18 54 8 37 7 6 57 57 9 17 4 28 24 62 31 10
117 23 71 57 6 49 37 69 20 9 62 64 13 50 34 51 15 30 56 45 70 66 53 32 27 20 15 33 11 39 63 31 13 36 17 14 20 66 40 44 46 58 6 48 21 15 16 50 1 13 15 46 46 61 55 72 69 9 46 45 56 56 10 1 8 69 68 20 51 48 54 28 8
118 66 15 44 57 46 46 35 69 15 67 62 47 41 23 64 57 42 33 21 63 41 69 68 43 65 30 70 57 67 55 12 15 48 48 48 65 69 46 52 67 56 65 30 26 47 25 65 62 38 5 28 27 13 13 71 41 30 28 2 49 21 18 13 6 5 17 34 36 14 24 15 23
119 46 16 24 43 13 34 1 7 56 37 28 38 11 61 35 29 39 34 39 36 12 58 50 26 8 70 2 11 14 31 34 2 50 46 64 55 47 14 19 45 40 34 35 41 54 18 3 13 14 38 13 30 27 70 51 17 71 16 46 34 36 51 17 35 61 50 45 10 37 54 31 5
120 62 56 60 65 38 49 37 11 64 49 8 16 17 41 63 17 43 27 2 32 26 58 31 16 36 29 9 8 5 69 66 2 43 44 25 37 17 31 38 35 45 54 50 18 37 7 5 66 12 63 9 72 27 47 68 22 63 20 36 15 30 40 54 31 66 2 42 24 30 55 38 69
121 5 49 24 28 16 6 36 29 19 25 30 37 13 28 9 4 53 56 53 3 37 18 36 27 28 37 19 31 47 34 34 71 53 36 12 2 37 16 62 29 3 46 3 69 59 66 43 23 21 7 14 43 5 16 21 38 30 66 72 20 30 58 1 5 45 63 45 25 50 31 33 41
122 62 6 2 31 15 33 51 53 45 28 54 35 55 54 33 21 55 36 62 58 48 50 10 19 36 42 14 49 10 69 72 8 43 18 9 7 33 30 42 36 8 61 23 57 67 52 15 14 24 32 5 29 42 45 35 14 22 47 47 17 23 32 56 50 9 2 55 3 42 35 12 4
123 43 16 27 7 9 49 62 6 60 47 49 47 30 44 12 49 60 19 3 25 1 48 31 64 3 4 63 54 14 18 7 25 21 69 10 41 49 64 58 8 58 71 63 37 49 33 64 64 55 60 44 8 33 44 34 37 36 37 71 71 53 55 35 23 10 24 62 1 17 72 43 38
124 12 59 57 50 28 58 70 58 56 58 44 26 22 63 48 72 49 4 28 20 58 44 2 55 5 24 16 53 72 36 11 50 14 65 72 38 34 71 68 5 45 22 5 28 4 6 26 39 60 9 1 25 14 60 2 17 48 45 64 59 47 53 25 40 19 37 30 51 42 63 72 52
125 62 42 35 68 57 49 33 64 40 14 7 53 49 59 39 66 17 41 21 8 39 27 16 36 26 9 38 51 25 7 33 63 57 5 15 60 22 6 14 61 56 9 5 41 64 14 61 35 35 72 13 12 25 54 62 68 6 17 13 64 38 37 39 15 54 68 4 51 70 59 71 10
126 2 14 68 11 55 39 45 55 14 58 22 29 6 59 34 5 49 50 16 69 70 44 39 19 18 27 67 47 63 8 27 18 52 30 61 61 15 4 18 17 66 40 5 17 53 46 47 23 46 69 32 23 30 16 51 29 1 26 14 28 64 37 67 4 24 24 40 55 70 65 12 70
127 65 72 60 14 72 16 54 15 39 44 47 32 27 58 72 15 27 24 38 18 52 64 35 35 7 36 7 14 37 29 62 51 57 37 7 65 23 50 18 54 12 45 50 61 48 29 68 3 55 9 3 52 28 37 65 40 13 55 31 35 48 42 58 29 18 11 16 39 32 54 50 59
128 42 55 52 41 63 7 48 12 62 21 21 69 35 47 64 21 15 29 29 54 55 28 13 18 61 63 60 45 53 37 43 28 50 60 33 31 14 57 62 47 28 66 49 17 39 13 55 26 1 10 5 10 29 71 66 27 4 59 53 8 4 49 55 14 12 44 37 71 13 1 63 42
129 41 34 7 69 43 37 14 21 37 15 23 12 32 18 4 61 9 54 65 4 41 50 19 63 25 62 60 17 57 18 19 70 41 47 54 70 11 24 37 8 55 20 21 31 34 7 48 39 9 21 43 2 14 6 61 43 53 29 37 9 18 31 10 67 31 26 39 65 59 13 50 8
130 14 3 42 2 26 47 58 36 58 12 45 57 13 35 10 42 36 32 67 47 64 18 38 6 29 5 3 37 39 25 22 32 4 2 3 46 49 65 5 43 35 33 38 67 33 58 21 48 47 65 52 50 48 9 16 6 8 71 29 40 12 66 64 54 42 25 9 5 72 21 52 34
131 59 59 27 58 53 16 20 5 55 51 31 60 67 20 60 44 6 18 10 43 68 64 50 44 36 13 70 8 52 70 55 71 45 4 56 58 51 17 45 20 11 20 28 25 19 51 34 9 63 22 12 37 14 65 4 47 7 31 5 48 49 3 57 61 15 61 49 65 20 56 17 28
132 22 62 65 60 2 31 10 14 40 59 59 65 13 32 40 15 34 57 3 19 57 23 7 35 7 53 41 30 45 15 33 9 53 27 21 13 22 35 66 49 38 13 21 62 61 15 42 13 45 9 33 23 3 20 29 43 43 23 65 10 38 4 6 29 45 44 63 67 12 1 28 42
133 30 50 51 25 42 26 49 58 19 63 71 64 57 53 59 32 27 47 8 30 21 8 45 4 21 23 9 27 33 26 44 49 11 59 45 49 10 9 52 44 4 52 72 23 49 49 70 14 53 55 31 70 65 66 30 65 11 31 63 27 45 23 26 32 51 72 10 26 47 60 7 4
134 71 32 10 8 50 47 29 12 11 71 33 48 62 28 28 41 70 50 33 38 56 66 63 68 32 68 37 35 13 19 65 39 56 61 25 31 39 25 28 60 51 10 44 13 69 9 67 50 68 7 44 49 29 46 7 46 2 49 5 32 29 67 10 35 49 6 45 34 1 68 30 66
135 44 58 15 58 42 61 72 14 16 2 55 24 12 44 37 39 35 55 44 58 57 56 34 70 50 4 7 51 55 46 41 16 56 2 16 57 8 14 68 35 55 18 11 57 64 10 2 22 69 5 14 9 65 72 10 43 67 67 39 32 43 44 68 16 41 11 49 34 68 29 67 65
136 4 68 64 32 14 72 46 72 64 21 3 36 62 33 34 58 24 4 45 50 35 42 54 12 37 33 10 33 51 41 27 71 12 55 31 58 22 50 42 51 12 32 12 57 41 32 32 2 72 41 26 72 1 30 28 30 65 52 6 36 41 7 52 13 71 14 38 55 71 66 16 4
137 47 52 55 63 20 24 26 7 33 40 52 40 29 6 7 3 13 66 17 31 60 54 15 6 15 69 8 67 30 33 43 2 68 36 31 25 54 2 3 20 42 41 20 58 44 6 25 20 10 60 15 21 18 62 39 40 19 2 67 13 4 13 67 37 17 23 63 30 7 24 43 57
138 63 24 44 6 42 45 47 34 37 50 4 55 47 12 17 61 60 60 10 72 55 4 8 36 29 9 60 44 36 28 55 3 65 54 3 62 42 62 50 8 43 65 67 33 17 19 9 46 51 5 55 20 47 12 15 66 5 12 68 43 13 59 14 16 70 57 43 23 56 34 57 46
139 59 5 67 34 10 9 69 31 6 70 31 48 59 61 17 15 71 9 43 26 19 2 15 17 21 59 62 14 1 41 49 63 28 34 68 9 7 53 63 26 22 30 70 17 4 68 9 69 31 18 50 43 70 57 25 44 2 51 39 67 1 47 61 33 46 54 44 29 27 28 15 12
140 41 66 5 12 57 1 55 5 25 57 60 47 20 26 26 42 10 45 18 27 72 25 19 4 65 1 13 60 23 37 30 44 46 3 65 70 27 68 7 40 58 6 5 28 48 70 36 67 27 51 60 70 48 40 43 37 5 12 60 13 63 71 51 67 53 14 59 13 63 70 67 43
141 31 57 4 53 22 51 27 8 5 37 54 55 55 70 20 38 3 45 34 38 57 68 59 54 56 6 39 2 22 40 18 59 57 62 47 47 58 17 53 11 63 61 22 66 58 39 61 56 54 24 68 48 66 1 43 41 37 31 16 21 11 68 20 32 66 33 64 44 16 60 1 43
142 1 22 34 52 6 16 32 6 22 4 65 67 4 21 18 30 28 15 29 4 69 46 14 34 41 22 28 61 62 13 60 11 43 49 51 67 20 44 69 64 31 47 20 39 9 15 24 25 20 2 60 47 35 17 55 18 68 51 54 6 50 42 62 43 42 9 67 59 39 20 4 52
143 45 2 69 28 4 71 69 67 24 34 67 50 40 46 10 58 54 24 22 69 8 13 1 71 47 62 27 52 30 54 31 32 24 38 60 40 62 51 8 53 45 5 61 55 34 12 68 44 13 31 14 14 12 68 2 31 66 36 8 32 14 22 46 29 21 53 21 27 32 25 62 18
144 65 64 39 56 42 43 8 19 12 4 46 65 40 2 46 47 40 26 35 24 38 15 68 43 62 52 24 31 19 6 5 2 53 7 43 18 66 50 65 40 7 12 60 51 16 35 31 56 61 52 37 56 14 38 59 36 63 42 10 9 10 55 67 16 40 43 30 64 45 27 2 39
145 72 51 7 11 21 29 55 69 70 20 23 21 39 5 14 46 4 2 43 56 31 26 43 14 7 27 12 3 9 57 7 53 25 45 17 46 58 6 16 64 67 69 47 10 68 46 52 7 35 48 53 14 14 22 22 21 32 1 39 61 7 16 22 4 31 25 49 5 33 24 26 34
146 31 70 60 1 69 14 2 41 50 65 6 43 15 47 2 42 53 22 59 69 65 44 47 42 66 59 6 65 16 70 29 60 61 56 5 17 65 22 54 6 72 48 70 21 47 2 21 23 9 69 70 16 71 39 5 62 28 54 21 25 66 42 50 57 6 37 33 31 29 7 8 16
147 29 57 53 18 6 55 16 72 34 59 44 4 33 49 65 68 25 35 51 16 3 48 28 26 17 22 13 41 2 60 48 32 65 61 65 6 65 33 49 31 3 50 54 14 27 10 62 53 45 53 37 12 25 19 51 8 32 53 30 38 58 68 64 44 5 59 16 72 26 28 41 37
148 7 52 46 42 7 43 32 11 32 69 13 23 25 23 30 37 64 57 18 67 32 39 32 64 18 21 45 30 20 56 16 24 53 64 8 1 69 32 70 22 48 18 24 47 66 67 67 17 67 17 39 40 49 27 48 15 5 66 55 2 18 63 18 61 40 1 21 29 15 47 15 62
149 17 39 47 5 32 41 20 13 15 47 22 48 56 71 51 8 72 68 65 42 22 2 59 51 6 21 61 5 70 8 21 32 69 28 22 31 3 32 46 70 29 67 24 48 69 49 60 49 62 4 26 39 59 6 5 39 16 9 16 53 71 15 26 10 50 70 53 32 43 50 9 9
150 27 39 47 32 5 31 26 10 63 72 16 17 26 55 72 10 7 66 35 2 5 71 72 25 7 59 52 39 51 68 1 51 35 3 29 61 35 59 22 72 21 51 38 21 7 4 27 55 64 12 66 6 45 54 52 41 19 49 32 68 7 41 66 60 20 5 20 61 19 29 6 51
