200
171 9238
120 7122
294 57
381 4000
178 11872
410 30840
166 25013
120 10169
302 19971
185 22841
403 18623
306 5952
322 33990
21 6908
459 6529
451 36253
201 12052
466 4630
387 22749
434 919
428 30054
311 20214
130 8033
419 31111
234 1655
299 35092
106 29738
202 16336
438 3783
372 22165
43 24836
308 23485
313 25984
38 3875
382 8551
183 4085
223 20498
372 14327
109 5034
160 8133
189 8856
271 22018
194 10470
305 14522
425 13940
66 1603
289 17205
222 2673
304 31527
103 29916
358 36354
66 28058
351 6806
418 1902
88 23302
438 7387
289 4476
56 10080
304 1519
170 9650
229 28422
73 10753
358 15937
423 16320
428 17928
156 24787
305 23725
89 30529
239 34937
179 11554
227 8833
320 14234
417 14652
449 7892
434 9551
188 30923
469 12096
272 11884
67 12250
109 11419
116 21187
207 13613
93 10549
90 16827
329 28085
399 30646
102 7933
79 6639
166 19041
261 26087
78 10234
104 19392
134 22292
317 30081
44 6892
409 33424
323 5592
129 2083
208 36043
234 21036
446 35448
115 12104
153 9233
132 3433
194 24258
128 5454
38 12394
353 5964
202 29947
74 20899
209 17105
84 30722
275 11125
41 11286
397 2174
112 23216
66 7255
106 8419
141 29369
425 10179
371 34230
293 3470
335 19915
338 34034
96 20547
323 1513
169 36191
39 16070
76 27091
330 18210
474 9047
35 28689
337 9874
352 3790
20 19920
435 25061
147 9001
268 21794
66 12172
66 28644
398 7362
315 11872
295 10757
334 14426
476 17270
153 26707
114 35781
127 34838
329 30472
423 16114
381 22356
76 6284
54 21722
314 27456
314 4196
435 20647
37 6968
162 11377
86 26321
200 3557
400 28725
112 26819
191 10054
441 13079
382 8019
184 11519
305 32873
216 11069
398 13923
340 9136
246 17858
443 29566
229 9699
406 7768
138 2908
428 4334
217 9098
274 14355
34 8353
300 18283
344 16471
469 20078
241 22425
394 11130
300 16105
394 23644
111 19375
176 31745
376 32761
38 23764
273 5900
251 30756
467 3478
222 7668
209 14014
368 30880
178 33949
255 18624
271 8330
121 24797
0 4 9 6 7 4 8 7 5 9 3 1 2 9 10 10 6 3 9 3 10 6 3 5 1 4 6 9 4 1 6 5 7 2 1 4 7 7 5 2 9 4 1 4 6 7 4 10 9 3 1 1 6 1 3 5 6 6 6 10 7 8 1 2 1 1 9 1 5 6 9 7 9 2 10 5 7 5 1 10 5 9 1 5 5 3 5 2 7 2 6 6 7 10 9 4 8 5 2 6 3 9 5 1 6 9 3 5 7 2 7 10 6 5 4 6 3 7 6 7 2 10 2 4 9 4 4 2 4 7 8 4 9 3 4 3 10 2 1 8 6 3 5 6 8 8 10 1 7 3 6 6 1 2 1 5 1 10 10 5 4 3 5 7 6 3 6 7 3 9 8 8 1 10 10 5 8 5 4 5 7 2 10 4 1 3 7 2 8 2 1 1 10 1 7 4 5 7 7 6
2 0 2 5 10 9 9 2 1 5 6 8 8 9 8 3 5 2 9 1 8 8 7 7 4 5 7 7 2 2 8 3 7 3 5 7 4 2 7 3 3 2 10 10 8 8 8 4 9 3 4 7 5 8 2 8 4 8 6 5 3 4 9 7 2 7 6 6 7 9 10 1 9 10 9 5 8 4 2 6 8 2 3 4 9 4 7 2 5 3 6 2 3 6 1 6 2 6 8 1 5 9 9 1 3 9 10 3 8 3 6 4 5 10 10 6 7 7 10 4 3 10 8 7 5 6 8 10 2 8 4 7 7 9 1 2 3 7 10 4 10 2 4 10 1 7 7 4 3 1 2 2 8 3 10 6 1 5 1 4 7 9 3 7 9 7 6 6 4 3 9 9 8 1 6 4 9 3 4 2 2 1 2 10 10 2 3 4 5 2 9 5 7 5 6 3 3 9 7 1
10 8 0 2 8 3 5 10 6 3 5 4 7 1 2 9 7 5 3 8 8 1 3 9 3 9 4 10 7 7 10 2 10 2 3 4 1 2 4 6 2 10 4 4 2 9 10 1 6 9 6 7 6 8 9 7 3 8 5 9 3 4 4 4 10 3 6 8 1 4 2 10 3 3 8 5 3 2 8 9 8 5 3 6 2 2 6 8 3 7 1 5 5 4 1 10 9 4 3 9 1 8 9 5 8 1 8 7 3 5 9 6 9 1 8 4 9 6 4 7 4 4 10 10 3 10 2 9 3 2 7 3 5 5 7 7 6 1 3 1 8 7 1 8 9 4 8 9 1 6 9 7 5 4 5 7 2 6 9 3 7 8 6 2 10 7 5 6 7 2 5 2 4 3 6 1 4 1 9 3 2 7 9 9 2 6 1 3 8 6 2 10 9 7 5 9 3 1 6 4
3 8 9 0 8 4 6 3 3 3 1 2 2 9 3 7 1 7 10 2 10 8 1 10 4 7 8 7 1 5 5 1 6 5 3 4 2 7 4 10 3 3 4 8 9 3 2 5 5 6 8 9 3 3 7 10 7 2 8 10 3 1 10 10 9 7 7 8 10 5 1 6 9 10 8 8 9 5 7 7 8 5 7 5 7 3 9 9 7 6 10 10 10 1 8 5 4 1 9 8 9 3 3 7 5 1 3 3 4 9 8 10 3 3 9 8 1 7 7 6 5 9 10 7 7 2 10 8 10 8 10 10 5 7 9 9 7 6 3 6 4 8 8 2 9 4 10 7 7 10 7 7 6 7 4 2 4 5 3 7 9 4 10 10 9 8 2 8 9 3 10 7 9 4 1 8 7 9 8 8 4 2 7 8 6 1 6 9 4 8 3 1 1 5 10 9 10 9 3 2
9 5 6 2 0 2 2 4 5 7 1 10 4 6 2 8 2 7 3 4 9 7 10 1 9 2 4 1 2 9 1 4 3 1 7 4 4 5 2 8 6 1 10 9 4 6 2 9 10 10 7 9 10 10 2 4 9 2 3 10 6 10 6 8 4 8 4 8 3 5 8 8 4 4 8 4 1 1 3 6 3 8 10 5 8 10 3 8 2 7 10 10 3 10 9 10 9 10 3 7 10 2 2 6 8 8 9 5 9 10 3 10 6 8 3 5 9 7 1 5 9 9 8 7 8 2 10 5 1 1 4 9 9 7 4 3 1 1 9 5 5 10 8 4 1 3 8 9 2 10 1 6 8 5 3 4 7 1 10 6 10 9 9 6 1 7 2 10 6 7 9 6 6 9 5 6 9 6 1 10 10 7 7 2 1 2 9 5 4 10 10 1 2 9 3 2 7 9 4 7
8 7 6 6 6 0 1 7 9 8 5 9 1 6 2 9 8 8 9 3 2 10 9 8 1 8 4 4 2 7 2 9 2 3 10 4 3 10 9 6 7 6 3 2 9 8 8 6 10 6 5 8 9 10 9 1 9 6 5 7 2 6 7 9 1 2 8 1 9 6 3 8 1 6 9 6 1 8 4 5 6 5 10 2 10 6 4 6 9 5 1 2 4 7 10 10 8 9 2 9 3 4 1 10 7 1 3 9 4 9 1 1 4 10 9 10 4 8 3 8 5 10 7 5 4 7 5 3 6 8 4 5 7 6 9 10 4 4 9 1 8 1 5 2 6 8 8 1 10 6 8 8 7 5 2 1 7 5 2 3 6 6 10 2 4 3 2 1 2 2 1 1 7 2 3 8 4 7 2 7 4 2 2 9 2 8 8 4 6 4 1 6 8 1 5 9 2 6 3 4
2 5 8 9 4 10 0 1 7 5 5 8 8 5 5 8 7 4 2 9 3 5 4 7 9 10 9 7 7 2 8 4 3 2 4 3 8 9 6 6 6 7 3 8 2 2 5 5 5 2 7 5 7 6 1 9 4 4 9 7 9 6 7 10 4 10 2 4 4 6 5 7 7 4 5 3 7 3 9 10 3 4 4 2 3 7 9 10 8 6 5 8 6 3 5 8 1 6 7 5 9 9 7 3 7 2 9 6 1 3 4 3 10 10 7 10 3 2 1 7 1 9 6 7 6 2 8 1 10 5 9 7 4 9 9 8 10 8 4 2 6 2 9 8 7 7 4 4 9 6 5 6 7 3 3 1 5 4 8 7 3 6 5 6 6 4 3 7 10 8 6 4 2 8 7 7 6 4 2 3 7 2 3 3 4 6 10 10 8 8 4 2 9 7 4 7 9 6 7 1
3 5 6 5 10 6 2 0 10 10 6 2 5 10 2 5 9 7 4 6 9 7 7 7 5 6 3 10 2 10 8 4 3 7 9 4 10 3 7 5 10 1 2 2 6 10 7 6 2 5 8 9 5 7 5 10 9 3 2 2 9 3 7 7 7 7 5 10 1 6 8 8 10 9 3 3 3 2 9 1 1 2 9 3 8 1 3 5 2 4 4 10 10 3 4 8 7 8 3 10 5 10 6 1 2 10 6 3 10 7 5 8 4 10 4 3 2 7 6 9 2 8 8 9 4 4 7 4 4 10 9 4 10 10 10 5 9 2 4 3 10 8 10 9 10 10 2 9 2 10 8 7 7 2 7 5 7 8 8 1 6 8 3 2 4 4 4 8 5 3 3 3 1 10 6 2 8 6 10 7 7 10 6 1 5 10 5 7 8 5 5 4 2 2 2 6 2 6 8 2
6 6 5 5 5 1 10 5 0 8 9 10 3 5 6 10 3 5 8 3 2 7 9 10 3 1 9 9 6 8 9 7 7 5 9 3 3 2 3 10 9 8 7 5 1 8 4 5 5 7 9 8 1 2 3 1 8 2 10 9 10 9 2 4 2 6 7 5 7 5 7 1 6 9 6 3 1 2 1 7 6 7 5 7 4 7 2 8 8 8 3 3 1 9 5 1 5 3 5 2 9 7 9 10 7 4 3 4 1 7 10 8 4 6 2 4 7 6 4 10 10 9 10 5 8 5 6 9 9 2 4 7 5 2 4 2 6 5 10 9 8 3 9 8 2 9 4 7 2 9 6 2 5 4 6 2 4 6 2 8 2 3 8 1 2 7 1 6 1 9 1 5 6 8 4 10 9 9 3 1 4 9 9 6 4 1 9 5 8 9 7 9 8 5 6 9 1 10 5 9
10 2 1 9 2 5 3 8 3 0 7 1 8 10 8 4 2 2 7 7 10 1 4 10 2 1 3 10 3 10 4 5 1 1 10 4 6 6 4 3 9 3 10 4 5 8 4 5 4 5 2 8 5 10 4 1 10 9 5 8 8 7 1 7 7 3 5 5 3 7 8 8 1 3 10 8 3 4 8 10 6 6 6 9 4 9 10 5 2 9 6 8 3 9 10 8 8 3 5 3 6 10 6 3 3 4 5 6 2 8 3 3 5 3 3 5 9 6 8 5 5 6 4 2 10 9 6 7 5 6 7 6 10 9 3 2 10 2 10 6 4 5 5 10 6 10 6 7 1 2 4 2 1 9 2 9 3 1 8 2 5 3 6 9 10 1 3 10 3 6 4 5 3 10 6 8 7 8 7 9 4 3 9 8 8 4 4 2 9 7 1 5 7 6 3 8 1 10 7 9
1 3 1 5 8 7 8 6 1 1 0 4 5 9 6 9 6 4 4 1 10 5 8 4 3 6 1 7 3 1 2 3 1 4 8 2 10 1 5 7 9 2 7 6 10 2 8 5 9 8 3 8 10 4 8 6 1 2 7 9 6 4 8 9 8 2 6 8 4 3 5 10 7 2 9 7 2 9 8 3 10 7 7 8 8 9 2 7 10 7 9 5 10 8 1 9 2 10 9 2 7 3 9 6 3 3 4 2 4 3 10 10 3 1 4 8 3 1 5 4 5 5 9 2 6 7 9 2 8 9 4 5 2 6 10 10 9 4 7 10 9 10 7 6 10 10 4 10 8 2 6 6 5 6 5 10 10 9 2 10 1 1 3 1 4 3 3 5 4 2 2 9 2 5 2 10 10 1 4 4 4 2 3 1 8 10 3 1 10 1 10 7 8 7 5 3 10 4 3 6
10 3 3 1 6 8 10 9 9 3 9 0 8 6 9 3 6 2 10 9 5 10 9 5 1 5 5 5 7 3 8 6 6 10 1 4 1 2 4 6 10 7 8 9 8 9 1 8 6 8 9 9 3 4 5 7 2 4 10 6 2 6 2 10 10 1 10 6 6 6 7 1 5 5 8 1 5 5 1 6 10 6 7 10 8 8 4 6 6 5 8 2 9 6 10 9 2 8 7 4 10 5 1 7 7 10 10 7 2 5 10 8 10 6 7 10 4 4 6 3 7 4 5 7 6 4 3 1 10 4 9 3 4 6 8 2 1 10 5 2 5 6 10 8 9 7 5 2 2 7 3 3 2 1 3 4 3 2 7 9 8 7 9 9 8 10 7 4 8 9 6 5 5 9 4 6 1 3 9 4 10 3 8 6 6 8 9 10 8 8 2 4 3 1 3 10 2 8 6 6
10 3 1 4 9 9 4 7 7 2 9 1 0 8 4 4 10 8 8 5 2 1 7 6 4 1 1 5 3 7 9 5 10 9 6 3 8 10 3 4 4 7 8 6 1 5 8 6 7 2 8 3 5 3 5 6 4 3 5 1 1 8 6 2 5 2 8 7 10 8 3 5 7 4 8 3 6 2 6 3 6 1 1 6 5 8 10 5 8 2 8 10 4 10 8 10 10 9 4 4 4 3 2 4 1 7 4 5 7 7 4 5 7 5 9 6 7 7 9 4 2 10 2 4 6 9 9 9 1 10 4 1 3 8 10 6 1 3 3 4 2 5 10 10 8 5 2 2 1 2 10 7 6 2 5 8 7 3 6 8 2 9 4 7 2 1 4 2 3 6 8 1 3 6 4 4 8 9 6 1 9 8 6 10 8 3 7 9 9 1 5 2 8 1 9 9 2 5 9 4
5 8 5 10 7 8 6 10 3 8 6 7 9 0 8 6 1 9 2 5 8 1 6 5 10 3 4 4 6 5 4 4 6 1 2 10 6 5 7 5 3 8 2 8 10 4 8 6 2 6 5 2 2 7 9 1 6 3 6 8 7 7 3 6 9 4 6 3 4 3 10 5 3 2 9 9 5 8 9 5 4 8 4 4 1 10 7 7 6 5 6 5 7 3 2 3 10 2 7 10 4 8 8 10 5 10 8 1 9 2 7 2 3 9 6 3 9 4 5 6 3 2 7 2 5 4 6 7 8 9 5 7 4 7 9 1 2 7 5 6 5 4 6 9 6 8 8 5 5 5 7 10 8 1 9 1 8 5 9 2 4 8 6 5 4 3 3 7 1 5 6 6 7 10 1 10 9 2 3 7 2 9 9 3 6 1 7 5 6 1 9 4 3 1 5 1 6 2 8 2
4 4 7 9 9 10 8 6 6 7 2 1 5 2 0 5 6 5 7 6 5 8 8 7 8 2 3 5 9 2 8 8 3 3 10 5 6 8 8 9 10 2 7 6 8 5 3 10 3 1 4 6 7 9 5 10 5 9 1 3 1 10 7 10 8 1 2 2 3 1 2 8 3 4 1 7 1 8 5 7 1 3 4 6 4 1 8 3 8 3 6 1 6 5 1 2 1 4 10 7 2 4 3 3 2 4 4 7 8 6 9 3 4 3 7 8 8 7 7 5 2 7 10 6 6 4 1 8 7 2 9 10 8 1 10 3 8 10 5 2 8 5 6 3 4 9 8 1 1 7 10 1 8 2 5 5 5 2 7 3 10 2 9 1 10 5 4 9 2 5 4 5 8 7 5 9 10 8 9 2 10 9 3 9 6 7 10 7 6 1 4 1 4 7 1 7 7 1 1 6
10 7 3 9 2 3 2 3 4 6 6 9 10 8 5 0 4 1 2 6 5 3 1 1 1 8 7 3 10 10 9 3 6 9 1 5 7 3 6 10 3 10 6 6 8 8 5 1 10 2 8 7 4 1 8 4 5 5 10 4 6 3 7 1 1 6 7 1 5 3 6 8 9 6 8 10 4 7 6 8 1 2 7 2 5 1 1 4 9 4 9 8 4 5 9 5 4 10 9 5 1 4 7 10 5 2 2 2 8 1 8 5 6 2 7 1 1 1 3 1 4 10 8 7 4 8 1 9 4 4 2 7 6 4 4 4 1 6 4 4 8 4 3 9 10 3 1 5 4 5 10 3 2 10 7 3 7 9 8 8 7 4 2 6 10 7 10 1 6 1 7 2 6 3 4 6 10 7 9 7 4 10 4 9 10 10 4 4 6 3 1 6 4 8 6 8 7 8 10 2
5 7 4 2 9 6 6 2 10 5 3 2 10 6 10 5 0 7 5 8 4 2 10 5 8 6 9 1 4 6 10 4 4 8 5 6 6 3 8 5 3 9 2 3 1 8 6 1 1 10 7 3 6 4 1 7 6 5 3 6 7 10 5 9 10 7 6 5 2 6 3 6 8 3 5 2 8 8 3 4 10 5 6 10 10 6 5 6 7 8 10 3 5 6 3 5 5 3 6 4 9 9 3 6 6 8 8 6 6 6 3 8 7 6 7 1 7 8 1 8 7 4 4 7 8 7 5 9 10 6 2 3 4 7 8 10 6 9 9 2 7 6 6 8 10 5 10 10 1 8 2 3 2 9 5 3 4 5 5 3 5 3 10 1 10 1 7 8 1 9 1 9 2 2 10 6 9 6 7 10 8 2 1 4 10 2 2 5 10 5 3 9 3 4 2 4 5 3 10 5
4 1 6 6 8 8 4 9 9 6 6 7 8 8 9 9 10 0 2 9 9 2 5 4 9 10 10 4 10 3 2 1 9 7 8 2 1 8 3 2 4 5 8 3 7 9 6 9 1 3 6 6 6 10 9 8 8 9 5 3 10 7 2 10 4 10 5 3 3 2 5 6 5 10 10 10 1 2 7 6 5 5 10 7 10 5 6 7 7 8 5 8 7 10 4 2 10 6 9 4 5 9 10 2 8 3 2 10 2 4 1 3 3 4 5 3 6 5 2 2 2 1 7 2 5 3 8 10 9 10 3 2 10 5 9 9 10 7 8 7 4 8 4 3 7 3 7 2 6 8 8 1 10 10 3 6 3 5 3 4 1 8 6 7 9 8 2 7 3 4 6 10 1 1 9 6 8 8 6 3 8 8 5 8 10 2 2 1 9 5 4 9 5 1 9 5 6 7 3 10
7 10 5 7 10 5 7 10 6 10 3 4 3 9 2 3 5 1 0 10 10 8 6 8 9 2 3 2 8 4 2 1 9 8 10 7 10 10 9 8 6 10 5 8 9 5 4 8 4 10 3 10 1 4 8 8 9 2 2 2 4 10 7 3 5 8 9 3 5 2 3 6 9 4 9 7 4 8 2 5 9 6 8 4 1 9 6 8 1 5 5 3 1 4 3 3 1 8 4 7 9 7 4 10 4 10 2 7 1 1 1 10 10 9 2 1 2 1 3 3 8 5 6 1 10 8 9 10 10 2 8 1 3 8 2 5 7 9 7 5 1 4 10 10 3 8 1 6 7 4 2 9 5 5 1 6 3 1 1 5 4 6 9 10 6 10 1 9 6 1 5 3 9 5 2 5 6 3 10 10 2 2 5 6 4 1 2 7 2 1 9 10 2 7 4 9 6 1 3 8
9 8 1 7 9 7 3 2 7 5 3 10 5 8 8 9 7 2 5 0 5 1 2 8 1 5 3 8 4 8 1 4 9 10 10 6 8 3 4 2 7 10 3 9 10 2 9 8 1 2 4 2 1 6 7 1 7 2 2 7 1 4 8 8 1 7 8 1 4 4 7 4 9 8 10 7 4 2 6 6 9 7 2 5 8 9 10 7 7 8 4 4 2 9 3 2 9 2 2 7 7 7 10 4 6 7 3 4 7 8 4 1 4 7 5 2 10 6 1 3 4 4 6 4 3 8 2 8 4 7 9 8 6 10 9 4 3 10 4 9 3 3 4 8 3 5 10 3 7 5 5 5 10 6 10 6 3 6 7 8 1 9 3 1 5 5 2 3 8 1 7 1 10 1 6 1 8 9 4 2 10 3 2 3 7 8 2 5 2 3 7 6 1 9 10 4 9 9 2 8
5 2 6 8 6 1 5 10 2 3 3 7 7 6 8 4 1 2 2 3 0 7 4 1 8 8 1 10 3 3 3 3 6 10 7 8 1 6 10 10 8 2 3 3 1 5 2 6 6 1 9 3 10 10 7 3 9 5 8 10 8 4 10 6 9 2 9 2 8 7 6 3 8 10 5 1 6 9 9 9 3 6 8 4 1 7 5 8 6 3 7 2 6 6 8 7 2 6 6 8 3 10 6 10 4 10 6 2 3 9 6 3 3 9 4 8 3 9 7 2 4 5 4 1 2 6 2 5 7 4 3 7 9 4 3 7 4 9 5 2 5 9 6 9 1 8 9 8 5 9 6 6 3 7 6 8 9 7 2 3 8 9 10 5 2 4 9 1 5 2 10 9 8 6 3 1 9 8 7 9 7 5 3 1 6 10 2 1 3 5 7 5 4 3 8 9 2 3 10 3
6 1 2 3 1 3 5 1 10 9 2 5 3 4 10 4 9 1 5 7 5 0 1 3 5 2 10 7 1 7 8 1 6 1 4 8 1 7 10 5 9 4 6 1 6 3 4 6 2 4 6 5 9 8 1 4 3 9 6 8 1 1 1 3 6 9 10 5 4 2 2 6 3 10 1 4 8 6 10 4 5 2 7 1 1 3 6 6 3 7 3 4 10 9 4 2 10 2 1 1 9 4 10 7 3 2 8 3 10 10 9 9 3 1 4 7 1 3 9 8 2 6 1 2 3 5 9 1 6 6 4 5 8 6 3 9 2 1 8 1 6 3 5 3 2 8 3 9 3 5 4 7 9 4 3 10 5 9 5 1 9 10 9 5 6 5 8 3 10 7 6 5 7 8 1 5 6 1 6 8 4 5 4 8 7 3 2 4 8 10 8 3 1 10 4 1 2 9 9 6
7 10 10 10 9 4 7 4 6 5 3 5 6 10 8 6 2 7 5 6 3 5 0 7 6 1 3 1 8 3 10 9 8 2 2 4 6 2 6 5 1 6 4 8 10 5 10 8 10 7 7 2 8 5 7 8 4 4 4 6 1 4 1 10 1 9 5 9 1 10 1 2 4 6 3 7 2 10 5 2 6 5 2 4 3 4 4 2 7 4 9 9 10 7 6 5 2 8 6 7 3 5 10 7 2 10 5 8 1 1 7 2 4 3 8 4 6 6 10 5 3 7 2 10 6 6 3 2 8 8 7 6 9 5 4 1 4 8 1 9 6 2 7 2 2 8 1 5 8 10 7 3 1 4 7 8 1 8 10 6 9 4 10 1 2 6 9 6 4 3 5 9 3 10 3 6 6 7 4 4 8 6 7 4 10 8 3 6 10 6 10 10 6 5 8 9 7 8 1 9
3 10 9 3 3 7 8 7 6 9 10 9 3 6 10 3 7 8 5 7 9 8 10 0 3 6 7 1 8 8 1 10 8 8 3 10 3 1 4 3 10 6 10 9 10 2 5 8 3 1 4 10 10 10 6 10 10 8 6 2 7 1 2 2 4 7 4 2 8 1 6 2 3 2 1 9 4 2 10 6 5 7 2 2 5 6 2 2 4 2 2 5 1 1 9 9 5 1 8 9 4 10 9 8 9 6 3 3 10 5 3 1 9 5 6 8 6 10 6 2 8 6 6 1 3 1 1 3 6 4 4 9 1 7 9 2 4 8 5 7 8 5 3 3 9 9 9 5 7 2 4 2 2 9 1 2 10 7 2 8 6 6 6 10 10 6 3 10 1 9 7 1 5 6 6 4 2 3 5 3 4 7 3 3 6 8 9 7 7 5 6 7 3 1 9 1 1 10 9 9
5 6 8 5 1 5 1 9 4 3 8 1 7 3 8 10 2 4 2 8 3 8 5 10 0 2 2 10 7 8 7 10 7 7 3 7 9 10 3 9 7 3 7 10 7 5 9 1 6 9 2 5 7 2 9 8 10 2 7 7 7 10 9 5 10 4 10 3 3 1 8 8 4 3 10 4 2 9 6 8 9 9 7 8 6 2 1 8 7 8 6 2 6 6 4 10 3 3 4 9 8 3 9 5 4 10 6 7 10 3 3 7 6 9 8 2 5 8 2 5 10 3 5 3 9 9 10 1 5 1 6 7 8 5 3 4 1 8 10 8 9 10 6 2 10 6 5 6 7 3 1 9 3 5 10 10 10 9 2 3 5 1 9 3 10 7 3 7 8 9 2 10 3 10 3 2 2 7 6 5 1 9 7 2 10 4 2 6 8 7 5 5 10 4 7 2 9 10 10 4
5 8 9 9 3 9 5 4 8 5 10 7 5 3 5 2 9 10 4 8 10 2 10 2 2 0 4 6 3 9 5 1 1 4 8 6 9 10 7 6 5 2 10 4 3 3 2 6 9 7 1 4 10 10 1 3 8 1 8 1 6 6 3 9 5 4 10 4 7 9 6 10 3 2 4 2 3 9 10 9 2 1 10 6 10 9 4 7 9 10 5 2 5 3 4 10 4 2 10 5 8 8 1 5 1 6 3 5 4 9 7 8 9 1 10 8 10 5 3 5 1 6 1 4 10 5 5 2 1 10 8 7 7 2 6 8 1 3 1 2 3 3 6 7 6 10 5 3 4 2 4 8 4 8 4 10 7 5 1 1 7 3 6 10 4 7 9 3 2 10 7 9 2 4 5 3 2 9 2 6 10 7 7 10 4 1 10 7 7 5 6 3 7 5 6 7 5 2 8 3
8 1 2 9 5 5 10 10 10 7 5 1 2 6 3 3 4 9 5 4 2 6 5 4 1 10 0 6 8 1 3 2 1 9 3 2 4 8 8 2 3 4 6 6 10 1 8 4 9 9 6 7 1 8 3 5 8 1 9 8 6 4 5 4 2 5 1 4 4 6 8 4 9 1 9 10 1 4 4 10 4 7 9 3 10 10 8 3 1 3 5 10 1 3 10 4 10 9 3 4 1 9 6 5 8 4 5 2 9 7 1 10 10 8 1 2 8 10 3 6 4 8 3 6 1 6 2 6 10 7 1 2 1 2 6 7 9 9 5 4 2 5 3 3 10 8 10 9 4 2 1 8 8 7 2 7 4 5 10 10 10 8 7 4 3 5 5 6 2 10 3 10 2 7 6 1 8 2 1 9 2 6 3 7 10 4 1 1 10 4 8 6 4 3 2 10 8 7 9 2
7 4 3 3 7 5 6 1 3 2 5 8 8 7 8 9 10 1 4 1 8 3 6 5 10 10 5 0 5 3 1 4 8 5 6 8 2 6 9 6 8 4 5 8 10 8 9 1 10 2 1 5 2 7 5 8 7 8 5 2 7 10 7 10 1 5 5 4 9 1 10 9 10 1 6 1 4 4 10 1 1 10 1 10 1 8 4 2 7 2 10 10 8 7 8 6 7 3 6 8 7 10 7 3 3 2 6 5 8 3 2 1 8 1 10 9 3 3 4 6 9 3 1 9 7 6 1 4 8 7 2 3 6 3 9 10 4 1 2 2 5 10 1 5 6 1 3 4 3 9 7 5 3 4 1 9 10 2 4 4 2 3 4 10 4 8 6 6 10 8 10 1 7 10 6 2 3 7 8 1 10 10 6 9 4 10 7 7 2 7 9 8 3 6 9 7 9 3 4 7
7 7 3 7 9 6 2 4 4 7 3 4 9 2 5 8 1 6 10 8 5 6 4 6 8 7 4 2 0 10 8 5 7 8 7 6 5 6 1 2 6 7 3 9 7 5 6 2 6 4 7 3 8 5 1 7 9 10 8 5 7 1 5 9 9 7 4 7 8 3 4 3 3 1 9 9 9 2 4 7 10 8 9 5 5 9 4 7 8 5 3 3 10 3 10 3 6 5 5 8 6 7 10 4 7 4 5 4 1 10 5 5 8 1 9 9 7 6 4 6 5 8 9 3 5 8 4 4 1 5 5 2 2 5 8 6 8 8 3 3 4 6 5 1 6 2 9 6 4 3 6 6 2 5 5 2 6 4 1 5 9 3 10 10 5 3 2 8 2 2 4 5 1 5 7 2 7 8 10 6 6 2 8 9 8 5 7 7 6 7 1 6 2 2 7 10 3 7 8 10
1 9 10 7 10 9 5 2 7 6 5 3 4 4 6 6 1 6 8 10 1 9 4 2 9 10 8 10 4 0 7 1 2 3 2 9 4 8 10 8 2 1 8 1 10 3 5 8 2 8 6 3 8 3 4 3 6 3 5 8 6 2 3 8 2 5 8 9 1 5 3 2 2 2 7 9 7 10 5 6 10 10 1 7 8 9 10 1 4 6 8 7 5 7 8 3 9 3 3 9 8 1 2 4 3 5 4 8 10 10 3 3 6 4 5 1 6 4 3 8 6 7 1 6 6 6 1 6 5 9 10 4 9 2 6 9 3 6 2 5 2 1 6 5 10 5 3 5 1 6 5 10 2 9 3 5 10 5 6 10 8 9 4 8 3 1 9 9 9 6 1 2 6 2 7 10 8 3 10 2 3 4 7 6 7 10 1 8 4 6 2 3 6 5 1 5 2 9 3 5
2 5 10 7 2 1 8 8 2 5 3 6 1 3 7 1 8 9 3 4 8 10 3 9 9 5 4 4 4 6 0 5 8 9 6 1 6 2 2 2 4 10 10 1 10 4 6 3 8 1 5 9 5 6 5 3 8 1 9 9 7 7 9 4 7 4 5 9 4 8 1 10 7 1 1 6 2 6 10 5 2 3 4 3 4 7 6 5 10 1 10 5 9 9 8 4 9 7 4 10 8 2 7 8 9 1 1 8 7 7 4 8 8 6 4 5 9 2 9 4 1 10 1 1 8 5 3 1 10 2 7 8 9 8 1 2 4 5 6 10 2 2 7 6 9 10 1 3 1 6 8 7 10 3 5 5 2 1 9 6 9 6 6 9 2 3 1 4 8 9 10 9 2 4 2 6 6 7 8 5 2 3 6 9 8 4 6 6 10 10 3 1 10 10 6 9 6 2 7 1
1 2 9 10 2 10 7 2 1 3 6 10 4 9 6 5 10 2 8 1 10 3 9 7 2 7 1 5 9 5 8 0 8 5 8 2 8 4 2 3 2 10 8 2 2 6 4 9 8 4 3 1 9 10 5 4 8 2 10 4 6 8 9 1 1 2 3 5 9 4 3 1 4 1 7 2 7 6 6 8 3 6 4 1 4 2 9 4 8 8 8 7 5 3 2 1 8 5 4 9 10 3 9 6 4 9 4 1 2 10 7 8 7 2 1 2 1 6 2 6 10 10 7 9 5 10 8 2 6 5 4 3 4 2 1 4 8 5 6 6 10 9 7 7 3 5 9 6 2 5 7 1 8 5 10 9 2 1 10 2 3 10 9 10 7 2 9 4 3 1 7 7 3 8 6 7 4 6 3 10 3 9 3 4 5 2 9 2 4 5 3 3 5 9 1 10 1 4 8 9
10 9 2 6 9 7 1 3 6 10 5 1 2 9 9 5 3 10 5 6 9 4 9 6 10 3 10 2 3 7 3 9 0 1 5 7 5 10 6 6 9 9 9 9 4 6 1 4 1 5 4 2 6 6 2 8 6 3 3 10 7 6 8 8 3 5 5 4 9 3 4 5 4 6 3 9 4 3 2 1 5 2 6 10 10 3 10 3 7 6 2 1 2 10 2 3 5 7 4 9 3 3 10 10 1 5 5 3 7 7 3 3 8 10 8 2 6 4 4 6 8 6 3 7 10 3 3 2 7 7 9 2 7 4 1 1 7 3 1 9 5 1 1 10 5 4 2 3 9 8 10 10 8 9 8 3 6 10 10 7 4 10 6 5 1 6 10 4 1 2 4 4 2 1 10 3 6 5 2 2 8 6 6 1 1 7 10 9 7 6 8 4 9 6 9 3 9 5 7 5
7 6 9 2 8 4 6 5 3 1 3 4 3 3 7 6 10 2 5 5 8 7 8 9 9 4 5 3 6 8 5 4 7 0 1 10 10 4 4 4 8 7 1 5 8 2 8 1 8 10 4 1 6 9 8 6 4 9 10 4 4 1 3 10 4 10 10 9 1 1 3 7 3 3 9 8 7 7 6 2 1 1 7 6 6 2 5 2 3 5 3 8 7 7 3 10 10 5 2 4 7 10 2 2 1 5 8 6 3 10 1 4 2 2 8 10 6 3 7 6 10 9 1 4 6 3 2 7 7 4 6 6 7 7 5 7 4 10 2 10 9 7 3 9 2 1 10 9 8 7 6 1 3 2 9 9 5 10 6 1 10 3 5 6 5 7 8 7 10 10 7 5 3 10 10 5 3 10 3 7 10 10 10 6 2 10 10 4 2 9 1 7 4 8 2 4 9 9 1 8
5 6 8 2 10 8 4 2 8 1 7 6 6 9 5 1 2 5 4 8 10 10 4 3 5 1 8 2 2 5 7 6 7 3 0 9 2 6 7 8 1 3 7 9 8 5 1 5 6 8 7 3 3 5 10 7 4 6 8 4 9 6 1 1 4 10 7 7 5 10 10 8 4 4 7 9 2 3 5 2 7 10 10 5 6 4 8 5 10 9 6 7 2 7 3 1 5 8 9 7 8 10 6 1 9 10 6 1 7 2 9 8 1 10 10 2 6 2 4 6 9 7 4 6 8 9 2 4 8 9 9 10 2 6 3 2 1 2 7 4 4 1 10 2 2 10 2 1 7 3 8 6 8 7 3 3 9 5 8 1 6 10 2 7 1 7 9 1 3 4 10 4 7 9 10 9 1 9 1 9 7 3 8 7 2 10 8 3 2 9 5 6 10 2 1 7 10 3 10 10
4 5 4 1 8 5 1 2 2 9 8 3 3 7 3 8 8 1 1 7 6 5 9 3 4 5 8 1 3 5 2 8 2 9 9 0 5 7 2 10 8 4 5 4 4 10 7 6 2 7 1 8 5 1 8 10 3 9 1 7 8 4 8 4 8 2 2 9 4 6 1 1 6 7 10 1 6 1 1 7 7 1 6 10 9 8 7 1 1 3 9 3 4 7 6 4 9 10 1 5 4 8 5 6 9 5 3 9 4 2 9 8 9 2 7 4 7 3 4 9 4 4 6 7 7 10 4 10 2 10 6 5 6 9 8 2 10 9 10 3 6 7 3 7 4 4 5 8 7 7 7 5 3 8 2 7 6 5 5 3 8 1 10 6 8 1 1 8 2 2 7 8 7 3 4 2 1 6 5 7 1 7 6 6 6 1 3 10 10 4 4 6 9 8 5 9 4 5 9 3
4 1 5 1 1 2 7 10 6 7 9 5 2 1 1 6 4 3 10 9 1 6 1 2 6 2 1 7 6 2 4 3 4 10 5 3 0 8 7 7 9 4 6 1 2 7 1 6 4 2 4 2 1 8 1 1 8 1 4 8 7 5 1 9 8 10 3 2 9 8 7 7 4 5 5 3 8 8 5 9 8 8 6 10 1 5 9 5 4 3 10 4 3 8 2 4 4 10 8 9 10 3 7 10 5 10 5 6 9 6 9 8 8 5 6 1 2 10 3 9 4 1 7 3 6 1 6 5 7 10 1 9 7 3 8 10 1 3 5 3 6 4 6 10 5 7 1 7 9 5 4 10 7 10 6 2 3 5 7 10 4 6 3 3 10 3 9 5 1 1 5 10 7 6 10 7 1 8 9 4 4 8 2 8 10 9 3 6 3 8 2 6 10 4 3 5 3 5 3 6
10 6 6 1 1 5 8 1 8 1 3 6 6 4 8 7 3 6 9 2 2 7 1 7 4 5 6 1 8 7 7 7 8 5 3 9 9 0 9 5 2 9 9 10 7 10 1 5 9 8 8 10 4 10 6 10 10 2 9 10 5 2 8 2 4 1 6 4 1 3 3 8 5 5 4 6 1 10 8 3 7 6 10 7 9 5 6 5 5 10 1 7 1 6 7 4 8 4 9 10 1 1 4 3 3 3 2 3 7 10 8 9 9 9 1 8 4 6 6 9 6 9 5 7 7 9 10 1 4 10 3 4 3 5 4 6 4 7 4 8 7 9 6 6 9 8 3 5 8 7 5 5 9 6 1 6 3 4 2 7 1 5 1 10 8 5 3 4 7 6 5 4 6 8 7 5 5 3 5 7 8 10 9 6 1 4 6 9 9 4 10 6 2 10 1 2 10 3 3 7
6 8 9 7 4 10 9 1 2 8 8 5 1 3 2 8 7 4 9 1 2 7 2 7 6 5 3 9 9 3 5 5 3 6 5 3 6 10 0 2 10 6 8 3 10 6 8 10 3 7 8 2 4 8 2 5 4 8 1 4 7 8 5 3 2 4 2 10 6 8 7 10 9 10 1 5 7 1 9 7 4 3 2 1 10 4 7 3 9 4 1 4 9 1 4 3 6 3 4 5 9 6 2 5 7 8 4 2 3 9 5 6 10 4 9 10 4 2 3 7 8 7 7 5 10 9 4 4 2 10 8 10 2 4 6 8 9 9 10 10 5 1 9 8 5 9 1 6 7 4 8 1 6 7 2 6 5 1 8 6 1 2 1 5 7 3 9 2 7 3 2 10 3 3 9 3 9 9 10 2 7 1 6 7 5 1 9 3 2 8 4 10 7 5 4 9 6 3 3 10
7 1 4 4 2 8 8 4 10 4 5 5 7 5 3 8 6 9 8 1 9 4 7 3 8 8 9 7 8 2 5 9 8 5 5 5 8 10 3 0 9 3 2 2 9 9 8 8 7 4 4 8 10 7 10 1 10 7 9 5 9 1 9 1 2 5 6 3 5 8 10 2 9 8 10 2 7 2 10 8 1 2 3 5 9 7 7 8 3 7 3 5 1 6 8 1 5 10 6 4 9 3 9 4 8 4 9 9 4 9 5 4 3 1 9 2 3 2 8 3 7 10 5 6 2 2 9 2 6 2 7 5 1 7 4 9 1 2 1 4 5 10 8 5 10 2 3 7 7 4 6 9 6 9 10 10 2 10 6 9 10 9 5 9 8 3 5 3 6 10 2 3 5 2 8 7 5 7 9 2 10 3 8 6 1 1 9 3 10 2 10 4 5 6 10 9 6 6 4 2
10 8 8 2 8 10 3 7 10 2 8 5 10 3 5 7 7 5 4 4 1 9 5 10 1 8 10 10 3 4 8 8 7 1 6 3 3 8 8 3 0 10 8 7 10 7 1 8 7 4 3 8 9 8 3 7 3 2 10 7 7 9 4 8 4 7 1 7 9 9 9 6 9 9 8 7 3 9 2 8 6 6 10 2 10 4 2 6 2 1 7 10 3 1 8 8 4 3 3 10 5 3 6 9 8 9 4 7 8 10 9 8 1 10 2 7 8 2 3 7 8 1 10 3 4 1 1 8 1 5 4 2 2 4 5 6 1 7 8 6 10 5 2 5 8 4 5 9 4 9 10 10 5 7 4 5 8 7 7 4 8 8 4 6 7 9 9 7 7 9 2 3 9 5 6 4 8 3 3 10 10 5 1 7 10 5 6 6 3 4 1 9 2 2 8 8 5 4 6 9
10 8 10 5 3 8 6 8 5 9 8 3 7 6 1 1 2 3 5 1 1 5 7 9 1 9 8 10 4 7 8 4 6 7 1 7 4 9 2 3 4 0 7 10 10 9 3 5 3 2 9 6 6 4 10 2 10 7 10 6 4 5 6 9 10 5 10 7 1 4 7 2 7 1 5 10 5 2 6 8 9 3 3 9 10 1 3 4 4 1 10 10 5 4 8 3 3 7 2 8 4 1 3 2 3 1 6 10 4 5 9 7 3 8 1 3 10 5 1 5 10 5 1 9 10 2 10 6 6 4 6 7 3 2 2 4 2 7 2 9 1 2 10 3 9 9 4 4 10 10 5 8 3 9 3 3 7 1 9 10 6 7 9 10 4 1 9 10 2 4 7 5 9 7 10 3 6 5 1 7 4 3 9 7 7 2 10 8 3 9 2 7 2 10 1 8 7 6 3 3
7 8 10 9 4 8 1 6 3 2 3 5 4 2 3 1 6 6 5 9 2 2 1 6 10 4 3 10 1 9 6 5 8 3 5 3 5 2 3 8 7 1 0 7 4 5 9 8 4 3 4 6 1 8 2 7 7 1 2 3 1 1 6 1 8 8 9 10 7 7 8 2 3 6 5 3 10 9 7 6 7 3 5 5 7 4 7 2 6 1 8 5 8 10 9 1 10 8 5 7 8 3 3 2 2 7 8 8 1 9 8 10 3 10 9 2 1 7 6 10 1 6 5 1 2 7 3 5 8 7 2 1 5 2 1 5 9 7 3 10 5 8 8 9 4 1 10 8 3 10 7 4 3 4 10 9 9 2 9 5 5 8 8 3 10 1 1 10 8 4 10 6 2 6 4 2 1 3 1 4 9 2 5 5 2 1 8 1 7 2 9 8 10 1 9 5 10 1 9 4
7 9 4 10 6 10 8 8 1 9 8 9 2 10 5 10 8 6 1 3 7 3 1 10 9 8 10 2 10 6 3 4 10 2 10 8 3 3 5 6 10 1 9 0 6 5 10 7 8 1 5 7 7 9 7 3 6 10 10 9 2 8 5 3 1 5 10 8 7 4 3 9 1 5 7 1 8 9 5 7 9 10 9 7 10 10 8 6 4 6 9 1 6 4 5 7 4 6 3 2 2 3 10 7 5 1 7 5 8 4 7 9 7 3 1 3 4 9 1 4 3 4 8 7 1 9 9 3 1 5 2 3 1 4 6 3 1 1 5 1 7 10 1 4 1 7 6 5 5 8 2 6 2 6 3 5 9 4 10 5 8 7 3 10 1 4 10 10 7 1 7 1 10 9 1 8 8 7 1 2 8 8 3 2 5 6 5 6 3 5 10 6 6 8 1 10 7 10 7 10
2 7 6 5 1 6 4 9 8 2 10 6 3 10 2 6 8 9 3 7 4 9 8 9 9 3 10 7 8 5 8 2 5 3 3 2 3 8 3 9 3 2 5 9 0 6 7 10 8 8 6 10 1 1 8 1 4 6 8 1 9 10 3 6 4 10 7 3 7 5 2 4 9 5 10 5 3 9 5 3 1 8 4 10 4 1 8 1 5 10 6 1 8 8 2 10 4 5 7 3 7 6 1 5 10 10 4 1 6 9 4 1 4 6 4 4 8 2 6 7 7 5 4 10 10 1 8 4 6 10 7 2 9 10 7 6 1 5 6 1 2 5 1 10 9 9 5 6 8 4 7 3 5 4 3 3 6 7 4 6 3 3 8 7 6 2 10 9 1 3 3 6 4 1 2 10 1 1 2 1 1 8 9 8 5 8 3 8 6 4 10 4 10 3 10 4 2 5 5 1
2 4 9 5 2 7 6 2 7 2 2 4 1 6 8 6 1 7 5 4 2 9 5 10 2 8 9 8 8 10 10 8 2 1 5 9 2 10 6 7 6 10 6 4 8 0 10 2 4 9 7 2 2 6 8 4 1 9 4 3 3 6 3 4 7 8 10 4 2 4 5 5 7 6 3 10 7 7 4 3 9 4 10 1 9 7 9 8 9 2 1 1 4 2 10 9 5 5 3 10 2 4 8 8 2 9 10 8 8 10 10 2 8 2 7 5 9 10 10 3 2 4 4 3 2 7 7 1 5 9 9 4 5 6 10 2 5 5 10 9 7 8 6 10 7 10 7 10 4 5 9 10 8 1 5 5 1 4 3 2 9 7 8 9 9 3 7 3 4 8 4 5 9 6 5 3 9 10 9 5 6 5 10 8 3 1 1 3 3 6 5 5 9 5 9 8 3 4 1 9
4 3 2 4 4 5 4 6 5 9 10 3 4 10 9 3 9 4 8 3 9 2 2 3 2 10 4 8 9 6 8 10 9 6 10 7 2 9 6 6 5 3 1 2 7 2 0 6 2 2 10 6 7 6 5 3 10 4 6 10 9 4 10 8 6 1 4 8 5 3 5 2 1 6 10 1 3 5 8 10 9 8 6 5 3 2 1 3 3 10 6 6 10 5 3 10 6 10 2 6 5 10 2 6 2 1 9 8 9 7 2 6 7 10 5 1 10 7 3 9 1 8 7 8 7 1 7 10 1 5 6 2 5 8 7 2 2 4 4 7 8 7 1 8 1 8 4 4 2 2 10 3 3 3 9 7 8 2 3 10 3 3 8 9 3 2 1 8 5 3 3 10 10 4 8 5 5 4 2 6 9 1 6 5 4 2 3 9 9 10 9 6 4 7 8 9 2 8 7 3
8 10 1 1 6 10 8 3 5 3 10 10 2 8 5 9 2 9 10 6 5 1 6 8 7 5 7 6 3 6 6 9 3 3 6 6 6 10 10 7 5 4 5 10 10 8 8 0 2 1 1 10 6 2 3 8 10 9 5 10 3 5 2 8 1 9 9 7 8 9 8 10 1 5 3 3 8 5 3 9 3 2 5 4 5 7 8 8 10 6 10 4 4 5 2 2 3 9 4 9 10 6 6 6 5 2 4 1 8 3 1 6 3 9 7 1 1 10 7 1 2 9 8 2 6 2 7 6 8 5 7 8 2 5 2 8 2 8 2 4 5 10 1 1 7 10 9 10 1 2 8 7 5 4 4 3 4 10 2 2 3 6 3 5 2 6 7 2 3 7 5 10 2 6 4 3 8 8 8 5 8 5 5 4 9 4 10 5 8 10 3 1 1 3 3 5 7 1 1 3
6 3 3 4 4 10 1 6 3 10 10 6 3 4 9 7 2 6 4 1 5 7 8 6 8 3 10 8 9 2 6 4 8 1 10 9 7 1 5 6 4 2 5 2 4 3 8 10 0 8 8 2 7 8 4 4 5 3 6 6 6 5 6 4 5 1 4 3 8 1 6 8 8 2 2 1 9 2 9 1 2 10 8 7 9 9 7 6 9 10 6 3 5 8 4 10 10 5 5 1 9 4 8 10 6 2 5 7 3 4 2 10 9 4 4 6 4 4 9 2 9 5 8 8 3 3 5 9 9 7 7 8 1 7 6 2 6 10 7 7 8 1 4 3 6 1 3 7 3 10 9 10 6 6 7 5 10 1 10 6 9 7 6 1 2 7 6 6 5 1 3 3 10 5 3 1 8 4 6 6 6 10 3 10 4 3 2 1 7 5 3 1 3 7 6 10 10 8 4 7
9 4 2 9 8 7 9 1 9 9 10 7 7 9 5 8 8 6 10 10 8 3 1 9 6 10 2 8 7 9 6 3 7 7 9 6 7 3 7 7 3 2 3 10 3 6 9 4 9 0 10 10 1 5 8 2 10 3 2 9 8 10 7 6 6 4 1 3 5 10 6 10 2 9 5 1 1 2 6 5 3 8 4 2 5 8 1 8 2 8 1 4 9 6 6 1 7 4 6 3 2 3 8 4 10 6 4 6 8 6 3 3 1 9 10 5 9 7 4 5 9 9 3 8 8 7 1 4 1 3 7 5 9 7 10 8 10 4 3 7 9 7 2 6 8 9 7 6 9 9 4 5 3 4 8 8 9 1 7 2 7 7 8 9 2 1 2 5 4 6 4 9 9 5 3 4 4 7 6 6 3 7 4 10 1 8 4 5 3 6 10 7 9 5 4 3 6 6 6 9
6 3 2 10 3 9 3 7 3 9 9 5 7 9 4 6 2 6 6 7 4 6 8 1 2 5 9 9 8 10 3 7 2 5 7 7 1 2 7 1 7 9 8 3 10 2 3 10 10 8 0 7 9 7 1 10 6 1 3 9 1 10 9 10 7 3 6 8 5 3 10 7 3 8 8 1 5 9 4 3 1 7 10 1 10 9 8 8 9 8 5 7 5 7 5 7 8 5 4 2 7 9 8 10 5 4 5 2 3 8 1 3 6 4 5 5 6 3 6 6 5 10 4 7 7 4 8 1 1 3 3 3 6 7 8 4 9 9 1 9 4 5 6 2 9 4 10 4 4 1 2 9 2 2 2 6 8 5 4 5 1 6 9 1 5 8 10 1 6 1 9 1 7 2 3 1 3 8 1 6 2 4 6 4 4 6 5 1 7 2 4 5 2 10 8 1 1 6 8 1
8 3 2 1 6 5 9 10 9 2 2 10 8 9 5 4 5 6 4 3 1 3 4 10 2 7 5 1 1 2 3 7 2 6 10 7 4 1 1 10 1 2 4 9 2 7 4 10 2 7 2 0 3 6 9 1 1 8 3 5 4 3 3 1 1 8 9 10 6 2 1 6 2 10 9 5 6 9 5 4 3 9 4 9 8 10 9 1 9 5 9 1 1 4 3 3 8 3 5 6 10 8 6 10 3 3 2 8 8 2 2 10 8 7 9 6 5 3 3 9 6 2 5 6 1 9 3 9 2 2 2 6 8 5 8 2 2 2 9 9 3 3 7 5 3 9 5 5 6 10 8 9 7 9 9 3 3 10 6 9 5 4 7 2 4 10 1 7 7 10 3 5 1 3 10 4 8 1 5 5 9 7 7 4 10 7 1 2 9 2 7 2 10 10 1 10 1 8 1 5
1 2 7 10 5 7 6 9 1 7 5 3 4 10 9 5 2 10 4 1 8 1 3 2 8 8 9 1 5 4 1 3 1 10 6 8 10 8 1 7 8 6 2 7 2 4 9 1 9 5 6 10 0 3 3 7 6 9 8 5 6 8 3 2 3 6 5 9 5 4 8 3 8 7 10 4 4 6 1 6 8 3 4 3 1 6 8 6 8 8 5 7 3 1 7 9 3 6 9 1 5 6 8 4 10 9 2 5 3 1 2 2 5 9 7 8 1 5 9 6 3 5 10 3 1 1 6 8 3 4 4 3 8 9 4 9 4 6 5 8 2 5 9 2 3 2 2 8 2 10 2 4 1 10 10 9 8 1 2 9 10 3 7 7 9 10 6 7 3 7 4 6 1 6 8 9 7 1 3 2 8 5 9 2 1 1 3 8 9 7 4 4 9 7 3 2 9 5 8 9
3 5 5 1 3 7 3 3 8 4 10 8 8 10 10 8 5 3 2 10 2 6 6 7 6 5 10 3 4 3 4 7 7 7 9 9 7 4 2 4 7 4 4 1 4 9 6 9 1 6 6 4 8 0 10 8 5 7 4 6 4 2 5 7 3 2 2 10 8 6 1 1 10 5 10 3 10 8 2 8 7 10 5 4 6 6 1 3 10 8 8 1 8 1 9 2 5 1 7 5 4 3 1 3 6 10 3 6 1 2 8 8 3 3 1 2 7 3 2 10 1 4 10 6 5 8 6 8 8 2 5 7 6 10 6 4 5 3 5 10 4 5 1 1 6 7 6 6 10 9 10 9 8 9 7 4 8 8 5 3 1 7 8 6 1 5 9 4 4 8 9 3 7 8 4 9 10 9 6 10 7 8 7 2 7 1 4 2 2 6 4 2 8 7 3 5 10 8 8 5
3 4 5 5 10 6 7 2 1 1 2 6 7 8 10 5 3 5 1 9 3 6 6 5 5 10 1 5 3 2 1 6 1 4 2 6 8 1 1 4 9 1 9 3 4 8 5 6 3 9 7 6 7 3 0 2 10 2 3 6 10 7 9 1 1 3 4 8 7 8 2 2 1 2 4 8 7 10 1 8 5 2 10 7 3 4 8 9 8 3 9 5 5 5 3 10 6 9 10 4 7 7 3 4 6 8 9 1 6 5 5 1 9 10 2 3 7 1 6 7 1 10 8 5 9 6 1 5 7 4 9 8 6 4 8 9 10 5 9 3 6 5 1 4 8 9 4 2 2 3 1 2 2 1 1 3 10 8 7 2 8 1 10 9 5 1 10 10 5 2 1 7 1 10 7 8 6 3 6 3 10 4 7 10 7 7 2 3 2 1 10 5 1 1 3 6 10 4 6 2
3 9 6 2 10 8 6 5 10 8 9 1 2 3 3 3 2 10 9 8 4 9 7 10 3 3 8 2 6 4 2 9 4 8 2 5 5 10 8 9 10 4 4 9 9 2 1 1 2 1 3 10 2 4 7 0 4 10 6 1 10 4 2 4 8 5 8 1 6 10 4 4 6 10 2 2 1 1 10 8 6 5 2 9 6 2 8 8 4 8 4 6 3 5 1 4 1 8 9 2 7 6 7 7 10 7 9 4 1 10 1 10 2 8 6 3 7 1 8 1 1 2 4 3 10 6 2 7 7 8 9 8 3 6 6 1 3 4 10 10 1 2 8 2 8 5 2 9 8 5 4 2 6 9 5 2 5 2 3 5 2 5 7 1 6 7 9 2 6 7 10 6 1 1 10 1 6 2 9 8 8 1 8 6 8 2 4 7 4 6 10 8 2 2 3 3 4 3 8 10
5 8 7 8 3 5 10 6 5 3 9 5 6 6 3 5 8 8 2 2 2 7 9 8 9 6 10 5 5 7 10 10 4 8 4 4 5 9 9 7 7 6 5 9 6 1 5 2 2 3 9 3 2 7 7 4 0 4 8 10 8 5 8 9 7 3 9 1 10 4 7 5 8 6 3 1 7 1 5 9 1 2 2 3 4 5 5 3 8 3 9 9 6 5 10 5 1 4 5 2 4 2 3 7 4 9 4 5 3 5 10 4 5 8 5 2 4 10 3 7 3 9 8 5 10 4 10 7 10 2 1 6 7 8 9 9 7 10 4 2 2 2 7 10 2 9 9 2 7 5 8 3 1 2 8 1 2 6 7 1 4 1 4 6 3 2 4 9 6 9 7 9 2 2 5 6 5 4 3 1 5 4 8 10 1 5 7 3 4 4 7 3 9 8 3 8 7 2 9 6
1 3 5 8 4 5 10 4 3 1 1 9 3 5 1 7 7 9 2 5 3 8 4 5 4 7 1 1 7 3 3 6 2 7 8 5 5 8 3 10 3 9 1 9 3 2 6 7 2 1 8 8 9 8 5 2 4 0 1 8 9 1 1 7 6 5 9 2 9 4 6 7 10 6 3 8 10 3 5 6 2 2 5 9 6 2 1 10 9 5 6 9 10 5 6 1 2 4 4 7 5 10 9 5 3 6 3 9 8 1 2 8 2 3 6 3 5 6 9 8 6 10 3 8 5 4 8 8 6 3 7 7 8 8 1 2 7 3 7 10 10 9 1 3 10 10 1 8 8 1 7 3 7 10 3 4 9 6 8 5 5 9 9 6 5 4 1 2 4 9 6 8 6 5 1 10 8 10 2 5 3 8 9 3 10 2 8 1 2 5 5 7 5 10 10 10 3 1 8 5
5 5 4 8 1 8 7 8 1 2 9 3 4 10 8 2 3 9 6 7 1 8 10 6 4 6 2 9 8 7 9 4 7 6 1 5 6 8 10 2 6 7 8 2 8 1 7 10 9 6 9 2 2 7 5 5 9 6 0 7 8 10 10 8 2 4 1 4 1 7 5 4 1 5 3 8 5 10 3 2 3 2 8 9 2 10 2 3 10 7 7 3 5 3 1 10 4 3 5 7 3 10 1 9 8 3 6 7 7 5 1 8 3 7 3 2 5 1 5 10 4 8 2 6 10 9 10 3 7 1 2 10 7 10 2 5 7 3 4 4 9 3 9 8 5 3 9 8 7 5 10 1 7 8 1 7 8 8 1 5 9 7 8 1 8 2 8 7 8 6 7 8 7 1 2 8 1 6 10 1 8 1 8 3 4 2 1 5 5 6 10 1 5 10 4 5 8 8 9 4
7 6 4 6 7 9 1 7 3 7 2 1 4 4 7 7 8 6 5 5 3 10 5 3 6 7 2 4 9 4 9 10 6 8 9 5 1 8 5 10 7 9 1 5 7 5 1 7 4 7 6 2 10 7 7 2 6 5 4 0 7 10 3 5 5 1 3 4 1 1 7 7 7 6 6 6 2 5 4 6 5 10 2 7 9 8 4 8 9 3 2 9 6 8 2 7 2 1 3 1 2 7 9 5 9 9 9 6 4 1 6 4 5 9 8 7 5 5 10 3 9 7 5 1 1 6 1 6 4 4 6 2 8 6 9 5 1 10 8 6 8 9 5 5 5 9 4 4 8 8 6 6 7 6 9 8 6 2 3 9 4 2 4 3 2 5 5 1 8 4 6 3 9 9 7 7 2 9 6 6 4 5 9 2 10 2 6 9 9 3 8 4 10 10 6 2 9 10 7 7
8 6 6 2 8 3 3 8 3 7 1 8 6 8 9 5 2 10 9 3 4 8 9 1 4 3 2 1 3 8 10 1 7 7 6 8 1 10 4 7 6 3 5 1 4 4 7 6 8 5 6 5 2 5 1 1 8 7 2 10 0 5 7 2 3 5 3 9 9 5 6 5 10 8 2 2 3 7 5 7 6 5 1 1 4 9 6 10 6 8 6 9 1 5 10 5 9 6 10 9 2 10 6 1 10 4 3 9 8 3 8 7 2 8 6 2 10 1 8 7 2 1 3 1 4 3 10 10 10 4 8 8 8 2 1 3 4 3 9 5 7 2 8 2 4 3 6 3 1 9 8 2 3 10 8 1 6 2 5 10 10 6 9 9 4 1 5 6 2 5 10 1 6 7 1 6 1 3 10 4 3 7 5 7 4 1 7 10 9 1 5 10 10 4 7 10 10 9 2 3
10 2 9 9 3 5 9 3 6 2 2 6 7 3 3 10 2 3 8 9 3 3 3 8 5 8 8 6 4 6 7 7 9 4 9 4 3 7 1 8 3 6 3 8 10 6 8 1 5 7 9 3 5 10 7 7 7 1 5 8 5 0 5 3 7 4 2 2 3 5 7 5 6 7 4 3 8 6 2 9 1 4 10 1 2 10 8 10 1 2 4 10 1 9 3 6 9 9 7 10 5 3 5 5 5 5 6 10 4 6 1 1 10 3 3 3 3 7 10 1 8 6 1 1 1 8 10 5 2 8 5 6 4 7 9 4 8 9 10 10 4 4 5 6 3 3 3 8 4 10 4 4 9 5 5 10 9 9 8 8 10 1 8 1 2 3 10 6 10 5 9 2 1 10 8 8 1 5 5 7 6 6 6 8 8 4 6 4 1 10 5 8 5 1 6 10 9 4 8 6
8 3 2 7 6 6 2 4 1 6 10 10 3 3 8 2 6 1 10 4 5 7 5 8 7 4 10 7 6 9 5 4 8 4 9 10 7 8 2 9 3 1 10 5 10 10 9 3 7 3 4 4 1 2 8 3 10 10 4 2 1 4 0 1 8 6 1 10 4 8 2 10 6 7 5 5 3 5 10 10 10 5 2 1 4 6 5 2 9 10 8 9 6 7 9 3 8 4 2 8 7 4 1 8 3 10 7 7 4 3 6 8 3 3 7 3 5 6 1 1 1 10 3 1 1 7 7 5 6 5 1 3 6 6 5 1 1 7 10 3 9 9 5 7 10 9 4 9 6 1 9 9 7 10 7 3 10 8 6 9 8 5 1 9 9 5 4 3 2 8 3 5 8 5 5 9 5 9 10 10 5 4 9 5 5 6 10 9 3 6 3 5 5 6 7 10 8 3 4 5
2 10 7 4 4 9 3 7 2 6 4 2 7 9 8 8 6 5 4 3 7 10 2 7 6 1 8 7 2 2 8 6 1 5 5 4 3 9 3 3 6 1 7 8 1 10 8 3 1 2 5 7 9 9 3 2 3 6 5 3 3 8 1 0 8 7 4 3 2 8 9 6 1 6 3 8 3 9 2 5 7 7 9 4 8 6 10 3 8 8 2 8 8 10 2 3 1 5 10 4 10 10 6 8 1 6 1 9 7 6 7 2 6 8 10 6 1 1 3 5 2 10 5 10 2 4 4 1 8 10 2 7 2 9 6 5 9 4 5 5 7 2 2 3 3 8 8 2 1 2 6 6 7 4 4 6 10 10 4 3 8 7 4 4 2 1 7 10 6 9 6 5 4 9 6 6 9 6 9 1 4 6 8 5 7 4 6 9 8 1 8 3 4 8 2 7 8 1 6 1
7 9 7 4 7 6 8 1 10 5 9 1 9 3 4 7 9 4 5 10 8 5 1 8 2 2 7 9 9 7 3 10 5 5 7 5 10 4 6 8 9 3 2 3 5 5 9 9 10 2 1 5 1 5 2 6 5 5 5 9 7 1 8 5 0 10 9 4 8 8 2 1 3 10 8 1 8 3 8 9 9 5 9 4 2 3 7 5 9 7 5 8 6 3 10 9 9 8 9 8 4 8 2 5 9 3 10 3 10 9 10 9 6 4 6 2 1 2 5 7 2 2 6 8 6 1 10 9 4 9 5 3 3 8 7 5 4 2 5 5 10 5 9 1 6 4 1 5 3 7 6 10 4 5 3 9 3 5 10 6 2 10 6 6 2 8 3 4 2 2 5 5 4 9 2 8 7 7 1 9 3 1 4 8 1 1 8 5 8 9 3 1 8 2 4 1 9 3 1 6
7 3 5 2 7 5 10 3 3 7 8 9 5 1 1 9 6 10 3 7 5 5 8 6 7 5 2 8 4 4 6 5 10 3 5 1 4 10 9 10 1 6 3 7 9 3 9 2 1 1 3 2 2 8 7 1 6 10 2 8 10 10 4 1 1 0 3 1 4 10 6 8 1 4 3 3 2 9 7 8 4 1 9 3 2 2 7 1 10 5 8 9 6 2 8 5 3 4 3 10 9 5 1 9 3 8 8 6 3 10 10 5 9 8 9 10 10 3 2 9 1 6 7 3 6 9 9 1 6 7 7 1 6 8 4 9 10 9 2 4 7 1 8 10 4 7 9 8 10 3 4 7 9 8 6 8 5 7 1 1 8 5 10 3 10 10 4 2 1 2 7 8 4 5 10 8 5 6 3 3 7 2 4 7 3 9 9 7 8 2 3 4 2 7 3 9 1 9 10 8
2 2 1 7 9 9 7 6 7 4 5 9 5 2 1 6 8 8 1 3 10 9 3 3 7 9 6 5 6 1 10 1 2 2 9 6 6 7 10 7 7 9 10 1 9 4 2 4 4 10 8 8 8 8 5 10 1 10 5 9 3 8 5 8 8 4 0 3 6 2 8 7 5 7 10 3 1 1 5 6 7 6 7 7 2 7 7 9 7 2 6 2 4 5 4 7 4 3 2 10 10 7 6 10 7 2 2 2 7 6 4 1 7 9 5 2 3 6 5 5 8 5 6 10 8 1 4 1 1 2 7 5 2 3 2 7 4 8 1 6 7 9 9 5 6 6 8 4 8 10 10 3 2 8 8 8 2 5 7 1 4 10 1 4 3 1 3 1 5 5 1 9 9 3 9 9 4 4 8 1 7 1 6 7 7 4 7 6 6 1 3 8 10 4 2 6 5 8 9 4
6 1 8 3 10 10 6 9 8 7 6 6 5 10 7 3 6 1 4 1 5 6 7 8 2 10 7 8 10 1 4 1 7 1 7 4 6 10 1 4 3 5 1 6 5 10 4 2 10 6 5 9 4 8 6 5 5 2 9 7 7 10 7 7 10 7 1 0 10 2 3 6 2 10 2 10 4 6 8 5 1 5 9 4 1 2 8 9 1 5 5 6 4 3 10 3 5 8 6 1 6 2 9 10 4 3 9 3 4 2 3 6 8 4 10 6 7 1 7 5 3 5 8 10 9 1 6 9 7 1 3 9 5 2 9 2 7 7 9 1 2 5 5 5 10 5 3 5 6 7 7 10 10 2 8 6 6 7 4 5 8 6 2 6 5 9 4 6 3 4 2 10 1 10 5 8 8 6 1 7 2 6 10 10 2 3 3 9 7 4 5 4 7 8 5 1 8 9 9 5
7 3 10 5 9 9 7 2 7 9 1 5 4 8 8 1 1 3 2 9 2 1 4 9 4 4 7 9 5 8 1 5 8 7 4 2 7 3 4 10 3 4 1 1 6 8 7 3 6 4 1 10 4 10 3 4 10 9 5 10 10 9 10 9 7 8 3 6 0 5 9 4 9 4 6 6 5 7 10 1 5 7 4 3 5 7 6 9 6 4 4 10 2 1 3 8 7 9 8 1 7 5 5 8 10 4 5 4 8 8 3 6 4 1 6 9 8 6 9 10 9 6 7 5 6 7 2 10 5 7 5 8 1 3 7 3 10 6 8 10 3 10 9 7 1 10 9 3 3 3 1 5 1 4 2 6 1 4 9 3 3 8 5 2 2 2 5 1 1 8 1 10 7 10 2 10 7 6 4 8 1 4 2 5 9 3 2 7 6 1 3 1 2 1 7 7 2 2 8 10
9 3 1 3 8 8 6 3 4 2 6 3 7 2 5 9 9 7 2 9 6 7 5 8 4 6 6 8 1 9 2 2 10 3 9 2 4 7 3 7 7 6 10 3 6 5 10 10 5 9 10 10 1 10 7 8 1 2 6 8 8 4 2 4 8 1 5 1 1 0 4 5 1 3 2 8 4 10 5 9 8 9 6 2 6 10 2 9 10 9 6 10 1 2 6 10 2 8 4 9 3 7 5 7 8 3 7 1 6 10 8 4 2 5 3 4 5 9 4 3 8 4 1 10 2 5 5 8 5 1 5 3 1 7 2 9 8 4 10 5 1 5 6 8 5 8 5 9 3 10 7 1 8 10 5 7 1 5 5 1 6 9 5 1 6 6 7 8 8 2 6 8 9 9 9 8 4 6 7 7 3 4 2 9 3 6 2 8 10 7 1 5 9 2 10 3 5 6 2 5
5 10 7 3 3 1 10 7 9 8 5 1 5 10 9 8 9 5 8 5 9 9 9 4 2 5 5 4 9 7 4 2 7 5 6 10 8 4 4 2 8 4 8 7 10 3 8 2 4 2 9 4 9 1 9 6 5 6 7 7 10 9 10 10 1 8 9 1 9 10 0 2 1 9 6 9 6 10 9 5 1 9 7 3 9 9 10 7 6 3 8 10 1 7 9 8 1 1 4 9 7 7 9 1 8 7 1 1 9 7 6 7 3 7 3 6 4 8 10 5 10 8 10 5 5 5 6 2 1 4 1 10 7 9 3 8 4 9 2 8 5 8 9 10 6 4 10 3 10 10 10 9 2 2 3 7 8 3 8 6 2 9 7 3 4 9 5 6 6 6 8 2 7 7 7 10 8 7 10 6 3 3 10 5 8 8 5 7 7 8 2 8 6 2 8 1 2 5 2 10
2 9 4 3 4 7 6 4 9 1 4 8 10 4 2 9 2 4 7 2 7 6 5 4 8 6 10 1 4 4 9 9 7 2 1 6 5 8 1 1 4 6 8 6 2 8 2 10 2 6 5 2 5 7 7 9 10 1 3 4 3 8 2 5 1 9 7 8 10 9 5 0 9 3 4 5 7 4 6 10 5 10 4 2 4 3 9 4 1 7 1 8 3 1 10 4 9 1 7 5 5 10 9 6 8 3 8 5 2 8 5 10 2 8 10 9 6 10 9 1 6 5 4 6 3 9 4 5 4 5 4 5 3 6 10 10 10 10 4 7 2 4 2 10 6 3 2 10 9 5 1 3 2 3 6 7 7 5 9 4 7 4 5 2 2 6 4 3 1 7 8 9 6 3 5 1 6 10 10 1 10 9 5 7 8 6 4 6 5 7 8 4 8 9 10 8 10 4 2 3
1 9 8 8 3 2 2 1 8 2 6 4 10 5 6 5 6 3 9 2 8 1 3 3 9 1 7 1 8 4 6 1 2 7 7 3 4 2 2 1 9 4 6 2 7 10 7 3 10 3 2 7 10 5 6 9 3 10 3 3 4 3 7 3 8 2 2 4 1 6 6 1 0 10 1 4 4 10 9 4 3 8 9 7 6 4 4 4 2 9 2 6 7 3 1 5 7 5 4 8 4 5 2 2 6 10 7 6 8 1 6 1 6 2 1 8 6 1 9 5 9 8 5 10 5 10 9 10 8 8 8 10 9 3 6 6 10 4 2 9 10 4 6 9 6 2 6 10 1 5 8 5 6 6 9 6 3 5 5 5 9 2 3 1 4 3 1 10 6 5 3 5 10 7 9 2 10 7 1 10 8 6 6 8 2 9 6 3 10 7 2 3 9 2 7 4 1 9 5 10
6 3 8 2 8 7 3 2 4 7 10 3 1 3 10 5 3 5 7 10 8 6 3 10 6 4 2 8 9 2 7 7 3 7 8 2 4 10 6 3 5 6 5 5 6 6 6 6 6 5 1 10 5 3 6 9 3 4 8 8 3 5 3 9 3 10 2 8 4 8 7 5 9 0 2 4 8 7 5 1 1 9 2 5 4 9 5 7 9 10 9 3 9 1 2 10 9 5 3 4 4 1 7 8 7 3 3 3 3 5 5 8 6 2 4 10 8 3 8 3 10 10 8 7 2 2 9 8 9 7 1 1 3 6 2 10 7 8 9 8 8 3 5 10 5 5 2 2 9 9 6 8 6 4 9 10 6 3 5 2 9 5 6 9 1 2 8 1 2 10 2 3 4 10 9 8 4 10 2 9 6 1 1 8 10 6 1 5 7 1 7 4 5 7 2 7 7 9 1 7
5 10 4 6 9 3 5 9 10 6 9 6 7 6 1 6 6 6 3 5 5 4 8 4 9 9 4 9 4 8 9 4 10 5 9 5 6 10 2 3 9 9 8 5 5 10 1 1 7 3 3 4 8 2 2 4 3 7 7 3 4 1 2 5 10 10 6 1 2 9 6 2 6 1 0 10 7 4 8 9 3 10 5 4 4 10 1 3 1 7 9 1 1 8 1 10 5 3 10 9 9 6 7 4 6 4 9 9 7 2 4 6 10 6 4 2 8 9 3 10 1 7 9 4 9 8 6 9 4 7 7 3 9 4 6 6 1 10 9 10 1 2 10 1 8 1 5 3 2 9 8 7 6 8 2 10 3 7 5 3 2 9 8 1 7 9 8 6 1 7 9 8 2 6 2 1 8 4 2 5 1 5 9 10 4 8 1 10 8 6 4 7 5 7 5 3 4 6 9 10
6 6 7 8 5 5 8 8 1 9 2 7 10 5 4 2 5 1 7 9 6 1 2 8 9 8 3 7 7 4 3 8 6 1 8 9 4 7 6 9 2 3 5 4 6 8 3 4 1 7 10 3 10 5 5 4 5 2 2 4 6 4 4 7 8 5 6 1 1 9 9 4 1 1 3 0 7 8 1 9 1 5 6 8 1 1 6 8 7 9 9 10 6 9 5 8 2 9 9 6 9 2 9 4 10 6 6 9 4 10 6 7 1 10 7 2 3 6 7 8 9 2 1 1 7 1 5 1 2 7 7 3 6 7 8 4 9 9 7 3 9 4 2 1 2 10 8 7 4 4 4 6 4 7 1 6 4 9 4 4 8 3 4 7 8 7 3 7 8 3 10 5 5 1 9 5 6 1 3 5 1 4 10 6 5 4 4 3 3 1 3 5 4 10 3 2 4 3 9 4
5 8 10 5 8 7 8 6 6 2 4 4 9 5 6 1 9 9 2 1 1 9 6 8 10 2 8 6 7 1 5 5 7 6 2 5 3 4 10 10 4 6 2 4 9 2 1 4 6 2 5 2 5 8 10 8 1 9 1 10 2 3 4 3 7 4 10 1 1 9 10 8 8 5 8 4 0 4 6 6 7 4 9 9 2 7 1 10 8 1 5 3 1 1 6 10 4 6 1 7 6 2 1 10 9 1 4 8 7 1 10 1 1 7 6 10 7 1 10 8 3 7 7 1 3 6 2 10 7 2 7 2 10 6 4 10 10 5 2 5 7 10 9 2 6 6 6 6 7 9 3 7 1 7 8 6 7 1 2 3 10 7 3 6 4 1 5 9 1 5 10 4 1 2 6 7 2 5 2 6 1 10 1 7 2 7 1 8 1 4 2 8 7 4 2 5 7 1 1 10
2 6 10 8 5 2 6 1 8 9 8 10 10 7 5 8 2 8 1 7 8 3 2 9 7 1 6 9 1 6 7 7 7 4 7 4 3 8 8 9 8 9 9 2 8 8 1 10 5 8 9 5 2 7 2 1 4 2 1 8 9 1 4 8 2 7 6 4 7 3 1 2 4 1 3 5 4 0 4 3 1 5 9 9 3 3 10 7 2 1 10 1 4 1 10 8 5 7 5 3 6 9 6 8 3 2 9 7 5 8 7 3 10 2 4 10 5 1 5 5 7 1 1 10 1 10 3 5 4 7 6 10 6 5 1 1 1 10 4 3 9 10 2 3 8 5 7 9 9 7 3 10 6 2 8 5 8 9 1 6 6 10 8 10 9 2 4 2 6 2 9 2 3 10 7 10 4 10 9 9 4 9 4 4 2 2 6 7 10 9 10 10 7 3 2 9 8 1 2 7
5 4 7 2 3 4 5 1 10 2 10 3 6 6 10 10 4 4 10 6 6 5 3 1 1 7 6 3 9 1 3 7 8 1 6 5 2 5 2 9 3 5 6 6 3 8 9 10 8 9 3 1 1 8 7 9 3 9 6 5 3 3 7 5 3 6 1 3 2 1 4 9 7 1 10 2 7 3 0 4 5 5 8 5 10 5 4 8 8 2 3 1 6 6 6 3 4 3 6 2 8 4 1 7 10 7 7 3 10 8 8 3 10 10 5 3 4 10 9 1 1 1 4 9 10 5 1 6 5 10 5 4 2 6 4 3 2 9 1 10 7 3 5 10 6 9 2 8 8 5 4 2 9 5 7 3 8 7 4 7 8 7 10 2 7 8 5 4 2 5 5 4 2 3 9 1 10 1 7 4 4 8 8 5 4 5 8 5 6 2 6 7 3 10 10 8 6 8 6 8
7 6 8 2 7 2 1 1 5 9 9 1 8 8 7 6 1 4 6 10 4 7 5 9 6 3 3 2 9 1 2 2 9 4 6 2 9 3 10 1 1 6 4 9 3 6 7 10 3 5 8 8 4 10 9 2 4 9 6 8 9 4 9 2 5 8 8 6 1 9 9 6 3 2 4 8 8 7 9 0 5 8 1 9 10 4 1 8 3 2 4 1 7 7 10 7 2 10 2 4 5 8 10 9 1 2 8 1 5 7 8 9 8 2 2 6 5 4 9 9 9 10 4 5 2 2 7 3 10 8 9 3 7 2 2 4 8 9 5 9 7 7 8 6 9 8 3 2 4 7 8 6 5 9 6 7 5 2 1 10 10 2 7 7 4 7 6 5 7 7 3 6 10 7 2 7 8 1 1 8 4 9 7 7 2 7 2 10 6 6 8 7 5 6 10 4 9 10 7 7
10 1 6 4 1 4 1 6 10 4 6 9 10 3 1 6 5 2 7 6 3 3 2 9 4 7 6 10 6 3 5 8 9 1 6 1 6 7 1 2 8 8 2 5 10 3 1 9 2 6 2 9 5 1 3 4 8 7 5 5 8 7 2 5 2 5 8 7 7 1 10 6 9 7 5 5 7 3 9 3 0 2 6 4 10 3 3 10 3 3 5 4 7 4 8 7 9 1 2 4 10 2 8 7 4 3 10 8 2 8 10 5 5 6 2 5 4 10 3 10 5 2 3 4 6 9 7 6 9 10 7 6 5 8 7 7 3 3 1 9 7 1 10 9 7 5 1 10 1 7 1 9 2 10 9 1 9 1 8 1 4 5 1 2 4 5 2 9 1 8 8 1 8 4 1 4 2 9 2 10 3 5 9 6 9 2 3 1 10 8 10 10 3 2 3 7 7 10 1 3
5 6 1 7 10 6 8 9 1 6 4 1 7 5 4 5 7 2 3 1 7 8 10 1 7 1 10 4 9 6 5 6 2 1 2 4 10 10 3 1 8 5 5 3 9 2 8 1 6 3 4 9 4 1 2 10 1 6 7 7 6 4 6 2 7 5 4 5 6 2 1 10 4 7 2 2 2 10 2 6 8 0 5 5 8 6 9 5 1 4 8 9 4 1 2 8 4 1 4 2 6 6 8 6 8 5 4 6 9 6 10 5 4 3 9 2 8 1 1 9 8 6 7 4 2 4 10 5 7 8 7 4 6 10 2 8 6 6 1 10 6 8 8 3 3 6 3 2 4 2 9 3 8 2 5 1 7 9 1 6 2 3 6 6 8 8 9 8 2 3 7 10 4 4 4 4 3 1 5 3 7 6 2 5 2 8 2 9 1 4 4 8 8 3 6 2 5 8 1 5
7 4 8 8 8 7 7 8 9 2 10 5 5 5 10 9 9 2 4 1 2 1 4 5 5 3 3 7 1 3 5 7 6 7 8 5 1 8 8 4 3 2 1 7 4 3 6 7 4 10 2 6 2 3 9 9 3 10 7 9 5 9 8 3 5 3 2 10 7 10 9 9 8 3 6 1 5 8 10 5 3 4 0 7 8 6 6 2 8 4 5 9 9 6 4 3 10 9 6 7 5 5 1 5 7 6 3 4 6 6 10 6 6 1 7 8 10 7 5 9 1 3 10 1 5 6 7 5 8 7 8 7 10 1 7 1 1 9 1 6 9 8 8 10 5 3 3 3 10 4 6 7 6 9 1 10 9 3 1 7 2 8 1 1 7 9 8 10 2 5 6 8 6 4 5 8 3 6 5 4 8 1 8 3 7 2 1 1 5 2 4 5 9 5 4 3 9 1 4 8
3 10 10 5 5 9 5 10 1 2 6 4 1 7 1 7 5 7 9 7 5 9 5 7 3 10 6 2 1 2 3 5 3 9 3 4 2 6 6 10 10 3 1 4 8 2 7 2 9 5 9 1 10 8 1 8 5 6 1 3 4 1 4 5 1 8 1 3 7 10 7 6 10 6 7 6 6 2 5 10 8 6 1 0 1 9 10 6 2 3 5 3 1 4 2 3 10 6 10 5 2 1 1 10 9 4 8 6 1 9 3 1 9 3 1 1 6 10 3 5 3 8 6 8 1 2 4 7 9 10 5 7 7 4 2 6 4 6 7 6 8 6 10 7 8 6 8 10 5 9 4 4 10 8 2 10 1 9 6 9 1 9 6 9 3 9 8 3 1 4 6 6 8 10 6 5 2 7 1 9 4 7 8 4 7 9 10 7 4 3 9 8 9 5 1 6 10 4 1 6
6 5 8 10 3 5 3 1 8 7 4 4 2 3 4 5 9 9 3 5 8 3 3 1 7 6 4 10 6 4 7 10 10 7 10 8 7 5 4 8 2 1 3 2 4 5 1 9 6 3 3 4 6 4 9 5 9 7 3 8 4 1 1 2 7 2 7 5 3 6 7 9 4 9 8 10 4 10 2 2 9 10 4 5 0 4 8 3 2 10 2 10 10 1 1 5 10 2 8 8 10 9 9 10 7 9 4 7 10 4 4 6 10 10 1 9 3 5 9 3 9 1 1 4 7 5 9 10 4 7 4 7 1 5 5 5 2 2 1 6 10 7 2 10 3 8 3 1 2 3 2 4 1 10 8 9 3 2 1 1 8 10 8 10 2 4 5 10 5 8 1 3 8 3 1 4 8 2 3 2 7 1 6 9 10 5 5 3 3 10 5 5 4 1 9 8 8 1 5 6
5 10 4 2 2 5 3 7 2 10 10 3 7 2 10 1 8 7 4 9 4 5 4 6 4 5 5 7 10 5 8 8 2 10 5 9 3 2 6 7 8 10 9 5 1 4 3 6 6 3 7 4 1 4 7 9 5 7 8 5 3 3 3 6 2 9 1 2 4 5 5 9 3 8 2 5 8 10 6 6 3 8 5 3 4 0 10 5 6 6 10 2 5 2 6 5 7 8 3 3 2 7 9 4 8 3 9 10 9 6 10 7 8 10 10 6 8 7 4 9 9 10 5 9 1 7 9 7 7 10 5 2 5 9 7 4 9 9 5 2 6 9 6 3 10 9 10 4 9 1 4 5 9 2 7 5 5 3 5 8 8 1 8 8 7 4 4 5 10 2 8 6 7 1 2 1 1 7 3 1 2 7 5 9 8 10 8 7 3 8 5 4 6 9 7 5 7 7 3 10
1 10 7 1 1 8 6 2 6 3 10 9 6 8 8 3 8 3 4 10 4 6 10 9 8 3 10 2 7 5 9 6 10 5 10 4 2 3 3 4 3 1 4 2 2 9 4 3 1 4 10 9 7 5 6 1 4 1 7 9 5 5 8 10 9 3 5 9 8 3 2 9 1 4 10 7 9 3 3 7 5 9 5 2 7 4 0 3 7 2 7 6 2 8 8 1 8 9 10 2 2 6 8 7 4 5 1 9 5 9 3 8 2 1 7 10 1 3 9 4 2 2 4 6 10 5 4 4 9 7 7 5 9 6 10 3 3 3 9 9 5 1 1 6 4 4 8 8 10 2 1 1 6 9 1 3 3 10 2 7 7 1 1 2 6 5 2 9 5 3 1 5 6 1 7 10 4 1 5 7 6 5 3 4 9 10 10 8 5 3 4 2 6 8 10 3 9 2 3 5
6 10 7 1 3 4 4 4 3 7 4 4 4 6 2 3 9 8 6 7 6 1 9 9 3 1 10 10 1 1 2 3 2 7 8 10 5 9 6 10 2 8 9 4 6 7 7 1 9 7 1 10 4 6 2 5 6 3 5 5 9 3 3 4 9 9 9 5 3 2 2 3 8 4 4 3 4 9 8 9 10 10 9 7 2 2 10 0 7 9 6 9 8 2 2 6 8 5 9 6 5 2 10 4 1 2 5 6 6 10 2 9 7 2 7 1 8 6 9 1 8 3 5 1 10 8 2 3 4 7 3 9 6 1 3 2 2 7 8 9 3 7 7 3 10 5 5 7 9 2 1 7 2 1 5 8 4 6 9 3 4 1 8 6 9 9 3 1 9 7 4 6 9 1 8 1 4 7 10 2 6 1 10 8 5 1 7 1 7 6 5 4 5 8 7 1 7 5 5 4
5 2 1 4 8 10 9 10 4 2 2 5 1 4 4 2 2 8 1 2 1 2 10 6 6 5 7 9 10 5 10 1 1 8 8 8 6 4 10 1 4 6 9 2 4 2 5 3 4 1 5 3 3 6 7 6 2 10 1 10 3 6 4 2 1 1 8 4 6 6 1 10 8 1 1 5 8 1 1 2 6 6 4 3 3 7 7 10 0 5 6 3 4 10 2 5 2 2 3 7 1 9 4 9 4 7 7 7 9 7 3 2 1 1 4 7 10 3 1 8 7 8 8 6 5 8 8 9 6 5 7 3 6 9 5 9 1 5 1 4 4 6 3 5 6 4 9 9 4 8 5 6 3 3 8 4 7 8 1 8 10 5 4 8 9 6 1 10 2 1 6 5 7 3 6 6 10 1 8 9 3 5 5 10 2 7 4 9 5 5 6 7 9 9 9 3 9 5 2 7
7 6 7 5 1 6 8 6 4 1 1 1 2 3 10 2 5 10 5 1 4 1 2 7 8 10 9 5 5 8 3 10 2 1 7 2 3 2 6 1 3 3 8 4 7 9 7 6 8 6 6 5 6 9 4 4 3 4 4 5 5 4 3 8 3 3 6 10 1 8 8 1 10 8 9 10 7 2 6 3 10 10 3 2 4 1 10 2 5 0 6 4 7 6 5 9 4 4 3 9 6 9 7 3 2 7 9 9 8 6 4 8 4 3 2 7 4 7 2 4 6 9 1 3 8 2 2 5 1 4 6 6 2 8 4 4 10 10 9 1 7 9 10 4 7 7 8 1 8 6 6 1 3 5 8 8 3 2 10 7 10 5 9 5 4 6 8 9 8 4 8 4 3 10 4 7 5 3 5 5 10 9 7 2 10 9 10 4 5 7 1 5 1 7 6 2 9 3 9 7
6 6 9 2 8 10 3 7 9 9 3 5 7 7 2 5 3 6 6 6 2 4 2 1 5 1 5 1 8 4 5 6 10 8 9 8 2 10 2 10 5 10 8 5 3 4 10 6 8 3 9 8 3 8 8 3 4 1 5 9 8 5 2 5 2 5 9 10 2 3 6 6 10 4 8 7 2 9 8 9 7 2 10 1 6 3 10 2 3 1 0 3 6 4 4 8 7 3 3 6 4 8 3 1 6 9 7 9 10 8 2 7 6 4 7 5 10 8 6 7 7 8 2 4 5 8 5 6 8 8 6 6 8 8 6 3 3 10 6 1 5 4 10 1 10 10 3 6 6 10 5 10 2 10 5 2 8 2 2 6 4 6 10 10 6 2 8 7 1 10 4 2 10 1 4 8 3 3 9 3 4 3 8 8 5 4 2 1 5 8 2 1 3 10 3 2 4 10 4 10
1 1 1 3 4 1 3 3 5 4 10 1 1 7 10 8 6 4 9 8 6 6 8 8 6 5 2 4 10 7 4 10 3 8 3 3 7 3 6 10 6 2 10 3 8 1 4 6 7 6 7 1 6 4 4 10 2 4 7 10 7 3 2 10 3 3 8 6 2 8 5 4 4 2 8 8 9 3 1 5 4 6 5 5 1 1 5 5 6 4 8 0 9 5 8 5 10 5 4 3 5 3 7 3 7 7 6 5 4 4 2 1 9 1 1 2 7 8 1 6 2 9 7 1 5 5 3 4 6 3 5 4 9 4 8 7 7 1 2 8 6 5 10 2 8 8 3 10 9 10 1 7 2 10 7 5 4 8 1 3 6 10 9 6 7 5 5 9 2 7 5 8 2 6 6 6 7 9 7 1 7 1 3 8 7 9 1 6 10 1 9 6 7 9 1 5 10 6 5 10
2 9 9 6 9 1 7 1 1 4 7 2 4 1 4 4 1 6 6 1 1 4 2 10 7 8 6 8 8 4 10 8 1 3 7 8 1 9 9 7 9 2 8 3 7 10 7 1 1 1 4 6 2 2 3 8 3 9 4 10 10 3 2 1 5 8 1 5 6 5 9 1 5 6 3 7 1 3 3 5 10 2 3 5 8 1 3 10 3 1 3 7 0 10 7 8 5 9 7 5 7 6 9 6 1 6 8 5 9 9 7 3 6 2 5 9 6 10 6 9 3 5 1 3 8 7 6 8 8 5 7 2 3 5 1 5 6 8 2 9 3 10 10 2 6 4 6 5 7 2 9 8 7 2 10 3 4 5 7 1 2 8 6 9 6 2 4 2 4 8 10 1 5 5 6 7 9 7 9 9 1 2 7 3 7 7 10 2 10 6 3 10 4 10 8 10 3 10 1 1
7 9 4 9 8 5 2 3 10 9 10 6 5 4 4 4 4 5 9 8 10 4 2 7 6 8 9 3 10 6 8 8 10 1 4 2 3 10 7 6 6 6 6 1 8 7 8 10 9 8 5 10 6 6 6 3 6 2 5 4 3 3 6 5 7 5 2 2 6 9 3 8 2 4 3 9 7 3 4 7 8 6 9 1 4 10 9 4 8 7 1 2 2 0 3 10 9 5 3 5 4 7 7 1 6 4 6 8 8 3 8 3 9 5 1 3 6 8 8 6 5 6 4 4 3 2 1 2 10 2 9 7 7 2 7 6 6 1 4 10 5 7 5 2 6 5 3 2 7 7 5 1 9 2 5 7 8 3 5 2 8 5 4 8 8 6 5 1 9 4 5 3 8 1 8 7 7 4 4 8 7 6 10 3 3 9 6 9 10 5 4 9 10 7 1 6 5 7 3 2
2 7 3 5 3 2 5 3 5 2 10 7 8 10 8 1 3 8 7 4 1 1 1 9 8 8 4 7 2 10 7 1 10 7 2 1 5 3 10 3 4 3 6 3 9 7 10 10 9 1 8 1 6 6 1 9 10 6 3 1 9 1 3 3 9 6 2 10 3 6 9 10 9 1 6 2 2 10 8 8 9 3 9 8 7 7 1 6 9 10 9 2 6 3 0 9 3 3 1 9 5 3 5 9 6 8 2 7 7 4 3 8 4 9 1 10 3 2 4 2 2 7 9 10 10 8 9 9 10 1 8 5 4 10 10 8 3 9 1 7 7 10 10 4 3 6 8 7 1 9 9 10 8 1 7 10 1 1 4 9 9 7 8 8 5 7 8 1 6 8 4 1 6 8 8 6 4 6 9 1 10 7 7 9 4 5 8 6 3 3 4 4 4 4 8 3 6 9 3 2
7 5 1 6 3 6 4 1 5 6 8 3 8 7 4 7 1 4 10 10 9 3 1 3 1 3 8 8 7 5 9 5 4 4 6 9 6 4 9 1 9 6 2 7 2 6 4 9 7 8 10 5 6 1 4 3 9 6 7 10 6 4 1 9 6 2 7 5 1 7 4 2 8 1 8 6 4 7 5 3 8 2 4 9 1 1 7 10 5 2 10 8 8 9 7 0 3 1 3 10 10 1 5 9 9 3 3 10 6 2 2 5 5 5 1 4 2 9 7 9 7 3 4 3 6 4 5 9 5 1 9 7 8 6 5 7 5 6 5 10 5 4 10 1 2 10 5 6 5 2 3 5 2 5 4 6 1 9 7 6 2 4 8 10 4 4 7 3 1 1 2 5 3 5 5 1 2 3 3 9 7 8 4 9 2 9 6 1 2 9 4 5 6 10 7 6 5 1 2 1
10 7 8 2 5 7 4 8 7 9 3 10 4 2 1 7 2 3 2 4 1 5 6 1 7 2 5 4 8 1 8 7 10 4 6 9 8 5 8 9 10 3 3 7 8 2 1 3 10 9 4 6 9 4 7 6 4 1 9 8 5 10 7 7 5 4 3 10 6 9 9 5 5 8 2 10 7 10 1 3 8 10 10 5 8 1 5 9 6 9 10 4 2 1 9 7 0 6 1 5 4 9 4 2 1 6 3 8 1 9 1 5 4 6 1 7 9 3 10 5 7 1 4 5 7 2 4 2 7 6 3 8 8 7 5 5 7 3 9 1 3 6 8 6 9 1 6 3 10 7 1 2 8 1 2 5 9 3 2 4 4 4 9 1 5 8 3 1 4 10 10 10 9 5 4 7 1 10 3 2 10 2 5 9 9 3 8 2 5 4 8 8 8 4 3 8 1 1 4 6
1 10 6 4 7 3 9 6 8 9 5 6 1 5 9 9 7 1 10 4 5 8 1 4 10 2 3 4 3 4 10 9 7 7 3 7 9 6 3 10 4 6 2 1 10 9 10 6 1 10 9 9 5 7 9 3 8 9 4 8 7 2 1 9 3 8 2 8 2 9 5 7 5 7 5 3 10 2 6 9 4 10 8 6 5 3 10 5 1 1 10 6 5 4 1 4 8 0 5 10 3 4 9 6 9 2 3 4 4 6 8 6 3 5 8 10 8 10 4 3 3 10 8 8 10 4 8 8 6 2 6 4 8 8 1 2 4 3 9 4 3 5 6 6 4 3 9 6 4 8 3 4 3 9 2 6 7 4 10 2 8 7 2 2 6 2 8 10 10 10 7 2 6 2 9 3 9 10 9 1 6 3 8 1 6 9 3 7 2 10 6 2 10 8 2 10 10 6 4 8
3 10 2 6 6 1 7 8 5 8 1 7 9 1 6 8 6 8 6 4 9 5 9 2 10 4 4 5 8 10 4 7 4 1 10 1 1 4 7 6 10 7 5 9 6 9 10 2 10 4 7 4 8 4 10 8 8 5 8 7 7 1 4 1 3 9 8 8 2 6 9 2 1 9 7 9 1 2 4 9 1 3 4 6 10 2 2 7 10 7 6 5 8 10 3 7 5 7 0 9 6 5 7 5 10 7 2 3 6 6 4 7 10 3 9 3 1 10 6 5 5 6 3 5 3 7 1 3 7 5 9 6 6 8 2 10 7 9 2 7 8 1 3 9 7 6 1 9 5 2 2 3 2 2 5 6 5 10 8 3 9 6 10 10 8 7 1 5 1 3 10 3 4 10 2 10 8 2 10 6 1 1 9 5 4 6 7 7 6 10 5 3 5 5 2 6 5 1 7 1
9 10 4 9 10 4 8 8 3 2 5 6 8 1 5 6 9 9 4 10 2 9 8 5 8 6 4 10 7 6 9 1 6 4 2 4 6 8 8 4 4 3 4 3 7 10 2 8 8 3 8 4 9 3 3 9 2 3 6 1 8 2 5 8 10 4 7 4 10 1 5 6 4 8 3 3 9 4 4 8 6 1 4 6 10 9 2 2 4 2 10 8 1 9 3 5 5 4 2 0 4 3 6 2 4 5 7 10 6 2 3 1 9 7 1 9 5 8 3 7 4 5 4 9 8 10 1 5 9 6 6 8 8 6 6 9 6 2 6 10 5 2 5 4 8 10 5 2 6 3 7 5 3 3 3 2 8 4 2 3 8 1 8 2 6 6 7 5 2 2 4 8 7 3 4 1 3 8 6 3 4 3 4 8 9 8 8 3 2 9 2 10 4 6 9 7 1 8 9 6
2 4 7 7 9 2 3 3 7 5 3 9 10 3 5 9 3 5 6 10 2 2 3 2 6 8 7 8 10 9 3 4 5 2 4 9 10 4 9 8 2 5 7 10 9 8 1 7 5 1 9 1 4 4 3 3 6 3 10 2 9 10 4 10 8 4 3 6 2 4 2 10 10 9 10 4 4 3 5 8 10 6 6 6 7 6 10 10 8 4 3 2 8 2 7 7 1 4 5 1 0 3 3 5 3 4 9 10 5 10 6 4 1 9 9 7 6 2 3 1 4 9 8 8 10 1 1 6 1 1 8 5 1 7 2 6 3 6 3 4 7 2 8 4 6 1 8 7 3 8 2 2 10 5 7 9 2 5 5 3 9 5 9 3 8 6 1 8 2 2 6 4 1 9 4 7 5 10 2 1 5 7 9 1 3 2 9 1 5 9 9 4 10 1 4 1 7 10 10 7
4 3 4 5 10 9 10 10 1 2 3 9 4 2 8 7 7 6 6 7 5 9 7 7 9 9 2 4 5 8 9 2 3 2 2 1 9 6 10 1 10 7 3 5 7 6 10 9 9 10 2 2 4 6 3 6 8 10 3 2 3 2 9 1 7 3 5 8 2 6 2 7 6 1 7 7 1 8 5 1 2 3 6 10 5 4 7 6 3 3 7 7 7 6 2 9 5 7 8 1 4 0 8 2 8 4 3 8 6 7 2 3 2 7 3 6 5 3 5 8 3 6 1 3 3 4 4 10 9 3 3 7 7 5 4 9 2 4 10 6 9 3 2 2 3 9 4 3 10 4 3 9 1 6 3 5 7 6 3 3 5 6 2 9 2 5 4 9 7 1 9 4 1 3 8 3 4 10 3 10 2 5 7 5 1 5 1 10 8 10 5 6 8 2 4 9 6 1 6 5
4 4 8 2 5 4 7 2 3 6 10 6 9 9 3 4 10 9 4 2 3 1 1 7 10 5 7 3 8 10 1 6 6 5 3 3 9 3 5 2 10 1 10 6 7 4 4 7 1 1 6 6 7 7 3 6 10 6 1 6 1 9 5 9 1 3 5 3 9 8 3 6 1 5 1 4 1 10 3 6 8 4 6 5 6 9 1 9 7 7 1 4 1 3 1 9 4 5 5 10 10 4 0 2 10 3 5 9 1 5 5 7 5 8 8 3 2 7 3 2 6 3 10 4 5 7 3 10 7 3 8 2 3 1 10 8 3 2 3 2 3 1 2 2 2 3 10 4 5 4 4 6 9 5 7 4 3 4 3 7 1 8 2 6 9 10 9 9 3 2 1 1 8 4 6 1 7 3 7 4 2 3 2 4 3 1 1 10 4 8 4 8 4 1 5 10 2 1 4 8
3 9 9 3 6 8 6 6 3 4 2 6 4 3 9 7 5 6 3 5 8 3 1 6 4 3 2 9 10 7 10 2 10 9 1 4 6 7 9 9 10 6 6 9 9 1 2 4 8 8 9 5 6 5 4 1 1 9 7 2 6 10 5 7 5 7 1 1 3 10 10 9 6 5 3 10 8 6 10 9 1 10 7 10 8 8 10 5 7 9 7 6 10 5 5 3 10 8 3 10 7 10 9 0 6 5 10 2 6 1 3 4 7 10 10 4 7 5 10 10 10 10 10 3 1 10 3 9 1 7 5 6 9 10 3 4 7 9 10 3 8 3 9 9 2 9 6 1 3 1 4 10 6 4 7 8 7 6 2 9 8 10 10 4 9 7 10 2 6 6 10 6 9 7 10 2 5 5 8 3 1 5 9 10 2 8 3 4 2 4 6 3 8 4 4 8 1 1 9 3
6 4 2 5 10 8 1 2 8 7 10 5 7 8 3 2 8 9 3 6 6 3 8 7 5 3 2 3 1 7 5 10 7 2 7 3 4 8 7 9 4 8 4 5 5 5 2 3 5 6 6 5 6 10 4 2 10 9 2 4 1 7 10 7 10 9 1 3 8 10 6 1 10 2 2 8 9 1 5 4 5 6 3 3 4 10 2 7 2 10 2 7 6 2 10 4 8 3 9 2 8 3 6 1 0 7 6 3 9 1 4 2 9 10 9 7 6 7 10 10 10 10 9 5 3 3 5 10 4 7 3 1 5 3 10 8 8 4 5 10 7 8 10 5 5 7 4 9 9 1 5 3 7 6 3 2 9 3 7 1 1 7 7 9 3 6 9 4 9 4 10 10 4 1 6 10 10 5 3 6 6 2 5 7 4 6 4 8 1 7 9 1 8 7 1 6 6 9 2 6
7 3 10 7 2 2 8 2 8 3 7 7 8 10 5 7 1 7 9 4 9 9 10 6 8 6 8 10 3 10 10 5 1 4 8 7 10 4 3 2 10 8 8 9 10 9 7 4 8 3 2 10 1 7 1 5 7 2 1 4 4 5 7 2 7 4 10 2 2 1 4 9 2 7 5 8 5 10 10 7 7 4 7 10 7 3 5 7 6 10 1 1 5 2 4 2 7 2 2 9 10 2 1 5 8 0 2 1 7 5 3 2 5 5 10 2 6 9 10 8 9 3 7 10 1 7 1 1 1 5 6 3 2 4 10 8 8 7 8 3 7 9 7 8 7 4 3 7 3 1 2 7 5 7 3 7 4 9 6 8 9 7 5 10 2 1 7 7 3 3 10 3 6 3 4 6 8 3 2 6 4 5 9 6 4 1 5 3 3 5 1 2 2 9 8 6 1 5 10 6
1 1 8 2 6 3 5 6 3 9 9 6 10 3 5 9 2 3 3 10 6 2 4 1 5 2 10 8 3 5 5 4 10 10 1 5 10 4 4 10 8 7 5 10 6 10 2 8 1 10 7 3 3 6 2 6 10 5 9 8 1 3 7 2 7 9 1 10 3 7 6 1 6 9 2 7 1 10 5 5 4 1 8 4 10 4 5 8 3 7 7 9 8 4 5 5 6 3 5 3 8 7 9 1 2 4 0 4 4 9 6 8 3 3 2 8 1 2 8 7 7 7 5 8 9 5 7 6 9 2 10 4 2 5 4 2 1 8 5 2 8 10 5 1 2 3 1 6 2 8 10 8 8 4 6 7 3 8 9 6 9 9 7 1 5 2 4 4 4 4 1 10 9 1 9 10 5 3 10 10 2 6 7 5 9 9 1 3 2 8 2 10 7 4 2 1 9 4 5 6
6 9 5 4 9 7 4 7 5 10 4 4 1 7 9 7 7 10 7 7 1 6 8 9 1 8 1 1 3 2 5 4 3 9 1 2 1 9 3 6 4 4 3 8 7 8 9 4 7 2 3 1 1 5 9 7 5 2 2 1 2 9 5 4 8 1 9 5 7 5 7 2 10 9 7 2 5 6 6 4 1 1 4 9 9 6 8 4 8 8 8 3 6 10 6 10 2 4 9 3 6 2 1 7 6 9 10 0 3 6 5 10 8 10 3 3 9 4 8 2 5 7 2 7 5 5 10 7 6 2 6 7 9 10 9 1 10 7 10 10 8 6 1 1 6 5 5 5 3 4 7 7 7 5 6 5 1 6 2 6 4 9 6 1 8 7 2 5 3 8 2 5 7 1 5 5 3 5 6 9 8 7 1 3 1 1 7 6 6 3 4 1 7 4 1 2 9 1 3 8
1 5 8 6 5 5 1 6 9 5 9 7 4 7 10 5 2 10 9 9 6 8 9 3 8 8 6 1 6 4 8 8 6 7 2 10 6 2 5 6 6 5 1 7 4 9 7 8 10 8 8 5 4 4 6 1 8 5 2 9 8 4 8 8 7 6 6 9 10 3 9 9 7 1 9 4 5 9 4 8 2 8 3 5 8 9 1 5 1 7 3 6 5 9 1 1 5 4 9 5 7 1 5 2 2 2 2 6 0 7 8 2 10 6 4 2 8 4 3 10 8 5 9 6 7 7 1 10 6 9 9 3 8 6 10 7 2 6 1 4 3 10 7 5 2 6 9 2 10 3 1 9 7 3 9 8 10 8 5 6 3 1 5 2 4 5 2 4 1 3 2 10 5 8 10 7 4 4 8 4 7 10 8 7 3 2 3 5 3 1 10 9 10 2 1 5 8 5 9 5
10 7 8 1 4 8 1 7 8 5 5 8 5 7 1 9 5 4 9 4 1 5 2 6 2 7 2 10 5 9 8 3 3 3 7 10 7 7 4 4 1 1 4 4 3 1 2 5 4 4 3 9 6 1 3 9 2 10 3 4 8 3 6 3 5 5 9 4 2 6 10 6 7 8 9 4 4 4 9 9 6 1 4 10 6 9 7 6 10 8 7 9 9 2 6 1 1 9 4 5 10 6 5 10 3 2 6 5 2 0 3 3 10 2 6 9 9 10 4 1 6 2 3 1 10 6 2 6 3 9 7 1 4 6 6 3 1 1 7 4 10 8 2 6 7 5 10 8 8 9 5 1 10 3 8 4 4 4 4 6 5 9 10 2 4 10 3 10 1 3 4 9 10 2 10 6 10 9 10 4 5 6 2 3 2 8 4 9 6 5 8 1 3 5 5 2 5 5 2 4
7 4 10 2 8 1 3 10 3 1 4 1 10 4 5 8 9 2 10 2 7 1 2 5 1 9 4 10 7 5 5 7 10 9 7 6 6 8 6 9 10 6 8 8 5 8 8 5 10 4 3 6 7 2 8 1 2 3 5 9 7 4 3 10 10 1 9 3 1 3 2 6 9 3 4 6 3 9 5 3 4 7 9 1 5 2 1 8 6 2 5 6 5 2 1 6 6 6 3 5 1 1 2 5 4 3 8 9 4 5 0 9 6 1 5 5 1 4 3 7 3 1 6 4 5 8 6 3 3 5 9 5 8 4 7 2 5 3 5 1 4 8 4 4 3 10 9 4 1 9 10 3 2 3 8 5 10 9 7 4 1 1 6 6 9 6 3 6 10 10 10 6 2 4 6 5 1 5 3 7 2 4 8 5 4 1 9 6 10 1 7 3 2 2 10 4 5 9 9 4
7 7 5 5 8 3 8 7 7 4 8 2 1 8 6 2 1 1 3 8 10 9 9 1 4 5 10 3 2 7 5 1 2 9 10 5 1 2 9 10 4 10 9 10 10 1 2 6 4 2 9 4 1 1 4 8 10 8 10 5 4 5 5 5 7 6 7 7 8 4 9 7 1 4 3 4 9 1 4 6 3 2 1 1 6 9 9 7 6 2 8 6 2 2 5 9 5 7 6 1 6 4 10 8 10 4 1 5 9 3 8 0 9 7 9 7 9 2 1 8 4 5 4 8 5 6 2 7 7 2 4 9 9 1 10 7 4 3 4 3 1 4 1 10 6 2 1 4 8 9 7 7 10 10 2 6 9 6 1 8 8 10 7 5 9 7 8 4 8 8 10 1 9 8 6 10 8 9 5 3 2 10 5 8 8 9 2 3 10 8 4 3 2 6 8 7 2 7 10 6
7 6 2 1 4 1 6 5 5 6 2 9 5 10 5 7 6 10 8 5 3 7 3 7 1 9 8 9 7 10 8 7 10 9 3 2 9 4 9 8 10 3 4 9 3 9 10 7 10 3 9 8 9 8 7 2 5 6 4 1 1 1 9 10 7 5 10 4 5 7 10 9 6 2 2 5 9 3 2 3 5 10 8 9 2 7 4 9 9 7 5 1 7 8 7 1 10 7 3 10 3 10 10 9 3 6 4 6 6 6 6 7 0 8 1 1 5 8 9 4 3 3 1 10 10 8 8 1 5 3 8 8 2 3 2 7 4 9 4 8 1 8 7 10 4 6 2 3 5 8 9 5 3 2 8 9 1 9 3 7 6 3 9 2 10 4 4 2 6 3 5 4 10 2 5 5 4 5 3 2 9 3 6 3 7 6 3 2 3 10 10 1 6 10 4 4 8 1 1 3
4 1 7 1 4 9 5 4 9 10 7 3 6 4 7 1 4 6 1 10 2 10 1 5 5 3 6 2 10 6 4 7 8 8 2 8 7 10 2 10 4 9 5 7 2 2 5 8 9 9 10 9 7 1 5 6 4 5 10 1 6 6 6 3 6 5 1 1 9 6 1 1 10 7 4 2 7 2 4 7 1 4 10 1 8 3 2 7 4 3 7 8 2 2 8 4 3 7 2 2 9 6 6 5 8 8 7 10 9 10 9 7 8 0 6 1 8 6 10 8 3 10 4 8 10 1 2 8 3 7 2 5 9 4 3 2 5 8 5 4 9 5 8 4 9 6 1 6 10 8 5 4 1 9 6 3 1 6 7 9 1 7 8 9 9 4 5 8 10 3 2 1 4 6 10 4 3 3 9 7 9 6 4 9 10 9 10 5 2 10 9 5 6 2 3 6 5 7 4 4
6 4 5 3 2 1 7 6 8 3 6 4 8 6 7 1 10 9 1 7 7 10 7 4 3 3 4 6 1 10 4 4 8 6 1 4 9 10 3 1 4 1 6 10 6 5 2 10 3 5 2 8 10 6 1 4 4 10 8 10 2 1 4 1 1 3 8 9 2 10 1 3 1 9 7 2 2 1 9 4 3 9 3 5 6 6 3 6 10 10 4 5 2 2 10 3 7 10 9 3 4 9 10 2 1 6 7 7 9 6 5 9 10 4 0 1 3 9 3 7 4 7 10 4 10 2 2 1 4 5 1 3 4 5 2 8 8 1 6 4 8 1 7 9 7 6 7 6 6 3 4 7 6 5 5 3 1 5 4 4 8 10 9 8 1 5 2 4 4 8 7 1 4 3 5 5 10 9 6 5 5 4 8 1 3 9 6 1 7 6 10 2 3 3 8 10 2 4 7 9
2 5 4 1 10 10 2 5 5 2 7 10 3 3 8 10 6 1 5 7 9 7 5 3 2 8 10 6 8 5 10 10 6 5 1 1 1 5 9 4 6 3 6 9 3 6 5 4 2 8 4 10 9 1 3 9 8 7 9 6 6 4 10 7 9 1 10 1 5 5 8 3 2 2 2 10 8 8 3 5 6 6 7 10 10 1 2 7 6 8 9 8 10 1 9 1 1 2 8 5 9 2 7 6 10 8 10 9 7 10 9 3 5 2 9 0 1 5 1 3 1 6 4 8 2 6 4 5 3 3 4 10 7 2 7 9 8 8 8 8 9 7 8 1 3 10 8 3 5 10 10 10 7 7 1 2 3 10 9 8 10 10 7 2 8 6 10 8 2 9 3 4 5 9 8 10 8 9 1 6 10 8 1 9 4 3 9 10 2 1 4 4 10 10 2 5 7 9 2 10
1 3 5 5 4 9 9 2 3 7 9 6 1 10 6 2 6 7 3 9 10 7 10 10 5 7 2 10 10 4 5 5 3 5 6 9 6 4 3 7 1 2 6 6 5 10 1 7 7 5 6 7 3 9 7 10 6 7 2 3 9 7 3 4 7 1 4 8 1 7 4 4 1 8 1 3 10 3 2 10 9 1 3 9 2 9 6 5 8 10 2 10 2 10 1 5 6 6 1 7 7 2 7 10 5 6 9 4 6 5 3 8 10 9 6 1 0 6 9 7 1 8 8 4 4 3 9 2 8 9 5 7 1 6 7 9 6 9 2 4 10 7 2 4 2 3 7 4 2 10 10 3 4 7 3 3 7 10 6 4 8 3 9 9 3 8 9 5 1 9 6 2 1 9 2 10 5 4 4 2 7 3 6 7 10 8 8 3 6 8 2 2 10 3 7 1 10 10 3 4
3 3 5 2 10 10 7 4 1 3 4 3 7 9 10 2 8 7 10 6 4 5 2 2 7 5 7 7 5 5 3 2 6 4 9 4 6 4 2 5 4 3 6 5 7 7 3 2 10 3 4 5 7 10 10 9 3 7 1 2 8 7 6 2 7 7 7 9 8 6 9 9 6 3 9 4 6 9 2 6 10 2 4 8 3 4 9 1 2 6 4 2 5 7 5 3 7 7 2 2 7 7 10 1 9 4 7 5 8 10 1 4 8 8 5 8 5 0 5 4 2 1 2 9 1 8 9 6 2 7 6 8 6 7 7 2 7 1 8 9 5 3 1 6 3 7 8 10 3 8 2 6 2 5 8 8 2 7 10 5 7 5 5 8 2 2 5 5 10 6 6 5 6 10 8 8 6 5 6 1 2 9 6 6 9 9 2 3 1 6 2 7 5 8 9 8 8 1 5 10
6 3 7 6 2 10 5 2 9 6 9 7 1 4 8 9 6 4 10 7 3 10 7 8 10 4 2 7 4 6 10 9 7 10 3 10 10 3 8 3 5 2 5 7 3 8 9 8 6 9 10 10 6 8 9 2 5 1 10 1 1 3 5 4 2 9 2 3 5 8 1 1 8 2 7 8 4 2 2 6 6 6 4 5 9 2 6 3 1 5 1 3 4 5 1 6 3 10 4 8 8 2 2 5 9 8 2 3 7 6 1 2 6 9 9 5 2 9 0 8 5 8 5 5 9 2 10 4 9 1 5 4 5 2 8 8 5 10 4 2 10 4 2 9 2 2 1 1 2 8 3 5 7 7 2 4 7 5 7 10 2 8 8 1 7 1 5 6 7 2 5 5 7 10 8 6 5 5 5 7 3 1 7 5 6 2 4 5 10 2 8 7 7 3 6 5 1 1 7 6
3 4 9 5 3 5 10 2 1 3 4 1 4 5 1 6 7 8 1 8 2 3 6 9 3 8 9 2 3 10 3 7 2 8 1 5 5 7 8 4 10 1 3 7 8 9 6 1 2 1 4 6 1 8 8 2 8 3 5 2 2 2 9 2 5 6 6 2 3 7 8 2 5 8 9 8 3 10 7 7 7 6 6 8 10 8 8 4 3 5 6 10 10 10 6 10 1 1 9 3 10 6 4 5 1 5 1 1 8 6 4 4 10 8 7 2 8 8 10 0 1 1 4 2 5 7 4 9 4 4 4 6 2 1 4 3 3 9 6 5 5 5 9 9 4 4 7 7 6 7 1 10 5 4 4 1 8 8 3 8 3 10 9 4 7 9 5 5 2 10 7 5 6 5 6 7 7 9 5 4 6 4 8 5 2 3 2 9 7 5 5 6 1 1 10 3 2 1 8 2
6 9 6 3 9 9 5 3 2 10 7 8 8 5 7 9 7 9 10 5 3 1 7 5 9 2 1 3 3 10 3 8 8 10 7 1 1 6 5 5 3 1 10 3 7 8 1 10 1 1 7 1 4 5 8 4 6 1 8 1 4 10 10 7 10 1 10 3 6 5 9 10 1 3 6 2 9 4 1 7 7 5 8 6 6 10 5 6 6 5 7 4 4 6 7 4 4 5 9 5 7 5 4 3 5 1 1 4 1 5 9 1 10 3 7 1 8 4 1 1 0 4 5 6 8 9 10 6 1 4 7 4 4 10 5 8 8 2 4 2 10 4 10 6 6 8 4 7 7 4 8 8 7 10 7 7 9 4 2 2 5 10 8 7 5 1 5 5 8 2 3 6 7 7 4 6 7 5 6 3 7 4 2 1 1 6 10 7 2 2 4 4 8 7 8 6 9 8 9 3
9 2 2 2 9 10 8 7 9 7 9 3 1 10 10 5 2 3 5 3 6 2 9 9 9 2 5 1 8 3 6 6 5 4 10 4 4 3 7 7 2 3 1 2 4 10 9 10 5 5 8 9 4 8 10 3 9 4 3 5 3 7 7 9 5 2 9 8 6 8 1 5 6 4 8 1 5 8 5 9 9 3 8 8 4 1 9 5 1 7 7 5 8 7 6 7 6 3 4 2 6 2 5 7 5 6 6 5 8 6 8 9 9 3 8 3 10 9 10 4 8 0 10 7 10 5 10 6 6 2 8 4 9 1 3 1 5 8 9 7 6 10 2 1 5 3 8 10 8 4 8 10 9 10 7 2 7 10 8 6 9 9 3 10 2 7 9 1 9 10 6 7 9 2 8 1 8 6 8 10 5 1 3 4 2 7 4 9 4 4 1 1 5 9 6 2 10 7 5 7
6 6 6 10 5 3 10 4 4 8 4 10 6 5 4 5 6 5 4 4 7 5 10 9 10 1 8 2 2 6 5 10 8 7 2 2 10 7 6 4 7 1 2 2 9 9 2 7 10 10 6 9 8 9 4 3 2 6 9 3 1 4 6 9 10 8 7 1 3 6 7 8 4 2 2 4 8 9 7 8 2 2 1 1 2 5 3 2 3 5 2 5 2 5 3 9 9 10 3 2 5 9 8 2 8 7 3 2 7 9 9 9 8 8 9 7 7 3 7 5 5 3 0 3 10 2 6 6 2 10 9 10 1 10 1 6 9 3 4 8 7 2 3 7 5 9 3 9 9 2 4 3 8 6 1 9 10 7 10 10 7 3 6 8 4 8 3 10 6 3 6 2 9 1 10 9 7 6 7 2 2 7 3 3 8 8 4 1 10 9 5 6 2 8 2 1 5 5 1 4
10 7 7 10 10 4 7 10 4 4 9 10 9 8 4 7 6 5 7 4 2 4 4 10 9 9 9 4 3 7 9 6 1 4 8 5 5 8 7 5 9 1 2 6 2 6 1 7 3 8 6 10 1 3 10 3 1 2 5 8 4 2 3 10 1 1 8 4 4 8 4 3 3 2 2 5 9 6 7 1 8 3 4 9 9 2 9 8 3 4 5 4 3 1 8 1 8 5 9 8 8 1 7 7 4 5 4 8 8 6 5 8 7 9 9 7 10 5 2 9 9 3 9 0 5 10 5 5 6 5 9 3 5 5 6 3 7 5 1 9 1 7 2 10 4 4 6 1 10 1 1 5 10 9 5 10 9 3 7 10 7 1 8 9 9 4 2 6 9 4 1 10 9 5 3 10 10 8 1 2 5 8 9 4 3 5 9 7 9 10 4 10 8 3 10 7 3 2 6 3
1 10 7 1 5 8 4 2 1 4 10 4 9 7 5 1 1 2 10 9 9 10 7 4 7 2 1 8 7 9 10 7 9 6 7 1 7 8 2 6 3 10 8 1 5 5 7 4 4 10 10 6 1 3 8 1 3 8 5 7 6 3 7 10 9 10 1 3 9 3 7 6 9 7 7 1 10 8 6 8 5 6 8 3 7 8 8 8 3 5 7 8 7 2 1 9 1 8 8 7 4 10 8 1 10 1 5 9 8 10 4 10 6 1 7 4 6 10 2 10 3 2 9 10 0 2 9 8 4 6 2 4 10 6 7 9 8 9 10 5 1 4 9 6 4 8 3 1 7 5 4 3 9 7 2 4 5 5 2 2 1 3 5 7 7 9 9 8 9 9 1 1 8 7 5 4 8 10 10 4 4 7 1 9 1 9 6 8 7 3 9 8 1 3 3 5 3 6 5 5
5 1 8 6 10 9 8 7 8 7 1 5 1 5 9 2 3 5 4 9 8 1 4 5 10 5 3 4 7 2 1 9 4 8 4 3 4 10 2 6 4 6 2 3 6 4 4 5 1 8 5 1 10 7 4 7 7 10 9 4 1 9 10 2 6 10 9 1 3 7 3 7 4 1 3 1 6 3 1 3 8 6 7 10 10 6 9 7 3 8 10 7 2 2 7 5 6 1 1 9 5 10 1 2 3 4 1 1 3 1 8 4 9 3 3 3 6 6 7 6 4 3 10 3 6 0 5 10 5 4 1 3 10 6 4 8 7 9 4 6 8 6 8 10 10 4 3 7 5 7 2 3 4 5 7 5 6 4 8 6 5 6 8 9 1 8 5 2 5 2 5 9 4 8 2 3 10 2 3 3 4 9 4 4 9 5 4 4 8 9 5 7 2 8 2 5 9 3 1 1
3 1 9 10 5 8 10 3 3 2 4 6 5 9 8 4 8 6 7 4 6 9 7 5 7 3 1 3 1 3 6 3 8 4 7 6 9 2 4 10 10 9 8 6 8 6 9 1 7 2 2 7 1 1 10 7 8 9 3 3 10 10 5 6 5 4 4 6 3 3 6 2 7 1 6 8 2 8 3 6 5 7 1 3 5 1 10 5 10 10 5 4 9 8 10 6 7 1 2 6 2 6 9 7 9 7 10 8 2 2 6 9 3 2 2 6 2 4 6 8 6 3 1 8 3 10 0 8 8 3 2 7 7 8 3 6 6 3 7 3 4 1 2 3 3 8 6 10 4 6 4 10 6 2 10 10 2 7 8 7 6 10 9 9 6 4 5 10 4 9 9 8 4 6 7 2 8 5 4 2 8 9 1 5 5 6 3 3 6 6 9 7 1 6 8 1 7 6 5 3
7 2 6 7 4 3 9 3 4 7 7 6 5 5 7 2 2 5 10 6 10 7 7 6 4 2 3 9 7 3 1 3 3 5 5 9 2 7 2 7 2 10 4 1 3 9 2 3 7 8 5 3 7 4 1 8 1 2 6 7 1 9 8 3 9 7 3 3 8 4 2 3 7 9 2 1 8 8 4 5 10 9 4 9 7 6 2 9 10 7 5 6 7 6 2 7 2 10 3 2 2 10 8 9 1 2 2 8 8 1 4 4 9 4 4 5 8 9 7 8 3 6 3 9 3 7 10 0 10 10 2 6 2 6 4 9 6 10 1 4 5 9 4 4 2 3 1 8 4 10 3 10 7 2 2 3 5 8 3 10 9 2 3 7 7 6 5 5 9 2 2 3 4 6 9 1 7 5 7 4 1 9 7 4 5 10 8 3 3 10 7 4 10 4 8 8 10 5 10 8
2 7 6 1 8 2 4 4 4 7 10 5 3 10 9 3 9 8 8 9 1 8 1 9 9 7 9 6 3 2 5 5 9 1 3 4 2 2 2 9 8 10 5 2 2 4 6 7 5 5 6 9 3 5 5 8 9 1 7 5 1 10 3 8 2 9 5 3 6 10 4 9 6 9 2 8 3 7 6 10 4 1 1 9 6 3 3 5 2 5 4 2 6 3 6 10 3 7 5 8 6 6 10 3 9 4 6 10 6 6 7 10 3 9 8 9 10 9 4 4 2 2 10 10 8 5 10 10 0 6 9 8 4 2 10 1 2 9 10 10 5 8 7 9 4 7 8 8 2 2 3 1 2 8 2 3 10 4 2 8 8 4 10 1 6 4 9 2 5 6 5 7 2 1 2 4 9 6 8 4 3 4 6 7 8 6 3 8 7 3 8 4 5 10 8 2 5 1 9 1
7 10 3 3 2 5 3 5 9 7 6 6 8 2 9 6 1 8 4 1 6 8 6 5 7 8 8 5 1 6 4 8 5 9 8 6 9 4 8 9 1 2 10 5 5 7 1 9 10 3 6 6 2 7 10 7 6 8 4 6 6 8 10 10 2 3 8 7 3 5 8 4 5 8 5 5 9 1 10 10 6 9 8 7 3 3 7 10 10 3 5 1 2 8 5 6 2 5 5 10 6 10 9 8 6 1 9 7 7 7 5 3 3 8 8 6 2 2 5 9 1 9 3 8 1 1 8 9 6 0 9 7 8 3 5 9 10 10 8 5 5 2 2 1 7 4 10 10 2 3 3 9 8 9 5 8 6 9 7 6 9 5 2 1 2 4 8 6 9 3 10 9 3 10 10 1 3 1 10 9 5 7 6 2 7 3 7 2 6 8 4 8 6 4 8 10 3 5 8 5
2 6 3 9 10 1 2 2 9 4 4 10 10 5 10 6 7 9 1 6 10 9 5 8 8 6 5 5 3 1 7 5 9 7 9 1 3 1 3 5 1 1 3 3 6 5 5 1 3 9 1 5 3 7 10 9 6 10 2 8 4 6 5 5 9 10 7 3 7 3 7 4 3 5 2 3 7 5 4 3 6 6 9 6 3 6 3 4 6 8 5 5 8 2 10 1 6 10 3 8 10 4 1 9 9 1 6 2 6 6 1 2 9 9 10 5 3 5 1 1 7 2 8 3 3 10 6 10 7 5 0 9 8 1 6 6 3 9 1 4 4 10 5 1 7 8 1 5 2 4 4 9 9 8 3 9 2 4 7 6 4 5 10 3 3 9 7 2 10 10 7 6 1 10 10 10 4 2 1 8 8 10 8 1 6 7 4 8 2 8 6 10 8 10 3 6 5 5 10 6
9 9 5 7 10 8 9 10 10 8 9 6 7 5 3 8 8 1 2 7 8 5 8 9 5 1 5 3 10 8 8 6 4 7 7 2 6 6 10 3 9 4 6 7 9 5 8 2 7 7 8 4 10 2 2 8 5 10 9 9 7 8 1 5 3 10 4 7 9 7 6 3 3 8 8 7 5 7 7 9 8 6 4 2 7 10 10 7 9 3 3 4 9 7 2 5 8 5 10 1 5 9 8 5 8 2 8 2 7 6 4 2 1 6 2 9 10 8 4 4 2 9 10 3 5 9 8 1 6 4 8 0 5 3 7 7 6 5 5 4 10 4 1 2 8 8 9 7 9 6 3 5 8 10 4 4 6 10 3 10 5 2 5 1 4 8 9 3 3 8 2 3 4 9 9 2 9 10 4 6 4 5 10 5 9 4 7 7 9 5 1 8 10 7 9 3 5 1 9 3
9 2 9 3 6 5 8 1 3 5 8 6 7 2 10 1 2 8 7 10 5 6 7 7 7 3 8 4 2 6 10 10 2 8 10 6 7 7 6 3 1 2 3 10 10 6 2 5 2 6 2 9 10 10 7 2 4 3 3 5 5 2 9 9 1 3 2 1 2 1 5 9 3 2 8 4 3 9 9 10 10 4 8 4 3 1 6 10 8 4 4 10 3 4 5 2 5 8 6 6 5 3 3 10 6 4 9 5 10 9 6 9 2 3 1 10 4 4 5 9 10 10 9 10 10 10 2 6 10 7 10 4 0 4 2 7 3 4 10 8 2 10 6 5 9 3 1 3 2 6 10 4 2 5 1 6 5 7 1 9 7 10 7 3 6 9 1 6 10 10 4 6 4 8 5 2 2 4 3 3 1 9 1 1 6 8 5 9 8 6 7 9 2 7 9 10 3 3 3 1
9 7 1 1 4 9 8 5 3 4 10 5 8 6 4 10 6 4 2 10 4 4 5 2 7 5 7 4 6 10 1 7 10 3 10 2 5 5 6 9 3 8 4 5 3 2 7 6 2 1 1 3 1 4 4 1 9 7 8 7 6 9 6 9 9 2 4 7 1 1 8 5 7 7 9 10 8 3 3 4 3 2 2 5 1 10 10 1 7 5 5 6 9 7 2 3 9 5 4 7 4 10 6 4 6 2 3 8 3 10 6 5 8 5 2 1 5 8 8 5 8 4 5 10 5 4 8 7 3 2 7 7 2 0 2 2 9 5 1 8 7 7 6 9 2 7 7 9 4 3 5 10 1 2 9 5 10 3 6 3 3 3 10 5 5 3 6 1 10 5 4 8 2 1 3 1 2 10 2 3 5 8 9 9 1 8 4 1 9 8 8 2 9 7 1 6 7 3 7 3
8 10 6 5 2 10 10 2 1 2 8 2 8 3 8 10 10 9 1 7 5 1 9 5 8 6 8 1 8 8 6 9 1 2 7 2 8 10 5 4 9 8 7 4 3 3 8 7 6 6 2 2 4 9 6 1 4 7 9 9 5 6 7 1 7 10 9 8 3 9 9 1 6 7 7 4 10 9 10 4 2 5 3 2 4 8 8 4 1 3 10 4 9 9 1 4 4 4 2 6 4 9 7 5 8 8 8 2 8 5 1 6 8 4 2 3 1 5 6 8 1 10 10 4 4 10 3 4 9 6 7 9 3 8 0 9 8 6 9 10 2 6 7 7 6 4 5 1 10 5 4 2 10 9 4 10 9 8 7 9 9 2 3 1 5 9 7 2 3 2 6 3 8 10 4 9 5 3 7 8 6 2 2 4 3 7 7 8 6 9 9 2 5 10 9 7 1 7 4 4
8 2 6 5 7 5 8 9 1 2 5 10 9 1 1 9 6 2 10 1 3 4 4 5 8 1 9 9 10 10 10 6 7 1 9 10 6 10 6 5 10 1 9 2 6 4 4 6 9 9 5 4 2 3 3 4 8 7 9 3 3 9 4 3 4 7 5 10 10 4 4 7 1 4 6 2 8 4 6 5 5 6 2 6 5 10 5 9 5 1 2 2 10 5 7 3 8 8 1 1 8 2 3 5 4 3 10 9 9 7 1 6 2 2 8 5 5 9 5 8 1 3 6 8 2 4 10 10 7 10 4 9 2 3 3 0 1 10 8 2 6 6 3 1 6 6 1 10 5 3 7 1 3 6 7 4 9 3 7 3 3 10 7 10 5 8 9 2 4 5 3 6 6 9 1 3 6 7 6 2 9 9 4 2 1 9 6 3 7 7 3 2 6 7 1 8 1 2 6 4
5 4 2 5 4 2 10 10 2 8 3 6 10 4 5 10 8 10 3 10 9 5 3 10 10 8 1 7 9 4 4 8 8 3 1 1 4 4 4 2 10 5 3 3 3 8 3 8 6 2 4 2 8 9 8 10 3 7 3 1 4 3 10 1 5 8 9 10 2 7 1 1 9 6 5 9 7 10 3 1 9 7 6 9 5 2 7 10 1 9 9 2 9 10 8 4 3 2 7 5 1 8 2 1 8 10 5 1 7 8 8 7 8 3 5 3 1 6 2 6 10 10 4 5 4 3 1 6 9 4 9 2 2 9 10 8 0 8 10 4 9 4 4 9 3 10 3 6 7 9 10 9 2 4 1 8 3 6 2 10 3 3 7 6 8 4 8 6 4 8 7 7 4 9 1 10 7 7 9 8 1 5 10 6 3 7 7 10 3 4 8 2 2 6 4 8 2 3 5 10
1 4 2 3 7 5 1 10 1 5 7 3 10 6 8 7 4 3 9 1 8 10 10 3 6 6 1 9 7 3 5 4 7 5 9 2 1 6 6 6 9 4 4 3 5 5 1 6 4 3 3 2 2 3 10 5 1 8 6 4 10 5 5 7 3 2 10 4 6 7 6 7 8 2 4 6 5 2 10 4 8 1 3 3 10 8 5 7 2 7 4 2 2 8 1 5 2 9 10 7 10 5 6 5 7 1 2 1 9 7 8 5 3 10 8 10 5 2 8 1 2 7 3 5 3 4 4 4 3 6 4 9 3 9 1 7 1 0 6 5 3 5 8 10 3 5 1 9 4 10 8 1 8 9 5 2 8 5 8 7 1 8 7 7 1 7 8 2 6 8 5 9 10 3 4 8 7 9 6 2 5 7 2 6 5 7 5 3 1 9 8 2 1 10 10 6 6 5 3 5
7 4 6 6 7 2 10 8 6 7 6 3 8 3 6 7 10 10 9 4 9 3 8 1 10 10 9 2 10 6 10 5 7 6 7 3 3 9 9 8 9 4 4 9 5 9 4 4 8 1 9 9 10 9 3 3 4 10 2 9 2 6 4 1 9 2 3 6 1 3 5 9 2 1 8 3 2 4 3 9 3 3 1 6 2 1 2 3 3 7 6 1 10 5 8 10 2 1 10 4 5 7 6 6 2 9 3 1 8 7 7 3 6 10 9 8 2 9 3 6 9 8 3 6 3 2 6 6 5 6 5 7 10 3 8 10 9 10 0 9 3 8 6 7 6 5 6 9 10 1 6 10 1 4 4 2 4 1 5 5 2 7 9 7 9 5 6 2 3 5 9 1 2 4 9 7 7 3 5 1 10 9 8 7 8 3 9 3 6 2 9 2 3 9 7 4 2 7 8 2
6 6 7 7 6 9 1 5 4 9 3 4 2 3 6 10 10 8 4 5 6 3 1 8 6 6 4 9 8 9 7 2 3 10 9 9 1 4 4 2 2 2 3 3 8 9 10 3 3 3 7 3 2 5 3 1 3 8 4 10 10 6 9 4 10 3 4 3 3 1 7 6 9 3 7 7 5 2 6 10 3 4 2 8 7 7 4 1 9 5 9 1 3 6 1 8 3 2 3 5 1 3 7 3 4 1 6 8 2 8 7 5 9 4 2 10 5 9 6 5 9 8 10 10 4 2 8 2 2 1 2 7 1 6 9 2 6 7 2 0 8 3 7 4 10 8 3 6 1 1 10 10 4 10 4 3 8 7 5 6 4 3 6 2 9 1 5 5 10 5 7 3 5 3 2 4 7 1 2 7 3 7 2 8 5 7 1 7 7 4 9 4 2 3 4 5 1 8 4 9
7 3 3 5 2 4 10 2 9 8 8 5 3 2 5 4 5 1 6 10 6 5 10 8 1 9 2 2 8 3 5 8 3 8 5 3 3 1 5 8 6 6 5 10 7 4 4 3 2 6 10 2 1 7 6 10 9 8 7 8 4 2 2 1 1 8 2 1 4 2 6 7 7 5 9 8 5 5 9 10 6 6 1 2 4 2 7 10 4 10 9 2 3 3 10 3 5 9 4 6 2 8 7 5 3 7 5 9 3 5 9 7 9 8 1 10 5 9 9 1 2 4 3 1 7 4 10 2 3 9 7 9 1 1 1 2 8 5 5 7 0 8 6 2 7 4 3 1 2 5 8 2 1 3 3 9 7 3 1 7 7 6 8 6 9 7 6 10 9 3 3 2 10 8 7 10 3 7 7 10 1 2 7 4 1 4 5 4 5 6 1 3 5 4 10 7 4 2 10 3
3 2 4 6 10 4 4 4 10 10 1 5 5 2 6 9 4 6 9 4 8 1 3 3 7 3 8 10 10 7 10 2 3 3 4 2 3 7 7 5 9 9 7 9 2 9 9 9 10 1 2 4 9 6 6 7 9 1 10 10 2 2 7 9 9 8 2 4 9 4 3 4 3 5 8 10 8 10 1 7 3 3 3 10 1 3 1 3 3 6 3 2 8 2 3 8 9 5 7 1 2 9 4 2 9 8 7 2 1 8 9 6 6 10 8 10 2 2 7 10 4 7 10 8 2 1 5 10 7 10 7 8 3 6 2 10 2 10 4 1 10 0 6 10 5 2 10 5 1 6 6 8 3 1 9 2 2 10 3 1 4 3 6 3 10 5 7 2 2 1 3 1 5 10 6 2 8 6 1 7 3 4 3 10 7 4 3 3 7 4 2 6 5 5 3 8 10 5 1 6
1 8 1 8 7 10 6 4 9 2 5 9 2 7 4 5 6 6 8 4 10 7 2 10 1 7 3 8 3 4 7 10 2 2 4 8 9 10 10 2 5 7 7 6 4 6 3 2 6 10 7 6 1 10 9 5 5 10 2 6 6 4 5 1 4 10 5 5 10 10 5 1 9 3 9 8 3 5 1 4 3 5 3 9 6 8 4 8 6 3 9 5 7 10 8 5 6 2 3 5 1 5 5 9 10 5 5 8 7 2 7 3 5 3 10 9 4 10 2 10 9 7 9 7 3 5 7 2 9 4 2 2 2 7 8 1 1 3 1 6 4 4 0 8 9 6 1 7 10 3 6 8 8 10 3 8 1 7 8 9 4 10 2 4 6 10 6 9 3 9 8 2 1 4 1 10 6 9 9 7 5 2 2 6 7 1 2 1 4 10 2 2 2 4 3 5 6 6 2 5
9 6 9 6 7 10 3 7 10 9 3 6 3 2 6 1 5 2 5 4 4 5 2 8 6 2 8 7 7 8 9 10 3 2 5 4 1 2 1 6 8 6 1 5 3 1 3 5 3 3 5 10 3 8 4 1 6 2 1 3 9 5 5 5 7 1 7 4 5 7 10 2 6 5 9 6 8 10 10 4 10 10 8 8 8 6 9 9 7 6 7 5 1 7 8 6 10 5 4 2 6 10 2 1 4 3 3 4 9 1 7 6 8 5 3 5 8 8 1 4 3 7 7 2 3 3 5 9 1 3 9 10 1 10 4 4 6 6 7 3 1 8 2 0 4 9 9 6 8 7 2 1 2 7 1 7 3 6 2 2 7 6 1 10 3 8 9 2 2 10 3 4 5 9 5 1 10 10 9 5 9 10 2 10 6 9 1 10 1 1 2 2 8 9 6 1 2 3 1 9
4 2 10 3 5 4 1 2 4 4 2 2 10 7 9 10 1 4 6 6 6 6 5 5 9 5 6 7 8 1 6 3 6 7 4 4 5 10 10 3 1 2 1 5 7 3 5 9 9 5 8 6 7 8 7 5 1 2 10 10 7 5 4 3 6 2 1 10 2 10 7 5 5 4 5 1 10 3 6 8 2 6 4 7 1 4 2 9 8 3 5 5 1 10 5 2 2 8 7 9 2 7 3 1 7 8 5 8 1 3 8 4 8 8 4 7 3 10 5 9 9 4 1 9 5 2 3 9 3 6 9 2 8 1 7 8 1 3 9 4 6 3 7 8 0 2 9 4 9 2 3 2 7 4 9 2 5 8 7 8 4 9 6 1 1 7 6 10 10 2 3 10 2 9 4 4 7 4 5 1 1 5 4 5 9 9 6 6 3 1 3 3 7 7 6 2 7 7 9 10
3 1 10 3 10 10 1 7 3 2 7 8 3 6 10 4 9 5 7 8 4 5 2 4 3 4 7 3 2 7 10 3 7 1 8 3 7 3 9 3 2 2 8 6 7 6 9 5 8 10 2 3 4 9 9 8 5 5 6 8 8 7 6 5 8 4 1 9 7 9 9 4 2 6 5 2 8 3 3 8 2 3 8 7 1 7 7 8 9 1 6 9 9 6 4 2 6 6 1 1 10 2 5 7 9 6 3 2 7 2 6 8 10 10 10 7 8 9 2 1 3 6 6 3 4 3 3 3 10 7 10 10 1 10 8 6 1 5 3 2 9 2 1 3 6 0 9 8 10 9 7 1 8 1 3 9 3 2 8 7 9 3 6 1 1 9 5 10 8 8 9 2 3 8 8 10 5 7 6 1 8 5 9 4 3 1 9 9 6 5 4 6 3 10 8 4 9 10 2 3
9 8 7 9 4 9 1 5 2 2 4 7 2 1 1 2 7 1 4 2 6 9 1 1 1 6 8 9 2 1 10 10 5 8 7 3 5 5 8 8 9 8 10 7 10 3 7 2 10 10 6 8 9 8 6 9 5 8 2 3 6 8 5 7 9 6 8 10 6 10 10 8 4 1 7 6 8 7 4 7 4 1 1 2 7 4 3 1 8 10 1 6 5 1 6 10 4 10 10 1 8 2 5 2 6 1 1 5 5 2 6 7 9 6 4 7 1 1 7 4 9 8 6 3 4 10 10 5 1 10 9 9 3 1 1 2 10 2 8 1 1 4 6 1 10 2 0 8 1 7 8 2 3 5 1 2 5 5 4 10 7 3 6 8 6 1 5 6 9 6 10 3 9 5 7 9 5 3 9 5 3 8 9 1 7 10 9 10 3 10 1 2 4 10 3 5 7 2 7 4
7 8 1 7 6 4 1 10 1 10 6 2 9 8 6 7 1 9 5 4 6 8 5 10 7 8 4 9 5 7 9 10 8 6 4 2 2 3 6 3 7 7 6 2 7 4 3 5 1 9 1 7 10 7 6 1 10 3 8 10 5 1 10 9 8 6 9 9 2 2 6 5 2 2 9 6 1 9 4 4 7 1 3 1 10 10 4 4 3 6 3 7 4 10 7 2 1 7 5 1 6 2 8 4 4 8 2 3 3 10 9 3 9 10 5 4 3 6 8 7 10 1 9 10 8 6 7 7 2 2 10 7 7 8 8 10 10 7 4 7 9 7 8 7 5 2 5 0 8 9 1 5 10 5 10 6 5 9 9 1 3 2 3 3 2 6 10 8 3 8 7 9 9 6 1 4 3 8 7 5 9 10 9 10 8 10 5 3 10 9 8 8 1 2 10 1 10 2 5 7
2 10 6 7 5 3 4 9 1 7 4 10 7 10 9 9 6 4 9 1 8 9 2 1 3 1 1 1 5 1 4 10 8 4 10 5 4 10 7 10 3 6 7 4 9 5 4 5 4 2 5 8 2 8 7 8 4 3 2 6 9 2 9 7 5 3 4 8 3 7 9 8 8 5 8 6 4 4 7 10 1 1 2 10 10 8 7 6 5 6 8 6 3 1 10 8 9 8 6 7 2 4 1 7 2 6 4 2 7 7 9 5 10 9 3 2 1 4 5 4 1 3 1 4 8 4 10 6 2 8 7 1 3 4 6 2 5 8 1 7 1 4 4 10 4 3 2 9 0 8 10 2 8 7 2 5 4 5 1 6 9 9 3 2 10 3 8 4 7 5 1 1 10 4 1 5 1 4 5 1 8 10 4 7 1 5 7 2 9 8 6 9 7 4 2 8 7 6 2 5
4 2 10 4 6 10 4 7 7 10 10 9 7 3 10 6 6 7 10 7 9 5 2 5 2 2 2 3 9 10 8 1 1 4 1 2 9 5 1 8 7 5 10 2 3 10 10 5 10 7 8 5 8 2 3 4 1 10 6 5 3 5 7 8 2 2 6 8 9 6 7 5 5 7 7 2 6 4 4 4 6 9 6 9 3 3 6 4 7 2 1 3 4 10 1 2 3 2 5 9 9 4 1 9 9 5 7 3 4 1 9 2 5 6 2 3 7 10 8 4 8 5 1 6 5 9 2 4 9 6 10 1 6 4 2 10 5 2 10 2 8 3 9 8 10 10 1 6 6 0 9 9 1 7 1 7 4 4 8 6 7 10 2 8 10 9 3 5 1 7 6 10 9 4 5 3 10 1 8 4 7 2 1 1 4 2 9 9 10 3 3 2 10 9 8 8 2 2 2 6
4 3 4 9 10 9 1 1 8 9 2 10 8 10 5 4 4 2 5 6 9 2 10 1 3 1 4 4 5 9 2 6 9 6 3 1 4 3 8 8 6 6 8 4 2 4 1 8 6 7 8 2 6 6 3 2 4 1 1 3 1 8 2 9 3 7 2 2 9 2 3 10 5 5 6 8 6 6 7 1 8 7 4 10 6 9 4 2 7 1 2 6 8 2 1 6 5 5 3 4 10 9 6 1 6 6 3 4 3 3 7 7 4 6 1 2 7 7 8 7 9 8 7 8 1 1 10 9 7 3 3 2 10 4 6 2 1 10 6 5 10 3 9 5 6 3 10 4 5 8 0 1 7 6 10 9 5 3 6 3 9 6 1 5 6 5 10 5 4 9 5 4 1 1 1 10 7 10 4 2 3 9 9 6 6 7 7 2 4 1 1 9 3 6 9 7 10 3 9 8
8 7 4 4 8 4 5 3 1 10 7 4 5 1 5 8 2 3 5 9 3 4 3 6 3 1 10 9 1 10 1 6 1 5 4 5 2 8 2 5 2 3 8 9 10 8 4 5 1 5 5 3 4 5 7 9 6 1 6 7 10 8 5 9 1 6 7 10 8 10 2 7 7 1 10 1 10 8 3 3 4 4 5 3 2 8 4 7 2 3 4 8 4 1 8 10 6 5 8 8 2 3 5 8 2 9 8 8 9 5 8 9 4 5 7 7 1 10 4 7 8 5 8 10 5 4 7 2 8 8 2 2 9 9 4 3 1 4 3 1 7 1 5 9 1 10 5 7 3 9 3 0 9 2 1 10 3 4 3 5 2 7 7 2 4 7 9 6 9 4 7 7 7 9 7 7 9 4 9 6 6 5 3 9 9 8 6 8 5 10 3 7 3 6 10 1 7 7 6 7
1 4 3 6 2 4 9 10 2 6 4 6 1 1 5 7 9 3 7 3 2 9 9 7 4 1 7 10 10 9 2 5 10 6 6 2 1 5 1 7 7 5 8 7 1 9 10 4 3 2 8 6 6 9 1 9 2 9 7 10 4 7 4 7 9 8 5 7 5 1 8 4 5 2 3 5 10 1 7 8 4 10 8 9 4 7 4 10 1 8 8 2 1 10 5 7 5 5 5 7 9 7 3 10 6 5 5 3 9 2 5 2 7 5 9 3 7 4 1 5 7 2 1 7 1 2 5 5 7 9 8 7 4 9 5 6 8 10 6 5 4 6 1 10 1 1 3 8 9 6 5 1 0 3 3 5 10 2 4 10 1 4 6 8 6 10 5 6 1 8 7 10 8 4 1 2 1 7 2 4 10 9 10 9 9 6 8 9 6 1 7 9 6 6 7 6 9 10 1 1
5 7 8 5 1 8 3 9 7 10 7 5 3 6 5 9 5 9 4 5 4 7 2 9 5 2 5 7 3 6 8 9 4 7 8 6 3 2 7 7 2 4 2 5 1 9 3 8 3 8 4 6 4 4 8 7 9 4 7 3 3 9 7 8 5 8 8 7 8 7 8 4 8 1 1 7 5 4 9 1 3 4 10 4 9 6 4 7 5 10 3 2 5 1 1 10 5 6 3 4 5 9 1 6 1 4 4 2 7 4 3 7 5 8 6 2 8 5 2 7 5 1 1 9 4 10 7 7 5 7 7 10 5 5 10 4 6 2 3 7 4 1 8 1 8 7 3 3 7 8 4 4 7 0 10 6 3 6 10 2 8 3 5 9 6 5 5 3 6 2 10 5 1 9 8 6 8 6 7 10 10 3 10 1 7 8 4 8 2 6 9 9 4 9 9 10 3 9 7 1
8 3 10 9 9 2 10 2 8 7 10 2 4 2 1 5 7 2 4 3 1 5 6 7 7 5 9 3 4 5 5 10 2 1 10 8 10 3 1 6 8 7 7 3 1 5 7 10 1 7 5 6 6 8 4 5 9 9 9 8 2 4 6 6 10 10 7 10 4 1 10 1 6 5 9 9 2 6 4 8 4 5 9 6 1 4 1 10 9 2 10 8 10 1 1 6 6 9 3 4 4 3 5 7 3 1 7 9 2 3 6 5 6 3 6 6 6 8 9 9 1 5 4 4 9 10 4 5 7 2 8 10 1 7 9 9 7 7 7 1 8 5 7 6 4 7 8 7 10 8 10 6 4 6 0 9 6 6 1 7 3 3 9 3 2 9 4 9 2 6 4 2 4 8 3 3 5 5 4 5 10 9 3 1 5 8 10 10 7 10 4 6 4 10 10 3 5 1 4 5
4 8 2 3 1 2 2 8 9 4 9 4 8 5 9 2 2 6 5 8 5 8 4 10 6 7 7 9 5 7 5 2 2 5 1 5 2 1 3 10 10 9 4 9 7 10 6 4 1 3 8 10 1 9 8 2 3 3 1 3 7 5 1 8 4 9 4 9 5 4 10 8 7 5 8 6 2 10 7 6 3 10 4 2 6 9 10 10 7 7 2 10 1 7 10 4 10 4 8 2 5 4 6 2 2 8 10 3 6 4 9 1 1 3 7 7 7 4 6 6 4 4 2 5 1 7 6 6 8 7 1 5 8 5 4 7 10 1 6 6 6 6 10 6 1 6 7 9 7 4 7 3 4 1 10 0 9 2 5 9 2 8 2 9 9 3 5 8 6 3 6 6 7 4 1 6 4 7 8 2 6 8 9 8 7 3 9 5 2 1 10 10 5 6 10 5 9 4 4 6
4 7 5 3 2 3 6 8 7 8 10 1 5 2 8 4 3 2 4 8 8 10 1 5 4 5 5 1 2 6 7 8 6 8 9 10 2 5 10 7 2 9 2 5 2 10 1 10 1 5 9 5 2 9 8 8 8 5 8 4 9 7 4 9 1 6 6 1 4 7 10 2 8 5 4 8 9 2 1 7 7 3 6 4 5 4 10 5 8 7 3 2 5 9 9 2 7 10 10 5 6 3 7 1 4 7 5 6 7 8 1 8 10 2 2 4 5 2 1 1 1 6 9 6 4 7 1 1 3 7 1 1 6 10 8 1 1 7 1 10 1 8 7 9 8 6 7 6 5 6 9 10 10 1 4 4 0 10 1 10 8 1 7 1 10 9 6 3 9 7 8 7 10 6 1 10 5 10 3 3 1 7 1 8 9 9 1 4 7 2 2 3 4 2 1 9 8 10 1 5
6 9 6 9 10 2 7 1 4 10 5 8 10 4 2 8 7 8 6 2 9 6 5 1 5 9 5 8 3 10 6 8 5 7 5 7 6 10 8 8 5 8 6 9 2 8 1 3 9 7 4 8 7 5 2 4 10 3 4 3 5 10 2 4 6 6 4 5 9 10 8 2 4 9 10 6 5 3 6 1 4 8 8 4 4 1 10 7 9 5 2 1 1 1 2 10 5 1 5 1 7 6 9 5 2 5 6 10 3 5 4 8 10 8 3 6 3 2 6 6 5 6 6 1 8 4 8 9 3 6 1 10 6 7 3 9 2 8 10 2 10 4 3 3 3 4 3 8 10 7 1 9 8 4 1 3 6 0 6 4 4 5 3 7 8 6 3 9 9 5 3 8 2 2 5 3 8 8 9 1 2 2 4 4 3 7 3 3 10 7 2 6 3 9 10 8 7 3 5 6
1 1 10 8 6 6 7 6 9 6 8 1 7 9 9 3 10 1 4 9 10 1 8 4 6 9 1 5 4 6 8 9 8 3 4 2 9 4 1 8 6 1 3 5 1 10 8 8 2 4 10 8 10 4 5 2 7 8 2 8 6 7 6 3 5 6 1 3 6 10 1 9 7 7 7 7 5 10 4 2 10 8 5 8 5 10 7 6 5 2 10 10 4 1 5 1 5 9 10 2 7 3 4 3 7 3 3 8 1 10 3 5 6 1 8 6 2 6 10 10 2 8 5 5 7 1 5 10 8 7 9 8 9 10 8 3 9 1 10 10 3 5 6 4 3 10 2 8 8 9 7 6 7 3 3 8 3 1 0 10 4 7 1 8 7 7 10 8 2 1 4 4 7 4 9 6 8 10 9 2 10 2 1 2 3 1 10 4 5 4 5 7 1 10 8 2 10 10 3 8
4 10 4 7 5 6 3 8 10 9 2 2 9 2 8 9 9 7 3 4 8 7 7 4 1 10 7 3 4 5 3 7 5 2 4 3 7 4 1 10 7 3 2 9 10 3 10 1 9 5 4 9 8 10 2 9 7 2 8 2 6 1 2 10 5 7 6 10 5 7 4 8 4 3 9 1 5 9 6 8 5 3 3 4 3 6 2 1 8 2 10 1 2 7 6 4 6 10 6 5 7 2 8 1 1 7 1 3 2 1 1 6 7 9 5 3 2 1 2 4 10 4 9 3 1 5 4 7 10 5 8 6 6 5 8 4 10 8 5 9 7 3 5 8 5 8 8 5 10 9 3 9 5 8 6 6 8 6 9 0 2 1 5 4 4 2 9 2 4 8 8 9 7 6 6 3 5 2 10 1 9 10 7 9 2 5 6 6 8 10 2 6 8 8 8 3 6 4 2 2
10 3 7 8 4 2 9 8 5 10 10 10 7 7 8 8 6 10 8 1 9 9 6 6 6 2 10 10 8 6 9 6 6 2 8 1 7 7 7 1 7 4 6 4 4 7 7 9 1 4 9 6 6 3 6 10 3 4 7 7 3 4 3 9 2 1 10 4 10 2 1 8 7 6 10 2 8 3 3 6 4 9 5 2 5 1 10 8 2 3 2 10 5 5 6 6 6 2 6 9 10 4 3 10 8 5 6 8 2 3 1 3 6 7 9 10 2 7 8 9 6 4 5 9 5 8 5 2 3 7 9 2 4 7 4 4 7 6 7 8 10 6 4 5 10 5 9 4 8 3 10 6 4 8 10 3 5 8 3 6 0 8 5 7 3 9 2 4 6 2 4 10 7 1 6 2 1 1 6 4 10 7 7 9 1 5 5 4 3 5 5 2 1 9 2 1 9 4 5 3
3 10 6 10 9 9 1 5 2 2 6 3 8 10 3 6 7 4 8 3 1 1 9 5 6 2 5 8 4 1 1 7 3 1 7 5 10 7 8 3 8 7 5 3 5 4 10 2 3 3 2 2 8 4 10 1 5 7 4 1 8 9 10 3 10 4 1 5 9 3 5 3 10 5 4 8 8 8 8 2 10 2 10 8 3 10 2 9 9 6 4 6 10 10 9 4 4 8 6 3 7 9 8 5 2 6 3 1 3 10 8 9 3 7 6 3 7 5 6 4 8 4 9 1 6 8 8 4 10 2 6 2 7 8 3 7 10 7 7 7 9 7 1 9 1 3 8 4 7 7 10 1 1 6 7 9 7 8 3 10 8 0 5 10 1 7 2 9 5 2 4 2 4 4 10 1 2 3 7 7 4 1 4 6 4 7 10 3 8 5 3 6 6 10 8 9 3 7 10 1
9 4 10 6 2 6 8 5 5 4 3 9 9 2 8 2 8 8 5 8 5 7 2 8 8 8 3 7 9 6 1 6 6 9 3 8 7 1 2 2 4 10 9 4 10 1 3 7 6 5 6 5 6 2 8 9 2 5 10 5 7 5 8 5 5 9 10 3 3 1 5 1 8 10 8 9 7 8 5 8 6 2 1 9 6 4 3 1 4 8 9 2 5 8 1 9 1 2 5 2 3 10 6 8 7 1 3 6 8 1 4 3 2 10 1 7 7 8 10 5 5 1 3 5 2 8 4 4 2 9 9 5 3 3 6 5 8 6 8 4 6 1 4 7 2 9 4 8 3 7 10 6 4 9 5 7 9 10 7 7 4 3 0 1 10 6 5 3 2 6 1 2 5 7 3 7 8 3 9 2 6 3 8 3 1 5 1 4 8 4 4 8 7 1 10 8 8 9 5 9
3 2 4 1 7 10 9 2 8 1 10 3 7 1 3 3 2 10 10 6 4 2 5 6 8 5 5 7 5 4 6 3 3 4 4 4 5 2 10 6 3 5 6 5 6 6 10 2 8 1 5 2 10 7 8 4 7 7 9 8 3 5 2 5 7 8 7 5 1 10 4 4 8 9 4 9 10 5 10 9 3 1 9 3 4 1 8 5 1 9 10 1 4 3 5 9 6 7 10 7 10 8 3 10 8 10 3 5 3 9 7 7 8 5 6 2 10 6 1 7 10 7 9 6 7 9 5 10 6 6 2 10 3 8 3 2 9 4 8 3 6 4 2 2 7 6 5 3 3 7 1 7 9 10 8 5 6 3 8 9 1 1 4 0 8 8 9 8 9 7 2 2 10 1 2 2 3 5 9 5 7 3 6 4 2 2 7 8 10 4 7 10 9 7 3 7 5 6 3 8
4 9 9 1 1 1 7 9 4 1 10 1 1 6 4 5 4 3 4 1 10 8 7 8 10 1 7 6 9 10 10 3 8 5 7 7 2 4 8 9 8 6 3 4 6 1 5 7 9 3 7 2 1 3 2 6 8 3 8 3 5 6 7 9 4 5 5 3 9 1 10 10 7 8 5 1 7 4 6 9 9 1 3 4 9 5 3 4 10 4 4 1 8 2 5 9 4 5 7 7 4 10 2 5 8 10 6 9 7 9 9 3 10 3 10 8 4 3 2 8 4 2 2 2 8 4 6 5 10 4 3 2 9 7 1 1 4 5 4 10 4 6 8 1 8 9 6 7 7 6 9 6 2 8 2 9 5 8 5 9 7 6 3 6 0 10 5 1 8 4 5 8 5 3 3 9 3 4 6 2 8 4 10 6 1 3 2 2 5 7 3 8 2 3 4 10 2 6 2 3
8 8 7 10 10 1 9 4 10 4 4 2 1 3 2 7 9 7 5 7 7 3 4 6 5 3 3 10 10 4 8 1 5 4 3 4 4 1 8 3 4 9 10 4 8 5 10 5 10 10 7 6 1 2 6 1 1 2 8 5 5 9 5 10 1 6 6 4 10 5 10 3 8 8 1 3 1 6 5 6 6 10 3 4 6 9 2 2 9 2 7 9 7 4 8 4 7 6 2 1 3 10 3 8 3 6 9 6 3 2 7 1 5 1 9 6 1 3 3 4 1 1 6 4 4 1 6 4 10 8 4 7 6 10 6 3 7 7 10 5 1 10 2 10 3 3 7 7 1 4 5 9 4 9 9 1 4 10 4 9 2 6 3 7 6 0 10 5 1 2 6 5 5 5 4 5 10 7 6 3 5 3 4 6 7 2 4 10 6 3 5 3 1 2 10 1 4 3 9 3
7 1 9 1 2 10 3 10 1 10 4 2 10 1 10 6 5 1 2 1 5 10 6 4 9 6 9 1 9 4 6 1 5 7 5 4 1 5 9 2 10 8 1 6 3 5 7 6 7 3 4 3 5 5 5 7 4 4 5 10 9 4 9 8 4 6 2 7 3 2 7 5 2 8 1 5 7 3 4 6 7 1 10 7 3 10 1 7 1 6 6 7 9 5 10 4 2 1 4 3 2 2 10 8 3 1 2 6 10 1 2 9 4 3 5 9 5 5 4 4 1 2 5 4 1 10 7 10 1 8 1 2 3 9 1 1 4 4 9 2 1 2 5 7 6 7 2 6 1 1 10 6 4 7 2 5 2 3 9 3 3 4 3 10 1 5 0 7 6 8 5 8 4 10 4 4 7 2 3 3 7 9 8 10 7 1 6 2 10 4 1 2 10 3 9 1 7 6 1 5
3 2 7 5 2 6 3 4 5 7 5 9 4 2 8 6 2 9 7 2 5 5 5 4 4 4 3 1 10 5 6 1 1 8 2 6 6 5 5 4 9 10 4 2 4 8 2 4 8 7 2 4 2 6 3 1 4 2 1 8 6 7 10 9 5 3 4 8 7 4 8 6 8 9 4 10 1 10 4 9 9 4 3 6 1 7 8 5 4 7 4 2 3 2 4 8 1 6 2 5 6 5 4 6 6 7 7 9 5 10 9 4 4 10 6 5 6 1 3 2 9 10 10 9 3 1 2 4 2 8 7 5 10 2 8 8 9 3 9 10 4 8 10 2 4 9 8 3 7 1 4 3 2 2 7 8 1 8 8 7 10 1 7 6 3 9 10 0 4 3 10 5 6 9 7 9 7 4 9 5 10 5 7 3 9 4 2 8 7 10 7 4 4 5 8 7 8 4 3 4
8 7 3 9 9 8 2 5 8 5 8 2 10 5 9 5 3 9 6 7 1 3 1 1 4 4 9 3 4 6 9 3 8 4 2 8 4 7 8 6 2 10 3 9 10 4 3 2 10 10 7 8 4 7 9 8 9 3 10 10 8 4 8 1 7 1 7 3 6 7 7 6 9 5 4 1 3 8 4 10 4 10 5 5 4 10 8 7 3 3 1 1 9 2 5 10 7 5 3 7 1 9 5 10 8 9 4 3 2 3 1 2 7 7 8 7 4 2 4 3 10 2 6 6 3 9 7 2 9 1 5 5 3 4 9 6 1 5 8 6 10 7 5 5 5 1 7 1 7 3 10 4 8 1 2 4 10 1 3 7 1 8 8 1 9 8 10 8 0 2 5 8 3 6 6 3 8 3 4 6 1 10 3 1 9 3 6 2 8 1 10 4 3 3 4 2 7 1 6 5
7 1 2 6 2 4 2 10 3 5 2 10 4 2 5 8 8 9 6 2 2 9 7 2 2 10 1 9 1 3 3 3 5 4 9 5 4 7 3 4 8 10 9 5 6 7 8 9 1 3 9 1 7 6 6 4 2 1 4 1 2 10 10 1 10 8 3 1 9 8 9 8 10 9 10 7 3 3 3 9 3 8 1 3 9 7 6 3 9 3 1 10 10 6 7 9 8 1 3 8 6 8 2 5 9 8 4 7 1 7 3 10 4 10 5 8 5 4 6 1 7 8 7 1 7 1 1 9 1 4 10 5 1 1 2 4 7 6 7 1 1 7 9 2 9 9 10 7 7 9 9 4 10 4 9 5 9 8 5 8 2 6 9 4 3 6 4 1 5 0 6 7 7 4 3 4 4 9 8 9 8 8 7 5 9 7 1 4 10 2 7 5 7 4 2 8 3 2 10 8
7 10 2 3 3 4 3 5 8 1 9 6 6 2 8 4 5 10 10 2 3 3 1 6 6 1 8 4 4 3 4 8 2 1 3 1 7 10 2 8 6 2 7 9 1 2 2 7 7 2 6 4 10 4 9 4 2 10 10 9 1 5 1 5 4 4 10 10 7 2 2 10 4 6 4 3 10 7 1 9 3 2 5 7 6 2 9 3 8 2 4 4 7 3 5 7 5 7 10 7 4 10 5 4 9 1 1 1 7 7 6 4 8 9 8 6 4 5 5 2 6 6 10 5 6 3 5 3 8 5 10 3 8 9 1 2 2 1 2 8 5 6 7 5 3 10 2 5 1 9 1 2 5 10 10 9 6 3 10 3 7 10 8 8 6 6 9 10 7 6 0 5 3 2 1 1 9 8 1 8 2 5 3 4 1 3 3 9 7 6 10 2 3 1 2 8 1 3 10 4
2 2 7 1 4 4 2 2 6 4 7 6 5 1 8 1 8 6 10 6 4 4 7 3 5 8 3 7 2 9 10 5 7 9 10 8 10 1 10 9 3 9 1 3 10 6 8 4 10 1 10 3 5 7 5 3 9 7 7 10 6 1 10 6 8 7 7 1 5 4 2 9 3 5 8 1 7 4 5 7 6 9 10 1 3 5 4 8 1 10 8 4 6 6 9 1 4 8 4 5 1 1 8 9 9 10 3 1 1 9 2 8 9 2 2 4 7 10 8 3 3 6 1 10 4 3 2 5 8 10 1 2 10 10 7 7 8 2 1 6 6 2 1 8 5 7 9 9 1 8 5 3 6 5 9 5 6 10 4 4 9 2 4 2 6 10 6 1 10 7 6 0 1 10 2 2 5 2 3 3 7 5 3 10 3 10 9 2 10 5 7 3 10 6 8 1 3 4 1 3
8 10 1 9 10 8 6 9 1 9 1 8 5 4 9 7 6 2 3 3 10 6 4 3 2 9 10 2 5 8 6 7 5 2 4 1 4 10 2 2 5 1 10 4 4 5 6 4 4 7 4 6 5 3 1 10 4 7 7 1 10 7 6 5 5 2 4 6 8 3 7 3 10 5 3 4 9 6 9 2 10 3 3 4 10 3 5 7 9 10 2 1 2 6 10 7 2 4 7 1 9 2 1 9 9 9 2 6 6 10 10 10 7 7 6 5 1 5 7 8 3 2 9 9 1 2 5 7 5 6 6 7 6 10 7 9 5 1 9 8 9 7 5 9 8 6 6 8 10 6 8 7 7 6 2 4 6 4 1 4 6 8 6 7 7 2 3 8 8 7 8 8 0 3 9 10 10 10 4 10 6 7 4 2 7 5 3 3 1 4 2 3 3 1 2 8 1 6 2 4
5 1 1 5 5 3 6 8 6 6 2 10 10 9 2 8 10 3 2 3 4 10 9 7 5 9 2 2 2 6 4 6 2 1 8 8 10 6 10 3 10 4 3 10 5 4 1 2 4 3 2 10 9 10 2 8 9 4 6 1 6 5 5 10 9 4 10 6 7 10 3 4 5 3 4 3 8 7 9 6 8 5 4 1 4 2 6 1 2 1 7 1 5 7 10 3 9 7 1 2 8 4 6 5 8 4 1 10 7 6 8 6 7 5 4 2 2 8 3 4 7 7 5 10 9 3 3 2 3 6 2 1 8 7 9 9 10 5 1 6 9 8 4 9 3 1 5 3 7 2 6 7 4 2 9 3 3 10 5 2 10 1 8 5 5 3 2 8 5 4 5 10 9 0 1 1 7 9 6 1 10 4 6 10 8 3 5 5 6 10 4 1 2 9 7 6 2 1 9 8
9 1 1 7 8 4 2 3 3 10 8 3 7 2 5 1 9 4 7 1 10 5 1 10 8 1 6 4 2 7 3 4 1 3 10 10 10 1 4 7 6 2 8 10 2 5 7 1 7 1 8 7 7 3 9 6 1 8 6 2 1 6 10 7 2 1 8 8 1 4 5 5 2 9 10 6 6 4 4 3 8 9 8 5 7 5 9 1 7 10 4 5 4 10 9 7 5 3 7 4 7 3 4 3 2 6 3 8 7 3 9 5 1 2 4 9 1 5 4 9 2 1 8 2 2 6 2 1 4 9 4 8 9 10 6 1 9 2 8 5 4 1 6 2 6 7 3 2 2 3 10 2 1 10 4 6 5 6 2 10 8 1 7 9 7 7 2 9 10 9 5 4 7 9 0 7 3 7 6 6 4 9 6 2 6 6 2 7 2 7 7 1 2 8 2 1 10 1 8 8
9 2 7 3 6 3 8 3 1 5 8 7 8 6 5 3 10 10 3 7 8 10 7 8 1 10 5 1 9 7 2 6 3 9 1 8 8 3 6 10 6 7 8 8 8 8 1 2 3 4 2 1 1 10 5 8 10 1 6 4 8 3 9 1 1 5 10 6 7 3 6 10 4 3 5 3 5 3 2 9 8 8 8 9 4 9 6 6 7 9 2 8 2 4 3 6 4 3 10 7 10 5 4 4 4 5 10 2 5 5 7 9 1 8 7 9 3 4 8 8 2 3 10 10 8 9 1 8 4 5 2 3 5 10 4 10 10 8 5 6 2 6 2 9 8 3 5 2 1 1 1 6 9 8 7 1 7 5 7 2 6 10 10 4 6 9 5 6 7 5 2 8 1 8 6 0 6 1 7 2 1 2 6 7 1 5 10 8 6 9 3 3 1 7 1 4 1 9 4 7
6 8 6 9 10 10 5 8 1 8 4 10 8 10 1 10 6 7 8 5 6 6 4 6 3 2 5 7 1 9 2 4 8 10 3 3 4 2 3 1 5 9 6 5 9 1 1 8 1 2 7 5 9 3 6 4 7 1 2 6 5 8 9 2 5 10 8 4 8 7 8 7 6 10 7 5 6 1 10 8 5 10 6 6 4 10 9 2 4 4 3 10 9 1 10 6 3 5 8 9 9 8 6 2 9 1 1 3 2 5 6 3 3 7 10 1 9 9 7 5 3 5 2 10 7 9 8 5 10 10 7 10 4 9 7 4 7 9 9 8 8 2 2 3 3 3 1 5 10 6 1 3 9 3 2 10 1 1 3 10 8 1 6 5 9 1 6 8 5 9 1 6 9 7 7 5 0 6 2 8 8 7 2 3 4 10 3 1 10 2 3 8 1 6 2 1 7 9 10 5
8 9 7 10 8 4 10 5 3 4 2 8 8 3 1 10 5 8 5 2 6 10 6 5 1 6 10 2 8 4 3 1 7 7 10 10 10 7 3 2 7 8 8 5 5 3 9 7 9 1 8 4 5 8 4 8 9 4 2 9 8 9 9 9 10 1 3 1 9 9 10 9 5 6 2 4 1 9 6 6 8 3 3 6 3 3 9 4 4 1 2 6 2 4 10 6 4 4 1 3 5 4 6 7 6 6 3 2 3 6 7 7 3 2 10 3 1 9 7 10 10 3 9 3 7 1 6 1 10 1 6 5 8 10 1 6 4 2 3 3 5 6 6 7 10 7 1 3 9 7 1 9 10 7 8 1 9 10 10 9 6 8 5 7 7 7 3 1 8 2 8 9 9 9 9 2 7 0 7 8 2 9 6 9 2 1 10 4 10 9 7 6 2 10 9 9 2 8 3 5
10 3 7 3 10 5 2 7 2 5 3 8 9 1 2 7 3 4 10 4 8 2 10 7 6 2 3 1 5 3 4 5 4 6 10 6 8 8 6 1 8 8 7 5 7 7 6 8 6 8 3 1 4 10 3 5 2 6 5 3 9 4 10 9 6 1 4 6 1 4 10 2 4 9 6 2 6 2 3 3 5 4 1 4 6 3 3 8 8 6 2 9 9 3 2 5 1 6 5 10 6 4 10 6 3 9 4 10 7 7 9 4 2 2 7 3 9 7 10 8 9 2 4 2 5 7 9 1 2 3 2 7 8 6 6 6 6 3 10 10 8 1 6 2 6 7 7 2 9 5 6 2 2 1 6 5 4 5 7 5 1 4 4 1 8 3 1 8 1 6 4 7 4 1 8 2 9 9 0 5 7 9 8 3 3 10 10 3 5 6 6 1 1 8 4 5 3 10 8 3
7 2 7 2 10 6 9 1 8 2 3 6 7 3 6 3 10 1 10 10 1 8 7 7 8 9 7 8 7 3 5 5 4 3 6 1 2 9 3 1 8 2 6 7 5 10 6 3 6 3 5 5 1 5 8 9 3 3 10 5 7 1 8 5 10 4 5 10 7 5 4 4 2 8 2 7 7 2 5 8 7 8 7 1 5 4 3 3 10 4 7 4 9 1 9 10 8 8 1 9 1 7 6 6 6 7 8 6 2 4 2 9 2 2 4 10 3 6 5 7 8 2 4 6 8 10 3 10 10 8 3 3 2 3 5 5 3 7 3 4 3 7 10 1 2 2 7 4 2 2 7 10 4 4 4 3 4 10 9 1 1 7 6 2 2 6 10 6 7 10 4 1 4 10 8 3 2 3 8 0 2 1 5 3 6 3 1 2 5 9 2 9 5 10 10 8 10 8 3 1
9 7 1 9 8 10 8 7 3 3 9 5 3 8 1 3 1 9 3 7 8 6 6 4 8 7 9 8 7 5 5 2 9 2 2 5 8 2 1 8 6 9 6 2 9 7 3 6 4 1 5 6 1 7 4 10 10 4 6 9 5 7 5 9 1 5 8 3 5 10 4 4 4 2 9 9 3 2 5 4 8 6 3 9 3 10 9 3 5 4 5 5 3 5 3 5 2 2 4 1 5 7 1 2 4 6 9 4 8 1 2 3 7 8 5 1 5 7 8 1 10 3 8 7 3 4 7 3 7 10 10 5 7 8 1 3 6 3 1 10 5 2 7 4 3 6 8 1 8 2 8 6 9 7 5 9 6 8 8 6 1 3 3 2 8 1 6 2 10 5 1 5 9 10 4 9 10 7 6 1 0 7 7 9 7 4 6 5 8 4 7 10 9 9 9 5 6 7 6 10
8 5 7 2 7 3 7 8 5 4 4 2 1 4 1 6 3 3 5 2 1 4 2 10 5 7 4 4 6 5 3 4 1 1 6 6 3 5 8 4 8 2 3 6 7 5 3 10 8 2 4 6 5 4 5 2 4 1 4 2 9 4 5 7 10 2 8 8 7 5 10 7 6 1 8 7 10 7 1 4 2 6 3 9 9 5 4 10 3 9 3 10 4 4 8 4 8 10 8 5 4 5 9 9 4 1 7 5 5 4 1 1 10 9 3 3 4 9 9 6 5 2 8 4 6 6 8 10 7 1 1 6 2 2 6 4 2 1 3 1 9 8 2 5 3 4 2 9 8 8 2 9 8 3 10 7 6 1 3 5 10 10 10 7 8 7 7 7 3 4 6 2 6 9 5 2 2 7 10 9 8 0 7 7 6 7 4 8 5 8 5 5 6 10 5 6 7 3 8 5
1 7 6 6 2 7 9 4 7 2 5 2 7 10 5 3 7 5 1 3 5 2 2 10 1 9 2 4 3 8 4 6 1 6 10 9 7 4 3 10 4 2 6 9 8 4 3 2 1 2 3 7 2 7 1 10 8 6 10 2 8 9 5 6 7 2 6 2 2 4 2 9 9 6 4 5 9 1 7 3 2 9 4 8 1 1 4 9 1 4 5 3 7 6 1 3 5 7 2 10 2 4 10 9 8 5 5 7 2 3 6 1 1 1 3 2 1 1 6 2 1 9 9 6 1 2 6 8 9 2 9 4 8 9 8 8 5 6 4 2 5 5 7 7 5 2 1 10 7 7 5 10 1 10 8 9 6 3 9 10 5 4 9 6 3 6 5 1 3 6 5 8 3 9 3 7 1 1 7 10 6 7 0 8 1 2 9 9 7 9 10 1 10 1 5 4 7 9 10 6
10 4 1 10 10 1 6 6 4 5 5 7 1 4 2 4 8 9 3 7 1 7 10 7 10 2 7 9 9 4 4 3 6 8 3 7 4 1 4 9 1 3 2 1 8 4 3 6 4 5 3 8 10 9 8 1 9 5 9 1 2 1 10 10 7 6 2 4 7 2 3 1 2 7 5 4 2 2 7 10 9 9 3 6 7 5 4 3 1 8 8 2 8 6 7 5 8 4 4 3 5 7 10 5 9 10 7 7 5 9 3 2 3 3 7 8 7 9 2 4 8 7 1 3 3 2 3 3 9 9 4 4 3 1 2 1 4 8 5 3 2 9 3 6 9 9 2 5 2 6 3 6 8 1 6 7 2 1 10 10 5 7 2 9 8 2 6 3 9 6 7 6 7 9 1 2 2 4 9 7 8 9 10 0 1 4 9 10 3 2 8 7 10 5 9 9 3 6 7 2
5 6 3 4 4 4 3 9 2 6 5 3 3 1 2 5 4 2 4 2 8 10 6 10 4 5 10 2 6 1 1 3 2 8 2 8 5 9 7 6 4 5 3 8 8 3 4 1 7 1 1 3 5 6 2 9 2 10 5 4 6 4 10 7 10 6 2 4 2 7 7 5 3 1 8 8 7 1 6 9 8 4 6 7 4 7 10 8 6 7 5 2 7 9 1 6 6 5 10 8 1 7 5 10 10 9 6 5 7 2 9 2 8 1 2 3 5 5 4 7 10 1 4 3 5 4 10 3 1 4 4 6 2 1 3 7 5 6 3 10 7 6 8 6 10 1 7 4 9 6 10 1 1 9 2 1 6 9 1 4 1 6 4 6 2 8 1 2 6 2 10 10 1 7 4 4 7 5 7 3 8 9 8 3 0 8 2 5 7 8 2 4 5 8 7 9 7 8 10 9
7 1 5 7 6 6 8 4 1 5 1 2 2 6 3 10 2 10 3 8 10 7 2 7 7 10 2 10 10 3 5 5 5 2 4 6 3 1 2 6 5 1 6 9 9 7 1 3 3 8 7 4 8 3 3 3 5 1 6 3 2 2 5 6 5 9 1 8 1 4 8 1 4 7 9 5 2 5 10 9 2 8 8 1 3 7 6 7 3 10 6 5 6 8 10 6 2 10 9 4 8 5 4 6 9 5 6 4 8 8 6 7 7 5 6 5 9 7 2 2 8 7 8 1 8 3 2 1 5 2 2 2 6 3 8 7 8 9 8 2 9 3 2 3 6 10 8 10 3 1 6 8 7 1 10 7 5 8 7 10 7 1 5 4 8 3 8 10 10 3 5 3 7 6 2 6 8 2 8 2 4 10 6 2 6 0 6 8 8 6 3 4 10 5 4 2 10 7 7 3
1 6 5 9 4 8 10 9 3 6 6 10 7 7 7 8 10 1 10 9 2 1 4 6 2 5 2 1 10 6 9 7 4 4 10 5 2 8 4 10 5 4 7 7 3 7 5 2 6 2 9 1 8 5 5 9 4 3 1 9 6 6 4 3 1 3 6 2 4 7 4 8 6 10 3 2 3 1 9 8 4 9 10 6 10 9 6 5 1 8 8 10 1 4 7 2 8 6 4 1 10 7 6 4 7 8 4 5 4 8 3 1 7 2 3 1 8 2 10 5 2 8 1 6 7 5 3 2 9 4 10 9 4 7 3 9 4 9 10 9 6 2 2 5 9 4 1 5 7 6 5 4 2 10 2 6 4 6 9 2 3 4 4 7 5 1 4 7 5 3 6 2 4 2 9 6 10 8 9 10 10 5 1 8 8 5 0 3 1 5 2 3 2 9 10 7 8 3 5 7
5 2 4 6 7 2 5 10 3 3 5 1 2 9 6 2 6 2 8 8 1 6 7 5 10 10 4 1 8 1 3 5 4 3 7 10 1 9 7 2 2 5 8 8 8 8 8 1 8 10 1 1 9 5 8 4 7 4 1 2 3 6 7 9 5 3 6 4 2 6 6 7 9 9 6 10 1 1 7 5 9 3 5 1 8 7 9 8 3 4 7 8 2 8 4 1 9 1 10 7 6 1 6 1 9 1 4 8 3 5 1 2 5 2 1 2 9 3 3 9 2 5 8 3 8 6 7 5 6 3 5 4 9 1 3 8 5 5 1 4 6 3 3 7 6 5 8 7 10 9 5 2 7 8 10 2 3 7 8 7 1 1 6 7 9 4 4 9 2 9 6 5 2 8 9 6 4 2 3 8 6 2 3 5 9 2 8 0 5 3 4 8 1 4 5 10 7 5 5 6
7 9 9 5 5 10 3 5 7 4 5 10 1 7 1 10 9 1 2 7 6 4 8 6 1 5 7 8 9 1 4 3 4 8 9 6 2 9 6 3 1 1 9 2 1 10 6 1 7 6 9 2 4 9 2 9 5 2 9 1 2 4 7 9 6 9 9 10 9 8 7 8 10 2 9 4 7 2 8 3 5 5 7 4 2 9 8 6 7 6 1 3 8 5 2 2 9 2 4 7 9 3 2 5 3 6 1 5 9 5 8 9 2 6 3 3 10 8 6 8 9 10 1 3 1 10 10 9 3 1 2 2 1 7 6 8 7 2 7 5 5 8 4 10 10 5 2 3 9 10 6 5 6 1 5 7 5 3 7 3 1 2 4 9 1 8 10 1 2 5 7 7 5 6 8 6 9 7 2 3 7 8 5 4 7 10 3 2 0 5 5 5 4 3 8 2 1 1 8 6
1 8 1 9 5 2 4 9 1 7 2 2 3 3 10 10 10 1 5 10 9 5 8 6 4 5 7 8 7 5 2 7 7 2 8 6 10 2 8 10 1 3 6 8 5 10 7 4 6 7 6 4 4 5 6 10 9 3 6 8 7 10 7 4 2 3 5 3 4 7 3 8 8 1 5 3 8 9 6 2 5 2 2 6 1 6 1 3 2 1 2 4 1 2 2 9 1 6 7 1 3 3 3 7 8 3 9 5 7 3 2 5 1 4 6 9 6 3 5 2 3 5 8 4 8 7 7 2 2 10 8 10 9 7 6 2 9 7 9 5 8 2 4 7 6 3 10 10 5 7 8 9 7 2 2 8 4 2 3 2 5 4 5 4 1 10 5 8 9 2 7 1 4 3 10 8 3 3 10 8 9 9 2 8 3 7 2 1 8 0 5 1 5 2 8 1 7 4 9 1
5 4 2 1 5 7 7 10 4 4 10 1 10 4 2 7 1 9 4 5 3 9 10 5 6 8 6 3 1 9 8 5 4 3 1 1 7 9 5 2 7 5 4 6 8 5 6 5 5 9 4 9 6 6 3 8 3 9 9 7 1 4 3 7 1 4 10 5 3 5 1 1 5 1 9 8 2 10 5 3 2 4 10 3 6 1 2 4 1 3 10 6 5 7 8 10 9 5 7 6 10 8 5 4 8 9 8 4 7 8 10 10 9 10 5 8 9 10 5 2 1 8 4 2 4 1 4 1 10 1 8 3 4 8 6 7 10 5 10 4 5 6 2 3 3 7 9 9 4 10 5 9 10 5 7 7 9 10 3 3 9 3 6 10 5 2 10 9 4 2 5 4 2 10 7 4 5 5 8 5 2 7 4 8 2 6 10 9 4 2 0 4 10 4 9 1 7 6 9 10
6 10 10 5 8 3 4 7 10 1 3 1 8 6 6 6 1 8 9 1 2 3 5 9 9 6 1 4 5 1 4 2 5 5 1 7 8 10 5 5 9 9 5 5 10 2 1 8 5 2 7 1 9 9 4 5 8 6 6 2 10 6 4 8 7 2 1 1 10 4 1 9 8 2 8 9 9 10 5 8 10 9 6 2 7 6 9 1 4 7 4 9 7 10 6 5 6 7 1 1 6 3 6 7 4 6 7 8 10 8 6 5 7 6 2 10 7 7 6 2 3 4 1 3 6 7 2 9 1 8 9 5 9 10 9 4 4 9 2 7 3 4 4 4 10 6 2 3 3 5 2 9 8 7 3 9 7 3 8 9 4 8 2 3 10 3 5 9 9 8 8 9 8 8 7 1 1 1 6 5 1 1 9 6 8 1 6 6 9 5 2 0 4 10 10 2 3 6 10 3
3 7 8 3 1 2 8 4 8 3 5 5 10 5 10 3 7 3 8 3 5 2 7 8 3 10 3 9 7 4 2 10 10 7 10 5 10 6 3 10 5 4 1 4 4 7 9 3 8 1 6 5 1 7 5 4 5 2 5 5 3 1 10 7 4 6 1 10 1 8 10 4 7 1 7 6 8 2 9 3 9 3 8 2 4 3 2 2 9 5 3 1 5 7 1 10 4 5 2 7 7 4 7 9 1 8 7 5 10 10 1 4 3 9 9 10 4 4 10 9 2 2 2 9 9 7 7 1 1 5 3 10 10 7 2 6 2 7 8 4 6 9 10 7 6 10 1 8 8 10 6 1 8 5 7 2 10 10 6 1 1 6 8 2 2 9 8 7 9 10 7 4 10 2 6 4 6 4 2 8 7 7 7 3 8 7 1 5 9 4 6 9 0 10 8 10 5 1 5 3
7 9 1 10 4 1 8 7 8 10 7 9 4 4 6 1 9 9 6 1 1 7 4 4 8 4 3 3 10 5 8 9 10 6 6 7 4 4 9 10 7 2 8 1 9 2 5 10 10 3 3 9 3 9 9 4 5 1 9 7 4 8 5 5 7 4 9 7 2 9 1 7 3 5 2 9 8 4 10 3 7 3 7 1 8 2 8 8 9 8 8 9 2 1 9 6 9 2 3 10 5 7 6 1 7 1 9 5 1 4 10 5 5 10 7 6 9 3 10 6 6 7 4 9 1 2 4 6 8 4 5 10 1 7 5 5 4 8 8 5 4 7 5 8 3 6 8 4 6 1 7 7 8 8 3 4 9 9 3 3 8 6 8 3 7 6 5 7 10 1 6 2 6 9 1 10 10 4 4 7 9 5 6 5 5 9 4 6 3 3 5 5 8 0 9 1 6 5 8 7
3 2 1 5 8 6 10 2 5 8 6 8 2 3 1 5 2 8 10 8 9 9 5 1 6 4 6 4 9 4 6 2 7 5 8 4 2 6 2 5 3 7 10 4 10 1 4 8 10 4 4 5 3 10 8 1 4 10 2 7 9 1 8 8 5 8 7 7 5 1 7 3 8 5 6 1 1 10 10 10 7 1 7 8 2 10 10 4 8 2 2 8 6 7 5 3 8 5 10 2 6 9 10 10 4 5 6 9 9 1 5 8 5 5 9 7 3 5 8 9 7 4 8 6 5 3 3 1 10 2 8 10 8 4 8 5 8 10 8 3 9 8 5 4 4 6 8 1 2 9 9 2 9 5 4 5 7 2 2 9 7 2 9 4 5 1 3 3 8 2 6 6 4 3 5 2 8 4 8 7 7 10 1 6 2 10 6 8 10 9 10 6 2 6 0 9 3 6 4 4
3 7 6 3 10 9 2 3 5 4 3 4 7 7 3 10 4 9 6 8 2 5 10 4 1 9 9 3 5 7 5 7 9 6 4 5 8 7 7 7 5 8 7 2 9 10 2 2 7 4 5 5 5 2 2 8 4 10 10 10 5 10 2 8 8 10 7 7 3 7 9 3 4 6 3 10 1 5 4 10 1 1 6 4 10 8 7 8 8 9 1 10 10 3 7 8 4 4 6 5 10 2 10 6 5 2 2 8 6 4 5 9 6 2 3 6 7 3 1 7 10 3 2 8 4 3 10 4 7 10 7 5 9 7 4 1 1 9 6 7 9 6 8 3 9 7 1 9 4 2 5 9 5 1 10 4 5 7 9 9 7 7 2 3 5 5 7 9 4 9 2 1 2 6 5 3 6 8 3 3 4 3 1 1 3 6 1 1 5 8 1 10 7 4 5 0 3 7 10 10
4 6 10 1 3 3 7 5 1 1 8 9 2 6 5 1 10 9 1 1 1 1 7 9 10 10 10 9 9 8 3 10 2 9 7 6 3 7 5 2 8 5 10 3 5 7 1 9 1 2 4 2 7 6 9 7 4 3 4 9 4 6 6 8 4 6 7 9 2 8 1 1 2 6 1 9 5 9 8 7 3 1 1 7 10 10 2 8 7 8 8 8 8 7 9 5 9 2 7 6 9 2 6 1 6 5 9 7 2 10 7 7 10 4 2 6 10 8 8 8 9 8 4 5 7 5 5 10 4 2 3 8 1 5 9 10 3 9 1 10 8 8 7 3 3 7 1 8 6 4 3 10 6 2 4 10 10 8 10 3 1 9 5 10 2 4 8 9 8 6 9 3 8 9 4 8 4 8 8 2 2 1 3 3 7 6 7 1 9 5 8 9 6 5 3 1 0 9 7 1
5 7 4 4 8 7 9 8 6 6 5 9 1 5 4 4 1 9 6 6 7 8 5 6 7 4 10 1 4 3 7 1 1 5 4 6 7 10 2 8 2 4 1 10 8 7 9 5 1 7 4 3 2 5 8 4 8 3 10 1 10 7 2 3 8 10 8 9 9 2 8 9 9 3 6 6 3 2 2 8 7 7 5 1 5 10 8 4 4 8 5 4 7 1 1 1 5 10 8 8 6 10 8 5 9 2 9 5 4 2 7 7 9 8 3 7 2 10 7 6 6 3 2 1 9 9 9 9 3 9 1 7 6 4 9 6 2 10 8 1 9 8 5 5 5 1 8 3 6 5 2 1 3 3 7 7 4 10 10 5 7 9 8 10 10 4 5 3 4 6 7 3 4 6 6 7 6 6 7 3 4 3 2 5 5 9 3 9 7 2 3 6 1 6 2 2 3 0 2 9
8 7 3 9 3 9 3 10 5 6 2 3 9 8 2 1 1 5 2 9 6 6 6 10 9 8 2 3 6 9 9 1 9 4 6 1 10 9 2 10 8 5 6 1 3 9 3 4 2 5 2 7 10 6 7 7 8 6 8 2 7 10 1 5 7 4 7 9 10 1 3 9 6 1 7 2 3 2 4 9 9 4 4 6 9 9 6 4 2 4 4 8 8 7 2 6 5 5 7 3 7 8 1 1 8 3 8 9 4 1 10 3 9 8 1 1 7 9 3 1 9 3 9 8 9 4 1 5 1 10 4 7 4 4 6 7 9 2 1 2 1 4 9 7 7 5 2 4 10 1 1 9 3 5 10 4 4 6 8 1 6 1 7 1 2 10 1 3 10 2 2 3 9 7 2 10 7 1 9 6 10 5 2 6 5 2 2 7 7 9 9 5 5 10 1 2 6 3 0 3
9 3 2 5 2 9 3 1 2 4 5 8 1 5 10 10 4 3 4 5 2 7 6 1 10 3 1 8 9 6 1 10 10 6 9 2 5 1 9 7 8 2 7 1 7 5 10 6 5 9 10 6 7 1 10 5 9 10 3 7 6 2 3 4 7 8 4 5 8 4 4 10 6 4 2 8 5 4 3 7 9 5 9 5 10 3 7 6 9 7 6 7 4 1 7 5 7 7 4 7 1 2 5 10 4 3 10 10 5 7 4 7 6 5 9 6 3 6 1 6 9 3 6 10 3 7 8 6 10 4 7 10 3 2 3 1 5 5 5 5 3 9 9 1 2 1 4 10 9 5 4 6 1 6 8 2 2 8 6 5 4 7 7 1 9 3 10 7 5 2 7 8 2 5 8 8 9 1 9 6 6 6 5 9 6 9 6 3 5 1 9 1 10 3 3 3 4 7 10 0