250
156 351
5 478
13 124
236 130
236 159
183 718
128 483
69 581
210 63
181 368
191 629
119 264
124 44
134 277
238 243
42 339
183 372
148 521
249 740
77 495
226 100
5 26
82 664
200 333
235 574
147 57
243 8
7 332
55 80
222 373
218 41
12 380
103 261
250 206
201 106
72 659
54 742
104 94
95 343
79 29
32 367
18 62
3 75
160 671
59 64
40 403
68 329
237 167
72 535
68 680
156 681
218 165
209 680
146 659
40 724
21 152
29 371
178 633
98 334
150 201
158 544
4 125
52 319
237 729
63 661
146 324
102 597
84 359
211 380
193 682
148 399
134 470
28 389
222 676
88 507
248 305
250 693
145 234
69 362
42 707
40 411
125 138
44 202
1 238
250 425
174 580
210 685
246 468
90 366
174 238
83 112
138 645
46 235
2 529
16 304
231 722
140 410
64 353
233 558
249 258
32 106
209 178
2 499
68 734
226 119
221 639
137 496
7 334
5 608
1 175
243 282
197 619
156 166
126 127
41 223
118 580
152 590
176 438
6 546
237 463
84 261
136 699
218 348
132 88
84 190
152 619
38 412
83 690
244 395
87 746
51 657
87 638
37 358
7 117
205 539
91 617
210 635
6 435
99 213
234 598
217 216
79 474
106 452
37 218
8 309
66 215
40 351
43 188
189 270
224 747
17 208
215 265
125 311
3 191
48 123
160 147
200 716
241 158
106 308
208 330
38 244
41 735
88 40
72 326
144 743
36 130
1 12
47 588
133 272
184 314
130 654
120 138
166 470
164 693
106 475
27 199
165 738
151 590
5 311
248 30
177 585
111 301
70 316
26 255
173 34
144 721
226 192
240 593
65 443
119 123
89 709
19 519
162 90
160 391
59 352
250 165
41 204
168 738
6 294
9 368
202 597
208 584
209 324
210 155
10 596
217 715
142 32
62 540
122 553
54 282
217 629
78 4
37 225
48 625
173 600
73 611
156 674
79 108
195 506
156 689
103 302
138 534
187 301
176 10
74 473
74 728
116 717
70 247
188 534
61 588
117 394
137 44
180 217
175 327
117 743
215 376
129 1
195 71
228 222
120 64
152 472
106 403
200 162
119 564
146 558
172 210
185 247
221 620
69 199
202 591
1 44 124 52 72 56 61 103 72 59 53 45 72 41 6 123 38 117 116 112 60 67 27 1 117 46 59 95 40 21 99 56 6 104 48 100 117 26 52 5 40 17 115 83 4 72 6 56 117 98 90 107 54 87 79 113 44 112 18 117 17 16 4 2 17 48 11 11 29 92 14 106 124 14 112 121 98 85 22 50 69 60 115 70 112 33 22 93 76 25 2 53 110 124 101 97 40 19 123 45 74 23 35 79 77 27 112 71 34 32 118 66 98 12 62 44 98 119 98 40 78 97 95 104 93
2 29 96 105 96 6 75 1 3 52 80 103 107 54 105 41 101 29 116 28 12 123 30 105 58 89 100 120 19 113 35 82 50 18 101 60 35 48 86 27 36 5 3 72 94 50 73 85 118 2 60 6 99 15 18 90 81 18 53 5 113 29 67 19 123 53 69 46 19 22 43 68 75 75 16 78 14 71 71 61 109 43 82 34 94 52 73 93 53 33 68 102 7 56 65 12 12 46 92 119 108 96 23 90 1 93 30 12 39 56 111 119 121 53 102 72 27 117 75 26 94 79 98 67 69
3 42 10 36 55 28 35 13 23 118 19 121 15 84 119 96 70 101 43 11 11 28 37 60 11 15 119 41 39 12 35 7 63 43 99 10 39 19 71 78 75 88 116 107 51 87 56 59 47 108 3 2 104 82 90 92 66 4 55 1 30 76 112 64 3 65 53 2 120 120 5 88 78 115 45 12 86 24 10 80 3 38 118 16 121 107 94 97 21 23 7 57 107 34 70 101 68 88 50 122 100 95 115 62 51 106 39 37 48 17 27 46 119 24 114 93 49 27 9 14 21 120 74 65 108
4 29 99 87 71 68 96 69 20 61 71 48 116 70 99 90 16 105 86 92 85 29 26 54 90 19 21 67 13 110 72 63 100 97 62 58 6 111 121 1 15 86 49 70 103 30 124 90 13 92 17 96 58 92 101 17 77 97 62 36 123 87 104 100 90 46 85 1 112 24 113 89 75 41 2 120 42 80 106 88 28 123 64 11 75 52 3 104 75 114 59 70 56 120 25 44 27 38 57 108 51 89 46 16 72 114 19 27 49 27 56 89 51 113 11 67 117 22 88 79 8 64 120 1 58
5 106 4 60 7 106 99 71 78 112 37 32 68 9 13 61 9 28 119 113 69 8 119 93 67 29 122 87 25 97 71 10 51 95 78 7 5 79 29 17 100 97 63 104 33 102 26 24 30 98 9 83 54 58 61 87 2 40 82 33 15 96 37 58 48 102 99 45 107 124 37 118 23 43 117 113 117 15 83 58 87 101 83 31 79 34 93 38 95 65 77 73 15 45 120 111 100 28 62 124 22 111 106 63 25 108 113 124 116 102 43 13 1 16 120 86 65 42 30 34 28 68 73 68 121
6 108 7 7 119 8 56 18 118 73 13 124 122 50 8 6 46 72 96 10 100 96 74 39 51 16 84 102 122 82 113 47 82 60 104 117 108 121 59 49 50 74 111 90 5 91 119 10 82 20 104 100 21 19 118 23 86 105 83 71 69 69 69 92 95 23 110 70 123 116 40 50 68 55 110 26 9 66 71 39 118 54 36 64 76 62 47 85 25 92 106 59 101 95 101 39 37 112 120 69 124 72 86 44 27 50 57 94 15 124 101 58 79 10 14 21 114 48 68 110 72 103 33 6 113
7 82 30 49 100 8 58 13 76 16 24 43 108 63 123 72 5 76 38 15 11 6 4 21 115 43 116 94 35 94 50 15 95 44 57 57 37 51 9 53 119 4 5 31 45 52 118 8 44 34 58 50 97 116 89 103 86 4 53 90 124 120 34 55 110 36 11 107 114 22 79 41 49 102 112 8 102 85 22 28 2 33 58 83 8 123 103 102 6 72 4 121 67 77 88 22 88 52 94 106 24 66 83 87 117 33 94 96 69 89 118 44 101 100 67 32 118 41 43 10 110 53 95 117 82
8 4 76 50 42 82 64 73 77 49 93 61 12 100 51 101 70 85 59 101 29 91 1 37 91 28 117 76 106 2 81 105 26 71 106 117 39 31 91 110 119 102 122 117 82 70 12 3 44 3 103 80 97 36 88 2 95 109 30 66 22 63 78 68 94 8 26 63 26 85 45 24 95 104 6 60 104 45 37 38 19 37 118 77 9 79 15 65 124 53 7 5 14 76 111 100 88 106 74 16 39 103 74 100 87 78 95 73 56 78 20 102 9 111 32 5 86 10 20 5 71 62 83 106 85
9 91 108 38 105 37 24 122 113 40 8 48 29 70 110 29 79 110 82 81 114 22 106 112 84 26 91 33 81 76 90 56 11 55 104 98 65 24 31 40 71 118 17 62 116 111 99 69 42 10 80 68 65 29 24 31 119 34 53 38 84 18 10 122 13 62 111 107 47 115 1 103 80 85 74 15 30 15 33 97 65 56 102 91 118 47 70 31 32 72 119 62 3 62 52 2 94 54 45 111 89 52 56 52 64 74 8 122 79 2 103 110 17 15 52 41 14 8 57 10 58 57 53 22 55
10 32 119 25 31 25 85 13 68 26 120 38 56 27 114 105 106 57 103 76 93 21 28 17 110 75 11 41 47 15 64 122 100 116 76 16 100 63 40 121 82 58 109 104 69 79 61 108 31 87 70 113 108 23 23 110 83 29 28 78 20 60 49 1 21 36 79 24 110 73 23 3 67 62 93 111 100 118 16 72 65 70 27 20 83 113 59 102 18 81 4 19 104 10 40 5 117 21 124 99 3 65 58 42 104 45 66 113 82 93 54 90 70 17 100 106 34 53 82 15 101 89 112 7 119
11 51 31 57 6 62 74 34 107 49 77 79 109 65 75 33 15 114 21 111 11 38 78 109 26 77 94 84 18 2 15 27 23 49 95 23 109 36 4 122 82 124 118 109 65 27 26 7 86 7 19 74 8 108 8 40 50 43 88 85 124 8 85 115 40 62 83 82 94 74 74 10 43 37 76 122 121 98 29 4 123 61 44 55 109 99 2 49 35 84 85 22 37 86 26 71 9 26 64 59 57 78 107 81 81 58 42 37 95 45 45 105 13 25 105 84 90 14 66 29 35 108 8 54 98
12 93 71 88 90 41 106 23 77 102 61 74 12 42 73 82 18 58 82 25 31 8 111 120 34 67 121 25 70 65 60 25 51 19 91 107 121 32 69 106 22 121 95 25 11 25 58 31 61 97 115 68 117 75 103 73 43 72 124 37 21 104 43 16 39 62 30 78 35 70 100 20 66 103 14 82 50 27 69 95 21 9 83 109 97 28 49 10 39 30 73 100 31 118 8 87 40 88 122 66 41 2 53 98 10 29 25 56 57 102 108 43 91 95 30 67 46 51 45 28 19 47 115 71 42
13 92 49 51 25 26 15 52 111 15 63 36 87 90 45 31 21 21 14 28 1 91 57 92 63 6 65 87 33 83 59 87 114 40 38 7 41 4 23 25 76 77 58 41 8 108 52 8 21 84 49 114 57 91 58 23 16 104 26 105 114 12 93 64 54 31 70 122 57 20 63 62 76 75 103 26 11 29 122 95 87 109 8 63 64 84 71 92 24 11 110 4 33 70 5 24 36 113 25 85 49 110 39 90 60 52 79 16 74 15 50 50 78 115 34 34 5 66 105 84 12 105 104 95 95
14 30 69 78 64 50 79 106 58 99 52 123 73 85 3 50 88 72 124 103 58 69 67 95 61 68 14 107 47 54 38 17 30 111 42 80 37 103 54 86 36 36 75 15 25 116 15 16 44 32 79 93 29 87 25 16 3 13 104 5 48 18 87 53 37 58 22 74 1 23 79 62 116 54 94 86 110 78 45 12 49 62 54 83 63 117 58 76 28 85 106 24 94 100 41 47 26 66 25 97 87 120 61 104 120 55 98 104 31 2 23 75 5 29 31 93 109 118 8 8 110 123 120 43 16
15 117 115 66 91 73 28 85 108 25 40 56 77 51 92 30 39 90 70 121 117 103 45 35 121 61 88 1 69 85 75 24 59 88 75 31 17 105 113 113 32 120 110 120 33 52 73 77 63 5 23 59 113 97 116 43 109 55 32 83 71 16 94 115 116 112 92 100 114 86 9 108 111 102 9 27 7 40 20 50 65 54 48 33 54 8 93 33 21 90 48 14 109 24 88 40 16 119 7 70 1 51 65 96 44 25 26 20 64 47 70 34 5 63 92 66 71 85 109 8 52 70 38 41 46
16 45 98 28 89 75 74 118 35 106 29 15 109 59 13 64 18 112 7 81 98 124 91 12 79 50 124 1 123 124 6 65 85 74 44 108 22 91 86 19 95 37 73 90 107 83 110 86 47 19 114 67 30 46 36 80 32 62 39 107 19 107 117 98 112 76 51 33 25 108 107 57 91 53 60 118 40 14 7 46 34 81 10 4 113 87 2 118 40 5 59 92 80 29 73 14 123 105 57 103 22 18 55 7 82 41 12 53 79 75 49 37 123 71 63 3 95 66 15 106 46 121 38 42 22
17 95 68 27 6 87 49 52 115 73 72 102 109 103 78 36 78 32 19 5 94 71 15 95 79 88 87 2 70 5 59 10 107 16 78 80 106 42 58 9 91 86 64 118 6 30 50 30 95 104 7 51 29 59 86 15 74 38 104 115 25 62 11 109 20 14 122 92 42 70 117 37 101 6 84 105 111 9 26 123 51 93 34 90 48 60 83 56 103 103 39 48 124 50 95 58 10 89 66 110 51 16 55 32 34 23 100 27 70 29 26 81 63 90 104 3 2 104 61 3 59 65 89 23 121
18 38 96 46 67 94 3 11 42 24 58 94 17 34 62 60 106 48 32 34 42 106 105 88 9 18 101 74 61 2 56 25 8 94 113 47 116 25 4 98 28 26 48 39 122 50 70 86 61 67 112 97 65 35 106 67 96 56 72 39 47 84 48 54 9 13 49 74 11 37 22 88 16 50 82 119 93 84 111 50 101 74 91 103 76 79 28 17 94 70 112 91 46 13 40 96 39 22 32 35 13 27 78 9 103 115 103 121 13 64 90 94 30 24 25 106 61 43 95 27 101 70 48 90 19
19 87 85 33 17 97 17 34 72 29 107 16 20 41 38 100 44 85 55 80 74 117 61 71 21 58 10 89 15 82 4 17 8 84 68 1 43 124 105 80 124 65 68 89 97 82 1 91 80 46 49 41 39 96 32 60 87 46 14 31 20 40 53 61 19 7 75 118 1 18 70 84 38 106 103 6 56 38 62 116 38 11 68 57 95 97 56 121 124 120 61 11 98 51 79 96 65 71 3 108 9 42 113 61 31 25 43 9 30 78 16 55 17 46 70 43 123 97 6 5 97 83 55 87 87
20 104 6 49 124 105 37 87 94 86 109 108 39 87 124 38 3 66 27 98 29 41 80 23 124 121 31 79 30 117 20 48 41 2 34 38 15 95 95 9 67 52 83 121 15 98 109 40 48 91 49 93 36 119 26 1 88 96 75 43 47 39 17 116 45 77 118 43 72 106 53 102 11 72 77 2 60 51 63 45 60 56 51 74 68 1 40 101 26 105 80 106 87 23 24 102 79 21 124 26 82 84 30 100 33 87 102 67 34 124 98 104 84 93 41 5 97 35 122 13 108 75 103 30 60
21 93 1 109 78 50 65 49 97 53 102 98 29 74 60 39 59 55 121 42 50 30 60 80 37 47 119 104 47 105 52 123 61 39 114 28 52 69 28 69 23 31 74 54 96 7 112 117 100 69 7 93 60 103 46 58 27 52 85 31 77 98 66 1 37 76 112 94 25 69 23 59 94 15 32 96 5 23 7 54 118 43 59 114 31 60 123 44 82 8 83 112 23 57 104 68 9 123 107 123 45 121 90 94 22 45 68 106 45 110 56 27 113 113 22 35 8 37 8 32 51 37 74 56 52
22 6 120 79 40 47 90 9 10 11 110 113 58 38 58 53 98 54 38 46 50 15 25 66 74 5 41 32 55 51 53 97 109 53 34 46 16 5 13 123 87 68 120 42 115 98 73 80 51 41 30 118 24 42 118 115 13 73 82 50 18 60 16 58 118 91 103 2 111 34 109 60 3 103 14 93 43 15 84 86 99 63 81 28 72 59 70 119 88 94 3 31 116 24 49 47 117 118 3 34 59 86 11 86 103 90 96 45 62 113 14 3 122 53 117 84 69 64 84 59 3 97 39 101 63
23 108 50 36 4 3 83 30 57 101 75 98 19 53 33 56 56 107 10 100 37 119 43 17 100 124 85 7 87 48 31 60 92 23 37 57 29 97 46 96 109 76 114 29 64 69 95 67 73 111 93 104 71 76 72 70 106 15 48 65 116 27 56 118 78 91 88 44 65 72 108 16 39 116 7 105 20 116 37 124 59 65 85 9 81 36 120 124 19 75 53 83 35 21 122 32 21 7 120 90 26 42 92 112 13 27 3 115 35 1 45 100 93 84 84 17 102 84 102 120 26 86 84 13 20
24 21 111 78 35 62 124 73 92 48 103 92 117 104 119 72 124 4 32 68 3 119 91 48 1 123 3 109 117 70 98 32 58 115 13 111 106 50 64 37 55 100 86 34 54 29 17 36 69 94 107 113 105 42 101 36 67 113 37 27 80 102 70 100 38 81 94 49 71 1 19 89 55 81 102 38 73 54 49 17 50 7 100 82 124 43 91 111 106 17 92 43 17 33 33 59 1 33 12 27 121 66 81 114 3 62 20 89 81 11 87 115 41 73 46 67 22 21 96 73 50 31 112 14 85
25 114 74 78 60 106 41 117 97 104 94 99 71 89 85 51 20 69 36 76 102 54 15 39 54 42 79 7 81 54 66 10 1 60 90 46 121 50 71 97 49 53 31 40 47 20 20 108 22 70 113 17 108 34 4 97 43 39 56 112 62 64 84 15 84 60 52 46 100 2 73 24 48 97 5 90 114 98 123 43 59 68 21 36 87 31 96 124 86 12 117 103 91 29 11 82 59 104 101 37 111 82 23 84 14 55 92 100 11 83 43 31 88 88 119 87 44 107 19 96 46 2 34 98 124
26 63 96 5 114 121 19 15 95 35 22 51 61 55 43 22 36 31 21 66 78 21 37 102 67 75 73 107 70 74 52 57 38 24 16 74 31 19 4 41 19 115 6 108 2 27 71 87 69 103 96 13 112 94 66 34 10 32 66 68 121 51 26 47 4 50 120 47 91 119 59 25 48 102 45 28 111 36 89 110 91 6 44 47 72 112 26 101 93 113 64 96 56 114 75 86 112 20 95 7 41 3 23 29 86 78 61 118 42 99 42 3 115 27 8 7 102 45 44 74 53 69 7 29 66
27 23 105 116 114 85 40 69 92 36 35 15 37 71 63 63 88 100 76 29 50 94 88 70 39 69 23 19 113 15 108 99 84 92 39 93 92 2 68 79 63 123 71 49 43 36 90 76 107 24 66 13 50 116 89 110 113 10 54 27 72 116 112 11 11 59 92 117 75 41 107 33 74 21 108 12 22 80 2 67 38 48 123 43 74 57 23 66 26 18 45 22 57 23 11 105 71 62 98 12 78 11 16 2 100 89 60 23 54 83 16 34 85 101 65 99 94 48 96 18 100 21 65 32 86
28 47 110 19 22 90 25 74 52 62 67 4 123 107 33 45 114 86 16 56 26 38 28 121 94 74 96 105 52 2 98 4 58 58 16 8 69 29 25 54 51 120 6 120 80 67 17 122 60 31 60 45 36 63 81 98 30 99 18 95 82 19 34 75 35 113 65 103 119 18 42 124 44 107 113 63 40 32 34 32 86 40 2 118 87 54 65 5 95 66 96 55 97 5 48 74 93 38 18 96 96 40 102 57 26 53 99 121 98 118 81 85 74 52 26 51 40 120 27 19 110 80 13 78 78
29 103 60 56 82 103 124 7 47 70 2 44 82 97 45 118 22 40 24 70 103 113 102 21 51 93 70 14 101 43 4 95 82 1 40 85 10 95 88 34 5 51 48 51 29 111 79 104 30 90 103 70 70 28 56 53 91 120 15 65 6 27 98 17 45 80 102 110 58 97 15 24 23 2 22 4 84 38 21 41 98 101 90 79 42 55 13 95 4 63 5 77 114 24 80 96 47 55 37 29 28 68 71 20 81 42 2 107 115 114 44 123 97 30 102 70 31 99 38 4 32 93 38 115 69
30 106 11 117 20 15 85 120 109 5 88 42 20 107 3 104 33 56 4 57 21 31 79 26 19 30 5 94 87 117 80 84 25 34 34 86 109 97 107 84 10 124 32 13 106 9 10 105 17 52 79 93 3 68 11 1 107 20 57 57 8 96 20 66 6 100 27 5 103 81 111 84 2 28 122 83 3 34 25 30 24 58 65 86 71 7 75 68 79 59 60 65 71 30 120 33 31 78 34 1 48 94 103 107 3 8 90 82 31 92 21 64 95 96 20 25 123 118 116 14 9 22 80 18 99
31 64 98 36 79 91 114 112 78 30 111 10 99 80 25 37 3 119 117 22 79 1 98 101 87 69 49 100 84 18 16 15 4 31 124 5 123 102 35 27 28 3 67 105 94 84 124 55 70 14 28 17 56 64 48 35 122 23 104 27 38 4 31 51 60 90 95 122 113 34 15 30 6 77 30 41 120 93 11 16 114 18 111 7 17 8 12 1 99 83 46 96 67 80 122 86 31 25 99 44 99 102 14 98 27 11 71 78 22 70 85 100 23 95 104 2 12 25 47 19 112 42 119 38 93
32 3 3 26 79 71 69 46 98 32 79 32 92 38 5 6 32 84 109 15 100 22 101 22 94 64 82 76 32 16 124 65 88 85 63 17 9 117 91 42 80 21 5 101 7 74 96 60 33 21 102 111 94 8 75 56 84 50 113 57 73 5 88 10 115 31 87 94 69 115 81 20 84 39 7 74 35 55 98 34 21 76 80 20 80 7 74 44 99 89 104 86 90 21 53 102 69 93 64 34 100 2 76 54 2 119 3 33 118 35 88 87 70 47 124 26 54 35 112 36 81 68 95 20 107
33 30 80 56 84 100 66 18 24 20 86 22 94 63 19 91 89 124 123 44 11 31 22 70 50 63 34 36 69 100 114 107 39 113 91 31 52 61 42 64 30 62 120 108 74 100 50 91 9 47 75 120 59 44 100 57 121 68 43 115 109 103 101 114 105 113 10 102 3 41 89 78 122 10 103 118 120 93 91 109 86 28 76 7 1 39 20 102 16 21 59 81 68 84 110 8 14 59 82 56 30 13 91 37 122 111 93 16 32 51 17 30 34 84 113 66 97 29 63 121 4 56 63 102 63
34 118 82 60 71 119 77 34 27 33 73 4 115 48 74 106 26 123 65 19 85 107 104 40 15 82 107 105 86 29 45 90 22 66 56 78 13 84 11 116 104 78 90 4 27 12 98 37 118 7 59 2 57 72 83 85 90 105 76 23 41 54 40 65 116 112 29 52 83 68 109 83 56 67 19 32 114 3 53 60 34 113 24 101 84 50 76 117 51 21 18 13 76 22 5 102 16 120 44 18 101 94 5 95 112 118 112 109 122 8 10 91 36 37 33 81 23 23 41 124 109 108 44 100 88
35 97 79 90 14 119 93 76 101 84 14 113 66 45 1 56 123 37 8 9 20 110 38 102 119 34 61 67 14 31 90 20 19 89 19 91 61 53 121 18 11 118 89 46 37 50 101 25 83 39 79 8 26 61 114 107 105 121 114 57 17 90 19 64 24 61 20 66 38 77 51 112 107 117 44 101 71 67 42 104 61 121 76 90 70 68 80 3 19 26 94 109 113 19 41 119 52 2 124 102 62 31 96 3 116 55 37 111 117 50 74 94 77 89 3 51 71 57 84 92 95 19 122 62 80
36 78 100 3 11 43 50 52 27 95 124 123 62 52 36 51 121 70 61 14 62 66 86 82 37 102 94 72 51 113 27 67 92 15 1 81 68 37 75 43 105 39 86 90 26 116 39 29 5 106 107 28 110 35 99 65 83 25 71 23 45 101 40 91 95 3 94 122 48 64 104 46 87 79 35 36 80 10 1 109 12 31 20 75 49 104 104 21 117 83 63 11 21 116 11 50 78 13 49 23 30 81 36 80 31 104 24 3 97 73 119 17 104 6 56 37 77 115 40 74 98 112 52 117 87
37 84 58 81 117 14 100 117 95 17 99 88 66 65 55 52 74 89 5 101 76 59 28 80 88 12 111 115 2 76 108 35 107 53 52 100 88 8 34 20 100 46 104 29 45 68 58 111 88 77 105 71 3 111 35 111 40 50 42 58 45 3 69 28 81 44 32 80 67 109 1 39 87 40 104 121 70 23 41 72 6 21 121 5 65 6 48 28 36 60 89 47 88 26 119 71 46 102 112 73 23 34 80 108 3 99 94 85 46 27 104 59 122 36 6 9 88 104 102 14 114 78 123 41 60
38 11 58 118 30 58 73 38 119 33 122 24 91 80 91 103 102 43 46 29 60 53 112 10 78 116 36 29 68 6 110 93 114 15 86 55 24 28 40 11 108 14 69 117 6 42 3 5 23 107 100 38 93 70 74 79 23 57 107 68 115 38 109 27 64 77 12 74 58 89 103 95 37 72 15 78 12 93 71 116 30 116 65 74 119 96 94 91 8 20 116 102 37 90 79 51 76 5 106 113 74 39 70 94 76 63 45 22 70 90 80 111 83 112 89 15 45 101 99 118 31 40 46 9 75
39 100 37 4 29 121 115 4 21 6 93 35 13 79 85 110 3 82 81 43 59 90 109 99 118 15 36 114 79 21 35 79 4 3 35 87 101 70 45 80 121 86 46 23 105 121 26 88 113 59 38 13 46 121 71 50 50 105 24 69 9 83 75 117 61 13 10 84 83 37 19 64 45 17 99 5 43 47 90 15 86 8 36 71 99 123 41 79 23 74 109 98 123 47 36 3 50 45 20 50 80 45 104 58 101 104 8 50 105 9 36 50 18 64 62 101 13 120 101 80 46 38 7 96 43
40 89 18 113 98 103 73 115 47 49 49 94 3 64 87 2 61 117 56 33 91 10 33 91 120 85 8 93 107 94 123 119 6 108 91 25 98 99 25 109 62 6 4 89 6 68 119 39 17 54 67 11 93 106 44 60 95 96 48 79 10 6 54 40 15 11 51 92 2 124 6 64 89 78 89 100 83 95 72 53 68 96 60 51 92 119 22 90 27 35 14 98 75 123 72 15 113 118 99 29 85 55 104 8 98 64 61 104 123 123 48 41 69 14 20 87 108 118 66 98 72 4 96 9 15
41 122 54 17 43 84 22 21 21 19 96 34 4 124 37 124 26 48 115 26 15 103 39 10 49 6 25 63 34 88 99 49 8 123 81 117 104 37 95 45 43 122 88 98 62 63 24 36 60 84 105 12 88 114 42 76 107 78 89 100 52 97 77 57 16 119 62 82 94 118 109 113 42 44 60 73 17 38 52 33 46 99 31 42 63 91 56 120 121 47 61 76 39 121 115 46 106 122 59 63 26 15 111 115 120 107 86 80 38 34 33 70 104 39 53 70 68 2 15 124 12 99 61 100 72
42 107 59 63 56 16 60 85 72 63 116 65 12 42 69 92 26 26 40 69 61 102 94 14 59 107 57 54 44 70 74 92 93 24 122 29 46 56 65 105 96 68 97 46 63 28 91 96 92 79 41 21 77 90 76 44 110 100 105 17 27 103 77 41 70 98 78 93 17 88 68 16 122 16 8 76 26 10 18 32 67 121 113 30 43 48 79 98 122 115 61 43 45 106 122 23 7 35 59 8 71 54 102 12 32 115 124 111 55 92 100 76 41 52 3 83 11 12 115 1 120 94 83 102 83
43 21 108 53 72 77 64 103 6 120 86 77 98 67 17 28 97 86 3 70 78 91 110 21 120 100 115 26 90 98 74 103 81 109 120 108 92 51 6 122 39 104 10 25 21 106 2 41 59 80 79 112 37 105 124 36 101 25 2 81 115 13 40 88 75 33 15 29 106 76 52 101 110 9 90 92 18 107 66 69 87 87 119 56 16 38 72 119 114 29 111 83 23 37 50 90 67 2 66 62 24 44 4 89 112 3 92 46 21 44 85 119 61 101 24 104 118 64 121 107 28 101 19 3 105
44 1 79 72 8 102 110 21 48 115 88 26 32 6 123 4 96 37 118 38 4 118 49 12 67 46 44 82 2 102 78 17 85 53 84 90 57 92 97 119 78 20 89 31 100 110 38 54 80 54 75 85 34 92 106 99 114 25 48 65 38 80 6 121 83 35 101 39 41 122 110 68 102 101 10 88 39 32 107 33 113 108 26 91 78 48 42 8 43 78 95 84 5 22 84 64 40 108 101 41 92 47 3 38 17 117 32 26 45 41 61 10 98 18 109 104 30 92 104 24 36 33 43 47 107
45 5 29 107 111 122 18 76 118 81 12 44 105 34 33 41 43 112 72 76 66 7 102 111 36 76 67 48 42 123 32 52 118 47 111 72 39 98 83 48 83 38 123 11 4 27 43 28 107 17 106 63 20 112 3 73 102 121 110 92 27 115 79 68 123 84 7 5 60 25 33 59 4 38 58 102 102 14 59 103 55 105 81 102 70 21 64 109 81 76 64 31 58 53 96 110 20 29 34 21 37 47 20 98 37 13 3 72 46 109 46 94 69 58 47 53 26 37 23 106 47 87 107 109 44
46 108 87 86 25 108 87 70 76 41 33 97 45 10 29 45 88 98 37 27 115 96 50 54 98 7 49 58 9 12 50 117 39 96 33 19 34 29 81 9 19 31 97 124 46 8 105 97 34 110 52 71 106 106 111 35 54 54 13 43 121 111 35 25 27 101 57 56 37 10 107 42 47 53 52 89 95 36 45 9 124 72 90 78 78 7 86 93 51 61 93 3 30 14 111 96 36 51 98 83 103 69 23 77 50 91 21 73 75 95 56 68 112 73 8 28 16 45 6 96 15 108 95 45 106
47 66 18 47 98 45 114 103 30 112 95 99 62 107 124 117 16 45 18 5 52 83 91 88 107 1 84 78 75 79 20 1 17 20 22 85 41 111 65 3 86 26 41 22 43 26 44 79 42 95 56 105 65 117 46 7 115 7 99 103 71 23 53 25 108 68 31 58 107 60 92 36 115 116 18 47 120 32 114 110 115 106 45 97 114 30 3 73 62 72 6 101 123 51 50 79 58 103 3 66 29 117 11 15 6 26 6 44 65 76 48 28 107 70 99 17 71 98 78 116 94 10 110 89 89
48 78 88 104 76 72 99 10 1 78 20 94 11 76 21 95 49 56 12 61 27 69 74 85 42 55 3 115 123 98 66 99 9 68 2 122 61 75 100 10 36 96 5 93 59 116 8 6 27 9 24 111 86 76 25 31 55 36 99 14 2 40 26 68 3 116 14 33 114 93 59 46 79 26 53 30 73 41 119 89 97 69 79 15 121 111 16 115 6 121 83 123 74 12 47 116 63 109 53 55 1 109 78 87 96 36 46 70 97 17 121 119 111 99 46 17 4 113 29 5 22 27 59 117 11
49 69 25 111 8 53 15 2 6 104 91 44 43 52 13 115 75 18 77 53 67 106 65 17 41 61 80 52 26 84 87 80 100 93 17 12 90 115 1 45 92 61 101 57 73 42 33 122 14 31 100 89 111 82 50 31 64 64 109 122 111 109 35 8 27 57 31 12 117 20 1 53 95 96 82 93 79 40 16 19 111 49 10 18 23 31 95 35 110 66 73 33 98 38 8 3 120 40 116 89 111 119 87 3 79 89 95 113 43 62 36 59 92 15 88 55 85 97 36 97 25 25 65 121 79
50 66 30 29 50 72 33 58 72 92 104 110 94 122 3 123 35 31 123 9 105 67 56 94 33 16 75 105 79 2 74 22 27 109 84 4 80 116 56 32 59 36 84 51 50 97 106 7 20 123 28 119 31 20 26 87 38 24 104 31 11 9 103 43 3 11 92 77 106 54 21 3 49 70 71 33 81 115 57 58 121 15 60 68 34 62 95 78 114 90 92 62 61 11 16 41 17 97 26 35 92 77 73 39 74 71 5 79 34 98 47 120 97 78 47 73 56 34 27 110 10 64 62 41 56
51 111 49 38 119 89 54 13 122 26 120 64 110 57 16 65 37 9 11 54 40 22 78 11 6 120 36 34 47 51 45 2 52 1 115 4 1 24 122 85 121 84 51 5 68 47 120 16 35 30 48 8 58 48 101 29 1 7 87 102 28 49 4 110 64 112 116 50 3 16 120 71 123 31 106 11 6 65 117 114 92 73 76 6 27 30 43 107 121 70 88 91 41 91 102 112 85 53 114 85 34 53 82 91 103 65 31 67 90 53 124 74 100 109 116 8 86 14 7 68 76 28 94 116 45
52 59 91 79 71 120 67 104 57 104 5 85 45 61 33 103 11 52 105 48 30 44 5 109 16 113 59 84 8 124 56 53 82 102 47 77 57 4 87 27 5 81 96 29 105 67 23 26 82 5 61 9 22 110 9 92 13 82 36 66 59 26 76 82 80 39 51 90 24 8 74 90 81 71 48 21 88 8 78 108 102 27 44 82 66 85 85 19 9 105 15 111 11 78 12 72 13 41 8 76 104 19 79 7 91 114 21 55 94 3 82 50 30 54 88 33 105 4 122 77 12 50 64 108 104
53 6 115 111 78 1 36 115 89 64 71 11 16 12 65 14 112 42 116 16 66 2 123 28 40 25 85 55 119 106 70 95 70 79 31 75 68 49 93 115 60 121 112 76 95 91 11 122 95 15 67 5 29 9 12 72 33 122 51 80 43 76 57 8 87 92 98 28 41 45 109 5 22 20 24 14 92 58 122 12 96 120 1 98 57 89 21 42 7 17 33 31 111 64 121 52 51 22 89 10 15 73 93 81 72 52 123 55 89 3 111 23 90 107 37 19 56 57 54 36 93 80 120 27 105
54 89 60 65 63 50 40 51 79 97 58 111 2 56 1 87 62 46 84 91 97 116 83 5 81 100 121 53 19 109 108 76 12 98 117 1 109 3 23 115 112 94 46 47 120 70 23 24 105 103 89 123 23 116 54 53 51 42 65 65 103 12 50 22 104 50 40 69 22 63 10 39 40 95 69 59 106 17 71 79 76 70 113 4 54 2 77 62 88 18 21 108 118 98 99 56 89 123 58 65 89 22 4 32 8 96 83 23 28 77 75 88 93 48 85 26 91 72 66 50 48 44 118 21 69
55 29 85 27 111 69 72 84 55 102 47 123 65 44 77 118 88 77 32 86 4 66 112 56 117 113 35 120 91 109 83 115 80 22 60 68 49 59 38 84 19 46 43 94 66 108 6 82 35 41 10 28 46 80 39 79 20 16 102 79 100 19 85 6 8 78 54 4 23 22 70 75 39 93 65 24 16 95 22 77 9 81 63 23 30 35 111 18 124 22 81 112 120 101 38 51 88 98 98 80 119 115 108 14 74 116 78 37 98 6 61 37 123 80 105 33 57 20 40 38 26 73 6 46 114
56 73 66 29 66 122 3 64 11 49 79 116 52 11 91 68 33 55 109 81 52 82 27 80 34 102 104 20 109 77 107 102 23 24 107 109 68 104 51 91 26 22 92 90 117 101 121 80 20 36 66 15 38 33 77 87 117 28 60 122 25 17 34 113 93 32 24 38 72 121 40 9 9 24 6 107 78 34 91 7 117 94 28 14 45 39 7 70 78 79 85 27 7 53 120 120 74 21 62 76 51 39 16 53 103 16 57 124 20 64 22 117 8 81 45 32 48 58 79 35 116 31 33 27 115
57 90 46 112 89 65 76 5 66 15 65 34 118 36 81 26 44 37 86 117 94 88 84 10 17 51 111 45 42 60 4 17 52 44 48 100 17 47 24 41 69 22 32 26 69 57 88 94 98 99 111 9 38 89 64 32 26 52 79 50 113 107 91 109 64 51 19 87 14 54 110 56 4 114 99 43 43 9 95 47 6 121 67 65 94 57 33 114 24 2 121 24 124 40 50 5 67 47 27 73 23 40 117 87 12 25 7 92 78 59 9 89 26 4 34 70 32 112 16 83 104 98 101 95 72
58 34 15 11 85 122 17 104 81 45 102 76 22 55 13 107 15 124 60 18 6 84 106 112 79 26 11 72 90 18 8 32 26 65 28 111 65 39 95 117 85 90 33 34 92 91 43 47 35 97 39 37 118 1 124 36 27 63 107 34 22 86 3 118 93 109 111 65 107 32 77 33 58 40 12 97 66 4 102 116 70 23 62 101 16 104 97 109 94 90 61 109 102 124 75 62 59 107 33 86 59 39 44 66 53 58 53 99 64 98 24 33 78 45 44 105 8 11 101 57 36 108 89 97 57
59 120 15 64 1 43 23 33 58 72 39 57 123 49 16 56 46 69 104 123 4 58 94 110 2 45 105 63 124 20 87 67 12 90 77 77 53 102 55 28 78 25 36 111 78 11 6 11 13 50 106 24 105 104 22 87 36 82 2 69 93 2 75 80 11 39 8 27 31 31 17 41 86 72 25 41 96 60 101 66 120 35 110 35 106 110 61 64 36 115 5 76 124 76 112 94 124 28 55 70 3 52 108 17 6 10 112 64 54 105 87 59 59 21 56 115 117 115 20 47 123 104 83 99 45
60 6 89 74 109 29 38 38 25 63 42 97 118 72 44 20 16 88 68 99 42 60 41 58 46 115 81 30 43 89 7 52 59 15 64 26 66 36 85 29 27 16 56 122 13 54 81 10 78 27 84 54 78 13 62 103 59 112 66 34 57 124 5 70 58 105 124 106 74 59 81 56 31 109 103 6 63 26 107 118 87 109 61 40 72 57 60 34 70 64 56 92 84 62 123 123 30 13 94 104 75 69 90 20 86 105 116 26 52 21 116 82 117 2 78 100 54 65 81 26 24 35 124 91 81
61 116 122 65 21 98 74 57 1 35 122 63 111 61 116 99 124 8 81 87 50 79 7 27 38 107 97 94 31 51 102 55 52 2 100 21 104 18 20 94 98 5 28 4 105 14 124 114 124 9 69 88 53 114 97 56 111 93 86 71 48 15 28 8 123 122 37 110 28 57 73 40 112 41 24 123 98 46 118 37 62 41 72 65 54 86 52 34 36 94 62 69 2 82 55 97 120 79 67 79 14 58 86 14 12 55 69 3 5 101 23 70 71 65 15 43 90 10 95 44 82 58 16 43 99
62 9 38 12 92 100 62 26 72 9 3 37 117 100 14 34 2 61 80 56 27 115 80 37 16 55 86 90 81 2 105 16 28 12 29 4 13 75 119 47 7 102 13 2 120 8 59 24 42 112 81 19 117 113 14 119 72 118 21 15 77 73 70 95 89 63 111 38 24 51 8 73 64 51 96 64 102 47 62 37 32 64 91 66 80 122 100 116 92 32 71 55 17 120 107 26 26 53 24 108 7 72 1 41 45 58 100 108 122 108 22 46 64 110 117 77 107 13 87 66 94 32 42 44 90
63 123 21 7 86 46 89 119 105 50 98 121 4 69 40 63 113 23 35 87 54 22 53 114 123 87 121 17 61 72 77 82 67 22 64 110 117 26 79 24 97 32 110 16 14 100 57 28 31 114 34 26 48 108 122 52 81 48 74 117 85 38 78 37 114 8 48 104 7 12 92 85 33 9 30 95 43 72 46 1 95 118 98 123 81 51 31 59 40 121 117 21 72 59 41 29 106 116 103 91 121 120 54 74 22 44 32 117 105 57 18 98 13 22 123 2 31 104 118 80 116 85 23 88 102
64 33 103 120 80 97 103 24 49 9 66 6 26 102 76 69 92 6 98 9 30 62 32 49 71 2 30 116 55 17 34 119 66 38 115 20 11 72 35 71 87 56 29 99 122 61 57 88 63 103 9 88 84 107 72 101 73 65 95 72 32 108 33 75 75 86 38 99 112 106 100 104 101 22 24 99 43 119 30 43 21 38 45 98 109 117 29 120 110 6 71 4 49 1 60 93 86 84 33 36 103 104 120 112 57 78 9 96 107 18 65 99 96 69 18 107 21 39 97 19 72 54 68 10 43
65 27 115 12 42 96 92 67 41 56 32 72 56 79 124 50 46 108 108 34 44 94 69 100 26 77 37 47 92 99 48 67 124 60 106 10 61 83 102 42 88 47 111 95 97 115 49 46 119 81 97 3 80 26 2 51 58 104 98 62 66 97 10 27 117 69 111 112 33 36 110 37 17 61 109 20 99 123 103 88 24 33 42 53 91 70 35 118 9 75 20 29 3 68 35 88 41 32 111 11 94 14 93 13 46 42 46 35 97 17 75 76 66 108 94 98 96 7 76 73 31 84 96 114 24
66 78 114 57 86 44 56 6 75 39 112 122 20 26 62 94 10 68 114 122 63 110 89 101 63 101 68 79 67 1 79 28 36 38 118 14 56 67 73 83 7 111 118 107 22 112 69 109 101 106 39 15 122 103 47 25 16 26 49 46 33 58 116 109 71 62 16 87 90 39 46 22 29 72 51 114 97 71 122 1 78 10 61 57 9 123 5 112 108 79 37 95 22 82 44 105 116 45 48 103 19 53 83 116 84 79 90 66 27 5 26 15 70 86 33 102 80 27 81 78 124 63 7 68 59
67 50 4 45 88 107 52 90 91 25 89 3 115 64 27 18 72 6 122 6 80 15 47 33 29 85 48 118 80 1 41 89 51 26 48 97 26 54 92 50 116 100 89 94 90 19 70 62 15 35 58 2 81 19 56 38 60 114 64 61 12 58 48 34 59 101 29 59 53 78 29 6 83 24 38 97 56 25 109 22 37 54 5 40 44 89 15 100 100 23 8 120 36 20 13 14 80 98 67 7 38 9 42 61 62 94 32 111 63 75 21 97 23 12 104 23 56 71 16 8 54 20 12 56 57
68 43 5 113 43 73 45 78 117 93 84 105 102 108 21 94 91 20 108 36 56 51 5 6 96 70 25 19 121 74 44 33 17 95 112 42 65 94 55 122 95 119 92 121 35 118 104 42 120 122 32 51 84 96 83 20 32 16 46 82 10 3 11 56 68 101 31 10 46 31 60 122 44 55 21 5 69 73 77 39 5 40 29 106 56 95 78 32 43 59 58 56 105 55 48 53 110 35 44 24 62 19 3 39 37 54 100 28 92 82 66 57 115 26 65 4 5 78 48 72 62 69 92 27 50
69 8 119 12 64 64 36 78 106 57 34 43 35 64 70 26 53 15 40 51 115 6 105 94 69 70 19 24 108 42 89 72 1 109 32 94 25 16 34 83 123 58 119 46 63 109 64 86 25 90 11 116 57 124 48 112 68 21 12 65 60 18 11 72 84 30 27 75 97 100 47 99 108 107 117 8 68 87 96 107 104 123 50 73 5 67 60 86 46 71 67 109 66 85 100 88 14 10 112 28 95 53 105 119 108 118 77 112 113 67 73 103 73 25 9 42 53 113 21 92 117 96 38 8 58
70 51 103 50 7 76 51 80 114 27 95 113 114 93 3 8 100 24 60 45 9 41 102 111 21 81 32 22 24 7 120 91 14 51 78 95 52 58 5 100 31 13 37 11 109 91 13 80 35 98 24 106 8 55 40 49 23 79 112 112 16 76 94 96 115 25 88 106 80 95 123 97 84 53 76 112 82 56 88 17 72 12 52 86 69 53 112 29 123 34 104 70 26 54 114 103 84 21 19 31 48 57 96 42 30 31 14 15 61 118 113 107 61 54 57 87 75 118 95 55 26 98 101 9 106
71 106 60 58 80 18 45 63 119 35 105 33 66 77 104 76 28 10 88 34 93 100 19 90 104 88 52 31 80 64 88 98 34 37 89 66 51 20 98 89 113 7 13 46 121 72 50 115 109 105 97 122 25 97 39 68 60 121 42 112 55 85 56 73 63 10 90 5 78 35 34 102 48 119 31 87 73 45 84 9 73 46 3 33 61 82 25 66 3 119 119 19 124 22 88 38 106 61 24 97 32 106 88 15 20 18 84 49 1 36 40 93 15 15 61 97 99 79 53 37 77 35 17 61 33
72 99 122 46 80 36 123 15 28 109 82 44 12 76 27 22 73 105 82 76 29 32 115 45 102 1 23 21 79 118 60 46 93 2 62 63 9 100 59 68 43 34 46 11 12 21 5 97 76 9 45 124 124 2 47 8 52 47 5 54 119 97 88 25 114 71 14 35 124 114 43 93 68 67 81 12 68 105 9 20 86 11 6 12 103 43 121 76 66 67 68 22 69 27 85 61 68 9 85 119 68 67 87 38 87 113 41 99 96 3 40 37 22 67 32 1 26 90 112 43 27 72 85 108 92
73 33 26 115 119 38 87 103 98 38 50 74 122 109 50 28 97 75 76 43 42 50 103 72 9 64 107 18 119 1 82 16 12 41 27 112 15 21 5 104 84 44 34 30 83 39 48 56 100 98 47 29 70 96 54 26 37 34 21 89 48 67 114 44 22 110 31 95 6 12 13 123 25 19 34 8 63 20 66 111 32 112 108 45 102 91 88 110 91 6 64 108 47 124 36 35 108 70 75 111 44 20 98 78 58 55 16 120 113 47 100 38 76 24 51 52 27 55 58 34 48 54 56 32 27
74 79 92 86 102 50 21 95 17 72 58 17 67 26 9 5 34 2 13 91 61 44 52 119 18 111 104 48 27 117 10 78 121 96 114 32 65 78 87 124 54 107 76 111 38 74 61 32 98 22 118 70 28 97 15 105 32 10 53 121 109 24 24 107 80 16 24 44 10 3 7 65 5 113 36 87 25 89 25 48 80 4 120 104 102 117 9 28 51 120 5 105 11 60 108 30 18 25 66 13 16 93 83 103 17 120 44 45 91 78 26 123 62 54 82 43 16 106 77 27 121 75 31 88 91
75 58 9 24 95 97 65 6 47 86 62 43 49 62 75 71 4 2 31 32 73 87 2 41 22 117 49 71 70 63 22 80 5 109 35 39 24 62 84 118 106 122 41 21 29 123 86 78 38 43 40 29 96 1 44 82 57 69 117 100 57 104 79 77 3 100 37 113 36 58 1 71 59 97 51 70 23 119 45 1 89 108 14 49 93 20 112 5 59 43 50 21 13 123 104 8 17 99 89 28 110 91 115 12 17 82 40 58 27 5 117 101 114 103 22 15 61 75 53 39 81 65 49 70 88
76 115 121 88 124 23 29 75 7 43 26 19 80 117 47 5 46 65 107 48 38 31 3 62 2 114 50 116 61 86 117 117 4 69 99 112 14 29 51 88 117 114 41 55 39 123 35 72 102 60 117 65 47 12 5 87 62 52 114 107 114 40 72 115 95 87 116 75 78 47 3 84 40 77 40 33 91 40 103 18 63 32 2 95 5 68 60 21 28 122 102 91 31 28 48 34 71 72 9 56 83 54 10 45 98 85 54 12 54 17 123 27 54 93 115 95 17 50 60 74 67 14 68 73 38
77 115 57 62 121 2 24 80 40 98 18 75 40 72 76 3 103 27 20 43 48 105 68 12 63 117 77 24 40 13 47 88 97 110 80 26 28 109 98 99 119 39 49 106 98 57 69 60 57 76 29 32 19 47 58 115 55 112 115 27 43 46 58 113 16 119 46 117 20 80 83 123 48 48 68 99 37 51 45 79 76 54 40 13 60 57 3 23 120 29 7 92 47 112 28 110 88 31 33 91 61 62 88 26 67 13 29 106 2 55 20 5 70 25 38 54 123 71 57 9 44 39 105 119 116
78 72 1 86 78 111 28 45 31 63 19 17 59 37 78 105 44 14 11 56 60 6 72 101 71 13 53 56 88 42 50 71 110 98 120 59 34 61 96 100 7 16 99 88 46 115 120 90 99 122 30 20 73 110 86 76 1 112 22 61 21 33 68 35 19 91 59 107 82 25 14 104 62 123 17 7 26 66 53 2 47 120 39 98 6 121 101 121 63 66 74 24 65 87 16 41 124 112 28 113 77 14 108 30 21 38 35 39 57 57 33 16 97 81 54 101 17 7 73 22 40 63 97 28 84
79 46 12 42 115 100 89 28 40 79 46 23 25 5 44 49 101 108 117 15 59 13 33 102 13 108 98 3 85 7 39 38 52 57 110 14 12 19 42 118 122 55 24 83 10 69 81 18 121 71 44 11 47 10 29 16 116 79 61 76 18 76 37 108 71 80 24 114 62 29 11 49 58 4 31 106 36 30 93 60 119 114 21 45 76 58 35 40 42 23 100 18 36 101 41 97 69 24 8 21 69 44 46 5 93 122 25 110 31 52 98 5 45 53 11 108 117 49 52 43 105 77 27 26 117
80 33 121 103 58 82 58 120 7 112 37 48 117 106 93 45 2 110 52 29 37 76 53 9 20 5 1 35 98 118 104 116 13 60 23 58 79 49 119 96 124 96 78 10 110 42 112 121 68 50 58 108 100 78 48 123 11 98 78 29 7 36 123 87 66 65 64 18 113 83 102 103 19 103 46 54 20 30 77 71 20 51 13 67 94 89 34 98 12 54 76 88 72 17 107 41 5 89 16 21 49 100 119 32 118 29 19 86 57 33 54 27 45 4 118 109 71 83 19 89 123 109 21 14 12
81 73 3 35 23 6 78 45 121 44 117 3 70 49 40 29 59 28 114 38 41 56 26 123 101 25 30 49 40 19 86 91 85 91 45 122 78 80 82 7 89 34 34 59 103 82 1 4 28 69 83 19 8 26 120 101 16 30 58 70 96 34 27 77 105 96 53 108 26 97 52 111 8 61 104 51 56 74 57 80 24 63 1 33 74 62 36 124 80 99 18 73 66 94 54 114 80 96 81 48 70 43 58 74 44 33 9 28 39 7 57 93 8 95 103 62 60 117 124 34 2 18 45 121 10
82 58 100 19 64 103 90 3 97 82 83 94 45 48 26 7 100 23 62 3 75 101 123 22 43 118 25 96 121 8 26 12 30 105 17 42 46 85 45 101 9 118 47 99 71 45 83 41 2 58 57 71 121 105 94 105 28 8 41 44 114 112 10 75 31 123 101 29 18 88 12 59 22 114 3 110 119 45 66 62 108 121 38 56 80 33 62 15 124 27 60 53 112 107 19 96 60 71 122 38 8 115 25 86 100 76 1 99 116 63 41 52 100 120 32 108 91 88 4 110 3 67 86 86 98
83 6 23 19 28 8 46 80 54 103 60 39 81 1 25 122 95 14 21 23 109 14 13 91 61 27 23 57 63 11 91 98 106 31 78 36 93 46 86 53 8 17 108 10 50 40 111 45 100 63 62 34 12 98 30 85 39 85 39 111 2 53 110 69 114 7 10 118 112 41 64 4 116 88 25 64 6 123 7 10 60 22 60 10 39 68 21 119 19 16 52 47 93 30 116 121 89 95 17 74 30 3 41 20 24 93 31 100 37 14 21 19 3 88 83 11 93 47 98 12 97 35 70 70 32
84 41 79 27 22 66 118 48 86 118 13 32 116 104 31 3 52 48 60 106 40 79 5 46 91 46 50 47 15 64 6 107 82 107 112 108 90 46 71 31 12 9 104 9 35 105 111 116 86 19 87 8 50 8 7 89 51 118 75 13 73 35 25 35 119 117 122 57 107 15 82 5 9 61 94 112 34 27 97 94 111 19 24 92 109 17 31 11 92 59 97 116 5 87 80 25 76 98 58 118 86 28 3 115 94 116 92 81 71 115 53 4 29 113 30 17 65 76 19 107 45 6 93 9 62
85 31 54 110 73 119 42 108 25 19 112 119 124 41 97 29 7 40 55 55 104 7 85 101 66 56 101 82 50 91 90 97 23 71 121 80 117 124 11 37 38 109 29 104 14 37 41 77 112 118 28 88 11 14 74 18 73 28 32 62 84 31 16 79 7 9 41 34 6 26 107 55 33 31 61 42 66 122 12 52 121 111 57 111 23 42 68 9 94 3 118 95 100 100 3 114 111 31 83 62 81 59 90 35 16 39 110 30 115 39 78 17 87 16 32 70 99 27 8 14 1 37 57 115 61
86 51 65 55 96 28 106 43 90 78 18 118 108 35 72 55 71 102 97 86 65 42 92 83 80 83 30 27 21 13 29 9 93 97 43 100 20 1 88 8 115 66 117 99 58 61 73 76 58 55 78 116 81 68 15 16 107 83 76 11 44 62 48 75 24 112 49 92 47 83 68 119 99 117 77 43 11 32 76 45 122 76 15 113 88 37 60 63 96 9 88 20 86 38 84 49 66 101 13 80 52 43 104 65 107 68 90 117 105 68 42 110 29 68 1 102 38 111 120 33 28 4 77 67 6
87 16 20 120 56 118 117 95 110 19 48 120 34 108 79 59 4 70 44 1 24 25 63 6 85 57 86 87 14 82 92 68 48 26 29 42 26 81 39 27 89 124 32 41 104 109 60 20 48 51 14 89 72 119 99 96 22 47 71 6 66 55 8 76 71 10 65 115 21 48 79 79 73 11 63 109 8 120 11 114 120 39 116 72 75 121 91 61 105 95 67 65 48 120 23 108 36 106 90 17 101 34 57 38 10 72 52 12 111 37 104 71 124 68 123 56 84 22 10 19 26 13 71 51 83
88 78 8 31 111 101 73 96 37 116 120 26 90 62 2 78 50 85 62 15 22 64 4 113 61 106 119 72 10 24 110 97 64 73 86 24 34 44 66 32 98 80 91 17 9 121 15 27 29 33 86 121 60 100 28 108 25 27 47 58 73 99 2 39 6 30 116 124 3 52 97 23 27 121 31 32 62 88 46 10 123 101 21 107 84 95 57 84 85 58 17 113 116 1 95 54 15 86 28 70 6 50 50 60 83 77 99 32 40 11 5 16 50 124 73 3 13 105 44 121 41 50 65 42 122
89 108 63 45 71 51 117 22 26 81 84 74 15 61 109 102 8 74 107 81 53 41 79 50 19 94 43 8 22 27 49 81 18 12 75 79 55 82 58 39 35 24 29 27 53 28 110 65 61 42 83 73 3 102 70 28 47 106 34 98 10 19 121 123 108 105 35 36 21 17 117 115 29 22 19 104 124 96 15 9 121 80 93 1 98 72 61 64 120 28 89 26 68 119 62 29 36 78 93 31 124 98 1 60 67 92 62 6 72 92 41 104 26 74 97 108 99 8 74 28 29 24 29 121 64
90 23 56 58 77 100 24 94 104 120 31 88 80 112 95 55 124 13 27 87 31 16 43 20 122 76 111 52 113 102 95 81 118 32 9 30 104 42 105 25 75 124 120 38 109 54 1 85 49 37 39 25 64 70 68 69 51 55 105 21 27 47 8 72 43 25 106 105 39 45 67 94 50 58 80 57 91 65 104 11 21 52 97 63 20 24 112 58 116 100 106 48 43 62 84 9 9 43 53 73 95 3 72 10 89 110 113 99 20 7 72 117 43 31 24 120 76 86 53 121 114 79 35 124 20
91 88 25 20 6 112 15 51 74 34 93 105 109 54 83 106 62 114 51 56 57 27 41 84 69 4 28 9 122 65 27 47 18 2 109 8 36 116 76 121 66 68 117 93 104 48 84 94 51 73 67 98 19 49 4 56 48 62 45 15 74 108 33 115 22 122 50 9 42 48 103 103 88 31 112 97 104 124 92 59 21 19 113 76 3 44 74 76 2 100 81 24 26 3 109 9 107 2 91 27 10 9 65 54 35 89 109 111 67 25 30 65 3 19 48 37 107 123 121 91 80 7 9 67 70
92 12 48 2 98 32 70 16 1 110 107 43 46 97 85 56 59 79 68 4 100 83 1 5 56 57 57 105 21 15 45 101 9 6 10 74 13 56 45 97 60 4 27 77 78 114 55 73 45 110 101 3 90 36 18 101 18 119 2 114 113 7 83 25 53 45 108 16 77 97 40 34 39 66 123 88 105 12 59 76 51 27 73 118 85 120 50 69 4 10 79 116 79 15 101 24 54 57 12 91 103 31 32 105 109 99 70 40 50 23 62 119 80 64 42 40 57 36 79 98 124 59 45 47 39
93 32 41 1 75 79 1 18 57 62 122 6 53 20 85 93 66 26 8 67 40 24 121 103 114 94 10 90 48 95 41 115 105 39 8 38 109 123 21 70 8 46 77 39 114 38 72 60 121 29 11 111 110 84 43 42 91 82 33 10 111 2 93 73 26 49 69 16 42 121 81 99 29 65 64 47 33 75 80 25 73 97 99 59 92 53 76 29 24 70 38 98 86 70 10 31 107 87 29 91 106 51 88 99 48 29 112 100 7 111 42 75 31 79 94 119 85 101 34 30 91 76 113 75 20
94 29 54 120 34 60 76 114 108 76 89 66 23 101 58 16 66 115 59 47 70 5 92 72 97 56 4 37 86 116 90 87 86 85 62 87 30 31 105 77 97 114 95 82 67 10 71 34 112 29 29 89 39 110 94 92 90 85 115 93 50 96 43 115 38 70 28 92 77 60 32 30 24 12 115 76 38 16 75 109 94 38 83 96 14 98 37 1 82 27 88 103 106 85 92 13 7 75 51 95 40 1 122 54 5 80 15 8 20 117 79 88 81 24 18 63 123 5 75 102 68 42 96 101 40
95 47 32 50 121 99 36 100 20 42 8 30 87 49 122 100 109 37 94 8 41 42 76 2 32 56 30 8 117 104 113 124 45 87 102 13 76 32 91 86 91 55 102 19 21 1 95 37 122 57 82 100 19 20 66 51 78 1 17 113 25 26 58 87 53 9 39 112 63 58 26 69 5 90 22 87 11 87 3 4 51 14 77 86 69 69 37 40 5 31 60 84 91 33 112 92 11 67 27 74 93 38 19 99 46 108 25 56 52 89 50 106 8 86 120 65 104 31 29 72 67 107 108 80 49
96 4 6 40 16 79 38 5 47 68 62 65 8 46 120 83 91 46 3 73 52 112 5 39 120 46 21 32 82 119 12 90 91 94 17 107 51 1 106 108 53 24 3 75 84 2 81 109 36 1 73 12 75 95 80 104 57 13 56 120 6 103 73 69 22 60 9 99 45 3 111 53 23 121 34 93 121 85 5 57 102 120 88 83 57 102 104 98 120 12 93 80 91 97 11 21 45 8 34 46 52 105 118 115 100 105 4 19 46 27 58 114 93 54 109 83 29 94 95 50 20 2 55 98 43
97 90 65 116 57 13 21 88 4 87 114 107 29 48 6 111 74 93 55 6 86 54 84 29 83 3 38 62 97 4 68 63 5 118 82 122 32 91 36 121 81 63 46 26 98 24 60 110 16 45 64 31 113 9 119 94 79 107 99 9 42 32 112 57 33 43 79 52 38 118 72 41 113 116 25 40 2 104 7 124 77 91 46 88 24 83 98 84 40 3 93 28 8 94 2 89 51 47 44 7 116 54 2 124 70 107 103 6 41 75 46 76 38 70 58 117 31 20 70 87 113 85 69 116 19
98 71 121 56 20 81 108 87 31 96 100 37 108 44 109 64 116 34 97 1 88 40 14 29 17 2 86 31 31 33 1 14 84 104 45 89 113 122 67 95 47 24 31 49 71 30 31 63 23 54 42 99 1 110 116 93 81 105 120 70 105 22 118 62 112 50 113 24 21 2 70 65 119 29 9 9 47 33 50 88 88 77 23 15 34 116 102 41 119 30 112 1 97 8 46 47 75 106 94 48 91 13 46 97 81 81 29 30 59 119 58 43 50 117 103 106 72 105 10 119 122 52 124 108 72
99 89 73 7 4 84 84 62 105 29 100 124 118 23 72 43 46 26 50 8 102 94 81 16 68 48 7 11 6 47 110 110 54 90 51 64 19 56 30 75 81 10 16 123 83 106 73 122 103 11 102 9 61 64 48 42 84 4 13 94 115 113 74 87 11 48 70 95 31 7 57 37 28 59 88 24 78 94 122 104 102 116 72 4 83 90 26 14 67 58 116 83 45 58 34 123 42 96 46 85 42 56 27 100 107 14 16 93 92 101 7 105 54 113 8 39 5 94 20 48 79 118 26 74 37
100 93 87 53 57 11 18 54 33 48 78 16 92 119 63 79 71 120 71 43 12 106 5 39 80 103 21 44 92 106 27 38 60 28 118 40 57 78 43 33 14 14 107 107 74 11 4 55 86 53 30 44 106 108 89 27 49 30 86 55 103 65 115 16 44 41 40 88 9 82 80 106 53 121 19 11 105 9 39 48 14 19 31 43 9 85 5 34 85 75 54 29 71 124 121 71 12 67 124 53 2 53 110 80 51 95 106 122 46 74 53 40 17 26 96 65 95 76 98 95 63 29 75 22 87
101 21 70 43 29 17 100 121 34 65 63 19 19 39 56 116 103 99 111 86 4 64 114 24 19 41 62 123 27 32 83 5 15 5 124 108 109 103 112 54 52 76 43 42 71 39 27 79 30 116 90 22 105 67 24 121 105 47 109 101 79 46 47 46 52 64 105 71 66 113 9 65 43 122 11 113 91 115 83 12 10 9 44 60 96 112 90 49 64 45 62 38 44 41 68 2 43 5 22 96 12 10 16 32 56 34 85 15 99 104 62 124 48 25 8 46 15 38 35 98 83 2 115 43 42
102 1 110 50 11 120 86 25 56 37 40 24 73 80 118 4 103 4 84 1 85 2 7 1 11 74 82 48 101 111 25 15 121 49 62 29 14 12 29 76 17 95 83 33 5 117 16 19 79 106 38 93 8 43 85 43 105 71 32 1 81 33 112 17 30 62 39 34 91 111 93 70 55 111 111 9 40 73 6 112 91 23 34 48 95 50 32 23 95 121 25 60 66 65 119 65 46 11 27 108 77 43 106 22 10 121 108 25 111 95 119 31 95 100 44 45 76 25 2 59 55 33 80 74 101
103 37 30 83 70 57 59 60 43 33 110 44 107 71 70 32 112 84 7 91 108 73 28 35 81 49 107 101 101 92 8 34 67 8 49 117 70 97 109 39 1 111 12 6 105 73 27 50 34 123 114 116 13 15 1 100 27 2 123 31 53 64 27 29 2 58 120 79 17 17 90 47 124 98 115 50 41 74 97 95 59 4 44 110 110 3 93 73 94 77 116 20 115 17 36 12 104 112 67 58 23 1 30 32 38 82 73 99 95 12 15 88 17 73 51 109 23 48 80 56 64 61 12 60 72
104 1 87 99 72 95 91 26 76 99 2 70 118 113 92 15 41 74 104 67 94 103 121 9 76 79 122 20 30 17 83 42 92 79 14 85 97 31 22 33 106 61 75 109 90 31 65 96 19 84 115 78 123 28 50 103 93 76 121 84 14 97 93 28 4 37 3 77 116 34 29 90 95 96 61 89 4 89 69 33 96 58 47 117 72 101 109 59 7 34 63 24 121 64 103 37 6 6 115 118 54 45 40 97 9 48 124 12 32 58 8 33 117 98 70 47 23 11 10 30 2 71 102 53 64
105 42 70 47 108 44 120 57 116 51 73 63 33 63 28 66 34 20 78 112 29 12 68 54 19 5 58 61 94 3 7 34 74 12 98 96 7 19 123 121 107 103 81 101 26 58 118 83 47 24 43 99 11 31 23 119 21 124 115 20 62 34 107 76 31 26 90 124 104 7 65 104 46 92 16 22 18 66 94 39 16 121 97 24 90 34 5 81 124 43 50 72 17 7 111 109 110 113 105 42 42 61 112 9 83 111 1 20 87 11 19 99 90 119 61 101 34 34 25 67 53 53 24 10 10
106 75 103 112 115 46 120 2 104 56 100 124 113 18 45 29 25 56 32 26 55 84 96 56 9 117 24 61 88 100 10 103 36 39 44 58 118 49 52 41 11 40 111 5 12 29 15 99 56 52 15 55 117 27 7 45 56 38 118 106 23 83 86 29 37 44 14 110 87 11 35 41 96 17 96 76 32 35 4 81 1 111 39 87 109 78 38 110 62 68 123 18 112 74 67 120 103 81 97 8 75 37 79 4 110 12 60 123 76 113 82 123 54 2 71 6 115 25 48 114 35 93 1 62 14
107 6 53 103 121 88 17 46 68 11 69 3 98 82 93 71 9 123 54 66 83 89 51 62 58 94 13 101 110 101 80 36 7 90 97 82 20 117 65 59 120 73 21 92 100 52 74 32 39 99 45 39 38 21 62 71 51 85 83 24 6 50 108 94 23 102 16 121 24 43 43 7 113 60 12 20 107 21 22 2 124 2 67 82 105 39 94 12 109 108 35 92 27 123 74 9 36 10 119 112 12 93 85 95 53 54 60 113 31 20 53 78 94 10 36 43 8 42 91 102 53 90 105 9 98
108 3 48 85 29 7 90 70 67 85 91 54 18 81 116 115 82 105 124 84 107 53 43 69 9 36 100 74 50 84 41 123 110 56 87 66 124 58 28 74 57 121 1 116 15 37 100 19 111 111 75 112 68 29 107 37 58 89 25 97 115 33 120 63 90 26 86 45 30 53 105 30 78 95 114 110 84 29 30 41 124 7 21 19 12 116 50 34 18 26 62 14 85 22 101 49 68 67 103 106 109 44 86 36 58 115 46 104 63 94 41 9 106 51 25 63 21 120 67 100 117 96 10 117 49
109 12 121 118 124 112 65 94 77 84 4 98 100 3 92 109 33 87 95 44 41 44 70 59 102 39 107 36 45 13 39 75 112 36 97 34 59 70 41 86 34 66 116 17 117 123 85 78 32 26 12 25 117 63 70 124 35 14 110 58 39 8 11 79 124 60 59 44 52 93 61 16 98 28 50 8 110 120 94 96 40 82 93 12 51 81 49 123 119 13 105 95 41 40 51 99 75 94 82 19 112 83 17 105 31 22 70 13 105 76 81 67 112 10 37 5 117 47 16 105 36 34 102 55 36
110 75 85 1 68 44 86 16 41 121 51 16 23 73 87 39 49 111 68 120 12 59 120 75 98 93 14 71 123 89 16 68 111 91 58 36 112 46 67 65 81 74 77 48 54 89 32 76 73 96 29 72 13 57 32 87 27 38 44 116 102 43 58 121 52 30 7 70 109 4 104 40 91 11 101 52 50 11 58 42 79 113 60 38 3 23 65 64 75 35 30 6 32 51 11 30 92 2 30 49 111 109 8 92 58 28 23 37 17 89 44 48 124 40 62 76 70 72 107 38 15 35 19 47 118
111 60 92 60 87 46 73 23 60 110 86 4 41 83 96 89 69 49 67 85 5 114 24 42 87 20 32 9 118 89 124 43 110 40 24 103 55 73 62 16 115 90 34 68 18 101 44 68 104 81 45 73 117 29 104 104 84 48 17 79 93 11 16 26 103 50 91 103 7 56 32 39 11 86 99 56 48 19 87 41 25 86 11 103 53 71 122 62 108 46 76 123 118 88 11 101 54 7 100 65 66 18 92 107 48 115 25 95 1 64 41 103 19 86 88 116 19 108 81 42 85 2 27 7 93
112 53 52 61 117 89 18 11 14 82 52 22 99 119 123 92 86 39 89 45 75 19 116 83 81 15 15 95 37 80 25 52 115 121 35 100 44 8 70 24 105 87 84 65 86 7 35 67 45 117 81 97 112 34 104 101 55 86 23 29 22 121 48 75 58 55 57 60 2 71 88 43 98 75 62 71 21 38 91 52 29 31 112 8 7 4 109 74 47 111 48 122 90 56 86 115 20 116 34 65 86 53 103 14 117 13 86 98 94 12 110 1 110 16 82 62 53 4 43 31 87 120 122 97 46
113 52 16 19 101 2 12 24 62 91 117 19 18 15 11 101 102 93 87 72 52 38 84 118 50 9 61 68 117 2 84 87 28 25 77 5 43 104 56 121 13 59 8 34 37 33 28 5 75 77 17 6 121 78 4 6 59 17 59 61 118 114 35 65 71 1 14 63 110 104 33 88 29 56 88 53 20 70 72 28 10 122 21 75 12 50 38 16 25 62 21 14 91 13 88 92 1 38 73 5 16 9 9 47 45 80 119 74 98 73 86 47 65 83 3 49 79 44 109 9 113 8 82 86 49
114 48 112 29 79 91 105 53 15 123 43 79 82 116 22 69 12 79 79 30 46 60 79 122 50 80 79 29 3 105 37 6 1 95 72 111 73 62 50 109 64 94 5 60 32 103 35 40 43 57 26 24 112 83 118 93 110 49 64 41 42 59 91 1 54 62 86 105 80 6 69 117 71 68 100 111 118 28 105 112 99 67 46 109 28 96 71 28 79 65 90 24 8 35 27 59 49 68 59 91 28 89 114 103 93 3 59 15 58 38 34 1 22 121 33 96 2 38 9 86 3 51 123 47 78
115 11 22 80 64 90 89 1 111 3 96 15 93 112 120 20 76 81 113 79 93 11 52 70 88 113 59 50 14 90 105 51 5 85 44 9 85 3 123 42 8 17 53 58 123 14 15 23 21 120 37 50 92 99 118 110 75 14 108 14 43 69 40 87 58 41 124 33 64 66 81 61 111 92 16 27 102 79 38 35 45 92 30 47 31 99 79 45 54 123 93 62 97 87 108 110 51 10 6 26 124 110 72 107 46 21 38 38 31 59 81 26 118 15 6 115 16 39 97 32 99 35 6 88 77
116 67 121 7 77 69 79 113 98 71 115 45 52 28 122 48 121 94 84 115 35 119 57 81 90 108 97 58 108 88 76 17 20 49 21 93 94 108 48 21 12 9 107 23 28 88 41 20 100 81 26 93 37 12 74 90 95 55 76 113 79 35 87 49 25 54 31 52 25 92 55 4 102 44 90 33 7 64 113 47 57 28 76 98 103 43 71 109 53 8 36 17 50 75 108 118 34 100 58 58 100 117 41 29 21 6 46 71 18 109 17 43 50 56 99 46 58 36 81 60 81 71 123 119 92
117 87 63 32 5 35 46 42 74 112 52 38 74 72 83 93 24 109 3 97 70 88 22 69 52 10 13 101 66 50 17 39 30 63 112 16 11 98 94 13 99 90 91 70 29 25 12 39 112 1 26 35 124 90 121 75 103 44 28 84 66 45 120 84 8 84 17 114 117 53 61 20 19 120 34 114 108 49 42 28 119 48 87 73 66 76 33 120 10 26 67 91 5 36 120 108 66 116 12 36 59 58 106 106 95 17 74 111 32 78 124 110 34 3 27 70 45 32 16 40 46 76 112 15 91
118 87 30 49 34 97 90 112 40 69 21 12 27 28 48 83 116 82 122 113 10 35 57 88 98 71 39 72 23 11 27 20 109 44 63 99 39 38 57 27 29 61 57 11 74 124 28 77 55 81 116 58 3 2 37 7 80 27 102 80 34 103 23 73 48 106 107 70 63 78 112 3 78 33 29 112 76 122 108 50 57 91 117 45 69 35 88 124 113 11 27 64 17 108 39 26 109 17 25 40 51 29 9 66 10 46 1 60 117 8 92 73 8 119 119 26 83 37 119 81 88 60 28 99 79
119 26 45 119 59 101 69 60 38 95 47 110 114 32 37 43 93 100 20 45 18 55 117 122 74 93 114 99 77 35 10 27 92 109 87 119 81 45 90 20 113 98 73 122 117 115 61 122 59 116 61 37 61 28 62 84 95 35 58 45 114 77 49 97 75 121 103 111 57 41 118 18 27 5 83 84 118 83 72 92 60 100 3 11 10 17 65 63 10 64 102 87 79 121 111 20 60 4 104 48 25 121 115 117 19 67 30 46 109 29 124 90 105 15 110 76 9 82 14 95 104 42 109 73 43
120 90 122 75 121 60 49 11 68 23 112 19 22 11 17 75 29 91 29 91 7 81 122 90 97 82 18 81 113 7 90 40 29 67 64 53 61 68 115 71 90 6 15 36 50 124 87 60 47 95 105 24 90 81 114 2 90 10 83 39 87 95 27 25 59 40 68 105 57 37 103 86 77 66 15 61 94 103 51 56 101 71 31 73 110 13 59 107 58 80 100 107 99 82 15 8 36 100 60 37 70 114 18 40 114 59 62 82 27 67 101 54 64 103 43 87 66 46 92 23 28 87 55 79 111
121 4 70 34 5 29 3 84 35 78 99 82 52 116 94 45 88 31 71 105 33 68 49 39 51 43 120 96 80 33 123 54 73 38 7 20 50 23 107 1 70 102 124 40 47 82 114 38 109 88 55 38 59 115 40 94 33 47 92 88 86 51 51 27 18 81 82 18 18 83 19 37 103 1 31 35 124 48 78 85 122 31 57 69 102 22 24 1 118 45 107 30 87 7 16 16 31 66 119 86 36 10 76 82 31 22 78 36 97 30 117 85 105 105 81 31 119 6 57 72 76 6 34 52 68
122 102 72 89 106 51 63 114 9 124 7 14 10 68 17 15 39 119 101 102 67 18 15 21 43 100 97 104 41 76 104 37 122 99 21 21 20 96 99 44 96 89 98 75 10 119 27 74 108 13 76 25 32 66 63 4 124 33 103 105 38 75 82 17 7 106 15 116 62 5 85 21 70 105 124 107 122 116 106 94 46 114 8 119 20 113 24 9 104 122 41 93 73 28 39 48 2 79 94 60 75 47 60 1 74 75 14 6 34 69 96 34 46 99 58 96 1 93 77 122 108 34 123 95 38
123 92 25 1 96 69 11 54 31 10 38 34 72 11 68 104 57 100 35 24 105 29 28 120 10 28 43 44 102 123 69 52 42 74 39 47 20 57 82 89 49 114 66 10 76 88 83 51 7 41 104 14 96 73 21 53 115 58 120 45 111 37 70 95 86 52 81 57 106 111 66 12 19 116 30 62 72 71 78 90 14 60 88 104 96 32 6 103 27 29 102 77 28 35 119 122 82 40 60 23 85 119 122 92 92 27 113 114 82 1 42 8 104 117 57 63 90 96 95 85 83 123 96 19 90
124 64 51 35 36 96 87 101 17 10 33 101 78 107 76 79 25 78 45 40 73 119 53 74 53 18 48 111 91 27 36 19 123 40 40 21 15 64 37 80 86 15 24 107 84 108 53 57 7 7 66 41 72 1 53 120 23 100 56 23 26 14 124 78 27 14 51 106 76 6 42 31 19 30 4 109 113 113 9 1 102 37 45 39 72 39 122 18 84 8 65 29 17 85 37 35 37 60 111 24 23 81 121 107 68 6 22 80 78 26 51 104 9 27 116 53 93 17 87 1 1 6 48 117 66
125 12 74 70 58 85 74 120 38 84 46 71 10 75 65 69 97 73 61 61 111 55 105 108 119 47 32 90 5 112 74 76 11 39 22 2 92 26 30 90 32 53 93 8 120 10 109 78 27 21 23 22 120 28 48 48 106 107 80 118 54 32 49 20 44 53 78 30 25 115 123 6 97 73 113 36 72 78 95 76 58 66 103 94 42 92 122 67 74 54 52 77 62 18 62 91 43 7 92 69 101 107 92 108 40 45 27 117 58 82 96 49 96 62 28 21 29 80 86 60 19 82 124 48 119
126 107 10 3 95 33 60 70 73 48 122 82 115 15 87 111 1 87 19 78 30 81 7 1 57 85 52 34 120 105 104 116 42 15 34 69 26 52 9 13 49 37 10 80 58 79 80 19 111 60 98 45 103 94 2 31 122 67 53 53 96 23 50 38 42 22 32 11 64 37 121 109 18 13 123 78 34 104 65 112 31 35 8 77 123 93 37 109 100 71 28 89 70 123 81 110 95 76 18 73 61 40 82 74 50 69 108 11 100 87 60 23 6 58 18 6 88 8 89 119 58 13 71 53 55
127 75 105 15 72 72 117 57 2 45 97 27 19 83 40 72 35 41 26 104 20 65 107 43 5 37 68 75 44 9 106 75 58 64 43 91 20 18 6 38 85 23 62 47 48 44 74 114 69 3 81 102 50 53 37 113 12 17 54 21 114 69 52 23 111 75 56 28 37 52 95 104 98 82 114 34 19 28 34 19 44 5 86 53 11 50 103 68 49 6 108 118 43 1 120 9 47 44 98 52 78 50 106 118 98 115 65 10 22 93 16 6 33 66 48 119 89 67 28 54 61 9 9 30 29
128 82 76 56 35 34 70 116 23 81 29 42 9 101 114 111 6 34 67 98 94 12 119 42 77 44 4 18 85 54 53 92 47 85 68 43 94 39 36 55 43 21 4 50 52 98 101 112 109 55 8 58 15 28 2 108 114 97 10 4 50 30 70 86 96 119 8 28 1 16 39 49 5 95 103 108 77 40 30 70 23 33 11 70 95 38 118 80 76 23 19 23 63 26 55 94 66 23 103 59 56 66 82 38 87 4 68 118 124 63 74 46 105 3 7 37 10 6 94 115 37 112 124 115 111
129 80 28 123 14 91 25 66 18 68 18 18 48 7 110 116 102 108 87 4 98 70 105 41 90 75 63 18 84 98 27 96 122 92 23 111 74 12 69 91 64 75 45 9 114 97 11 103 65 51 113 83 18 40 87 82 109 30 8 34 79 19 87 47 66 85 123 73 10 22 40 80 23 17 7 112 19 2 100 32 31 95 66 17 31 20 44 43 2 111 17 107 60 114 98 105 42 8 53 82 38 31 37 17 73 15 83 124 47 31 70 67 43 86 35 39 90 101 87 29 26 87 85 58 9
130 27 32 15 13 71 55 38 62 14 17 55 72 99 70 96 53 116 13 7 110 98 60 53 71 22 106 23 27 44 84 11 52 47 95 42 62 62 75 65 102 60 67 17 37 89 23 49 67 106 70 102 110 21 10 59 37 13 97 4 107 111 9 42 12 71 31 64 83 36 8 86 35 102 84 118 94 94 119 62 100 93 26 68 11 18 47 92 68 42 81 24 94 105 19 30 15 69 52 37 120 107 64 72 28 74 57 66 110 55 48 36 58 53 12 81 122 32 65 70 56 13 9 94 68
131 35 118 108 111 15 96 8 116 48 116 53 67 39 52 7 75 27 21 9 69 66 13 83 94 62 98 72 116 37 98 9 22 10 27 43 7 90 6 63 28 45 19 79 43 1 80 104 82 36 97 91 22 52 117 15 2 19 10 13 95 33 20 52 67 10 85 14 85 88 98 122 100 83 53 35 105 95 43 87 32 82 57 69 87 103 55 4 70 118 9 90 56 106 42 105 57 60 104 18 89 48 70 109 25 74 37 93 5 70 42 97 39 5 89 110 121 100 74 105 81 92 103 13 65
132 66 2 22 56 93 7 73 117 93 104 79 117 107 64 75 42 71 70 34 115 35 20 44 7 37 53 48 48 73 1 17 91 58 89 47 73 64 116 93 114 74 74 87 73 10 45 98 113 79 5 113 39 74 113 77 7 9 5 106 69 68 39 21 38 62 16 10 42 34 68 124 74 123 71 120 118 59 84 84 47 98 48 120 100 104 120 94 46 108 80 17 70 67 73 31 78 10 87 54 63 9 50 48 83 3 44 91 10 78 15 15 116 89 62 65 89 78 91 123 115 12 61 10 18
133 5 82 85 108 3 106 90 118 106 44 108 109 92 124 26 111 113 61 11 111 8 41 77 87 90 56 123 93 119 98 4 76 53 62 91 90 114 99 78 68 23 13 77 79 20 119 35 12 109 26 66 77 42 16 117 27 102 27 68 28 56 79 13 75 114 53 61 57 49 3 50 37 42 53 121 64 103 34 24 27 103 57 37 44 46 50 18 3 8 63 118 24 121 38 58 102 22 5 53 41 36 98 112 76 6 65 75 114 60 72 51 120 119 12 70 76 118 46 67 108 55 124 67 52
134 47 63 63 64 118 14 24 124 90 74 18 16 27 100 31 56 10 76 86 117 94 104 13 73 39 61 47 98 92 41 19 19 39 24 63 107 83 4 6 27 23 4 50 85 81 76 60 36 87 55 91 71 1 31 115 112 61 32 105 58 62 124 31 69 60 5 49 105 97 101 107 19 29 43 47 97 90 49 107 53 56 70 104 106 118 64 2 26 119 56 86 64 51 105 39 91 109 45 45 63 37 103 17 11 23 83 94 104 96 6 97 12 49 58 25 120 33 84 37 66 13 105 2 57
135 15 40 105 56 19 20 118 121 26 112 5 96 79 44 118 9 111 117 109 5 21 78 7 28 104 7 25 83 64 22 27 91 39 55 72 58 112 97 116 81 3 28 102 113 17 49 94 29 85 47 26 81 106 68 9 99 21 5 44 55 84 112 5 61 112 58 9 82 101 61 88 29 101 80 39 88 101 28 20 1 72 57 48 8 94 72 70 106 78 93 98 123 82 36 117 51 28 106 87 96 103 88 2 56 123 61 62 86 113 46 101 84 117 108 24 108 40 104 29 74 99 107 57 27
136 73 85 4 65 70 82 103 49 104 28 21 72 108 53 38 123 119 48 115 16 48 120 2 48 102 49 124 93 25 96 96 15 63 23 66 72 11 77 53 77 51 83 20 58 18 8 43 27 65 14 122 72 51 119 75 114 48 105 122 84 49 101 123 72 87 124 73 91 73 30 97 22 101 115 17 121 16 99 49 88 79 123 117 37 39 15 84 19 98 26 45 90 34 15 27 110 88 65 120 82 88 108 111 46 26 15 94 35 94 61 69 98 41 123 97 67 27 120 32 43 45 3 52 110
137 36 118 2 12 50 49 55 11 16 1 25 99 109 21 119 80 47 14 64 20 53 122 94 75 82 54 3 6 108 45 6 25 24 84 102 70 25 109 92 9 67 29 121 12 27 86 76 9 101 107 33 99 36 72 37 47 82 84 104 7 105 26 18 109 97 119 9 118 60 103 58 77 99 42 29 49 31 111 50 63 31 3 4 32 75 52 71 58 76 46 48 49 72 61 122 67 28 58 43 14 24 87 112 48 3 83 70 21 58 29 28 58 18 91 32 75 104 60 26 67 2 85 74 38
138 111 94 25 5 67 121 74 78 124 28 117 99 64 100 18 104 12 11 104 19 19 114 102 31 50 11 73 47 83 79 81 57 78 50 77 35 36 75 72 95 5 8 122 74 24 31 69 58 5 36 83 84 29 116 98 19 108 100 106 19 36 55 79 20 84 58 39 52 84 24 56 24 19 93 55 63 72 79 101 45 24 71 53 74 39 60 105 71 37 59 92 43 47 62 6 78 84 27 100 96 65 123 100 40 44 34 109 4 4 53 26 20 42 102 36 52 3 113 48 106 105 107 33 18
139 24 20 22 14 46 45 4 6 5 57 15 13 17 77 70 95 25 66 47 45 58 97 45 59 6 17 2 83 108 36 86 62 54 42 14 65 108 17 36 114 96 116 19 13 110 101 85 27 49 53 13 53 108 22 59 19 106 11 28 57 50 107 29 19 113 62 16 83 95 33 97 51 81 42 55 112 124 32 43 55 96 99 18 110 20 56 73 53 70 2 23 28 45 56 114 95 99 38 92 99 119 88 29 10 45 104 15 93 89 30 25 60 48 73 8 103 116 28 2 10 64 113 114 75
140 31 26 8 57 84 68 52 22 4 110 4 90 114 110 12 14 33 3 13 33 24 46 118 107 7 21 78 21 66 59 56 53 69 44 90 47 50 76 42 1 20 61 114 106 120 94 2 82 39 100 23 34 104 88 118 57 113 51 97 12 79 98 90 58 63 62 118 71 16 59 15 55 123 47 48 49 57 115 66 107 25 77 122 115 59 77 15 15 63 58 11 113 11 12 103 112 75 56 32 34 49 33 62 2 24 14 60 112 73 41 42 107 4 36 123 58 73 19 120 102 58 46 50 106
141 42 42 82 28 8 32 109 109 124 10 119 36 85 75 51 39 52 6 101 24 76 24 46 83 27 23 75 116 46 124 69 15 108 90 27 61 35 124 42 1 44 26 57 110 58 78 95 56 47 31 54 105 116 113 99 41 55 50 104 5 117 79 18 109 16 30 47 112 111 107 122 98 114 20 55 113 61 52 120 1 94 33 48 55 28 17 47 41 63 116 103 95 20 103 8 11 4 103 83 45 51 47 58 106 23 46 14 20 89 40 118 36 15 3 25 96 89 86 102 112 68 51 61 17
142 109 2 58 95 98 44 34 116 97 88 6 20 36 53 38 97 79 51 22 50 19 113 33 21 103 12 44 27 113 108 88 76 16 87 17 122 85 108 29 78 51 68 104 116 12 58 11 58 73 109 8 119 1 111 20 114 5 48 18 59 73 18 69 34 9 14 34 84 107 11 42 98 38 65 33 115 1 60 112 16 77 78 1 113 61 14 15 6 30 4 22 34 81 100 75 28 36 37 65 71 86 30 120 123 89 57 74 17 122 47 54 120 102 46 102 10 113 111 86 23 31 118 15 104
143 82 57 62 102 70 84 77 103 38 28 42 108 72 27 24 78 104 6 104 120 15 54 24 120 53 46 16 52 64 58 9 57 119 69 121 14 99 15 24 97 107 83 25 66 37 111 18 4 124 10 23 83 94 2 67 22 59 96 77 119 23 81 89 17 89 19 7 5 82 61 61 38 30 86 27 111 34 111 4 124 10 110 46 95 16 84 99 18 53 102 3 12 40 81 22 1 62 104 69 41 100 112 90 48 101 34 114 18 70 63 63 111 110 112 29 65 18 57 93 92 27 107 117 11
144 121 113 47 31 51 26 16 36 92 116 25 49 14 48 28 36 111 6 70 102 78 68 99 85 116 45 98 1 28 52 103 63 72 91 108 37 36 29 20 70 85 116 92 44 22 85 52 18 70 87 106 16 35 72 59 84 61 45 67 91 10 34 112 112 44 110 70 56 17 34 102 8 30 44 2 48 118 73 25 37 42 104 44 40 1 111 121 103 109 93 113 71 71 26 3 62 56 102 69 66 34 10 39 98 6 14 49 20 83 80 8 49 81 52 119 14 72 31 39 60 87 36 73 102
145 74 79 68 108 68 22 81 92 33 16 104 54 41 89 31 46 107 13 81 52 105 7 84 114 56 2 24 7 84 31 88 35 86 113 11 101 114 47 23 52 54 72 7 42 96 32 72 106 84 56 108 42 91 20 119 54 58 19 12 99 4 42 21 70 89 83 55 6 16 46 63 77 114 46 82 24 36 23 80 40 84 45 22 55 66 81 37 59 51 18 81 29 32 97 110 14 43 15 27 68 47 74 81 85 17 73 70 116 86 52 84 109 87 43 85 64 116 103 43 124 31 7 38 13
146 31 61 107 82 73 80 42 11 92 104 78 3 77 68 101 88 10 104 123 99 13 60 45 60 58 87 54 110 99 29 96 84 64 81 101 16 85 109 83 20 105 41 31 99 86 79 123 24 82 42 119 54 16 108 47 107 20 94 35 7 103 110 13 87 74 36 39 57 122 115 74 99 29 8 4 66 69 72 120 10 35 52 116 109 86 95 12 83 20 40 121 56 117 106 98 24 11 39 63 19 7 123 17 116 40 13 81 57 83 30 40 83 65 52 111 27 56 84 70 98 4 33 75 49
147 122 60 63 114 124 105 122 124 65 116 80 81 96 25 28 101 50 37 6 114 118 47 121 12 92 2 84 80 121 109 97 120 60 9 6 115 94 86 15 37 94 101 92 106 52 26 113 51 33 74 100 26 13 45 66 41 33 17 95 85 18 51 58 43 60 105 110 100 8 36 15 82 119 39 12 92 62 30 27 98 48 110 52 25 42 123 55 94 102 49 19 111 3 28 7 118 66 41 12 81 87 123 62 59 78 15 87 85 59 20 30 96 94 98 104 2 5 84 32 82 88 60 104 60
148 44 34 26 4 107 61 47 47 97 28 96 92 3 53 105 97 52 16 42 103 74 95 4 92 2 77 123 123 83 95 83 79 98 9 4 18 92 16 10 114 93 1 91 31 11 10 63 98 3 14 109 31 98 74 122 39 30 88 26 8 37 95 42 13 40 20 79 48 16 48 8 91 81 61 27 66 112 95 20 11 98 15 76 34 7 74 18 57 35 71 122 44 6 30 22 112 46 7 106 6 49 44 44 95 52 99 70 110 119 107 83 105 99 103 24 44 69 37 5 32 41 9 31 8
149 33 59 120 39 71 114 111 17 6 44 65 71 4 115 37 93 109 27 27 119 111 69 94 4 53 51 35 62 89 15 34 33 20 107 47 71 31 78 98 56 56 121 22 10 65 55 3 24 54 117 32 37 86 42 9 10 124 30 103 85 103 98 36 9 55 84 46 38 43 91 52 61 65 13 116 23 41 70 63 66 119 122 35 124 107 44 50 72 77 97 1 81 58 1 96 114 1 71 112 24 104 97 5 105 119 51 55 18 50 39 64 16 8 85 115 51 49 7 19 94 41 16 45 96
150 111 71 32 50 78 39 44 15 83 45 86 94 46 100 44 15 60 96 4 6 2 16 29 113 46 112 44 88 12 105 48 94 82 40 106 8 54 105 25 54 59 2 25 46 89 72 34 76 30 54 94 87 18 116 64 73 76 49 26 107 62 46 106 99 119 31 89 60 17 22 112 103 74 99 26 46 56 23 15 118 27 17 105 113 74 96 108 90 60 9 75 100 7 100 15 14 117 31 5 62 59 107 113 56 6 101 66 63 68 41 61 62 112 40 88 76 59 92 104 103 35 80 59 7
151 57 35 34 19 113 94 109 74 119 82 34 71 96 61 10 106 32 71 87 121 16 108 39 45 67 106 16 91 95 76 17 11 86 48 2 49 22 98 60 67 76 73 96 119 63 103 5 36 116 32 81 76 48 109 112 4 120 31 34 80 67 75 53 78 44 106 43 73 38 5 47 12 51 114 96 8 57 14 79 37 98 37 52 96 122 21 66 86 55 11 8 24 3 55 88 76 102 38 1 87 45 119 2 121 4 35 55 81 102 120 22 61 120 119 119 73 64 62 42 110 72 37 51 98
152 10 14 62 106 124 99 123 82 38 23 66 10 7 23 22 108 70 44 83 94 23 10 80 78 42 19 62 112 56 60 71 85 73 52 22 36 38 56 84 75 54 91 45 8 74 52 124 52 115 19 9 6 40 97 85 19 32 85 99 86 33 84 20 2 118 77 9 26 27 113 80 18 111 45 42 26 3 117 34 15 81 14 50 46 65 21 27 73 119 69 105 29 110 8 18 99 106 99 58 27 85 36 86 5 35 119 58 24 20 37 82 38 119 82 87 6 104 53 43 123 53 64 17 121
153 96 35 50 74 118 101 82 102 11 51 41 39 110 65 88 10 17 5 2 90 36 53 15 6 6 50 63 85 117 106 34 79 113 107 71 25 87 107 46 94 8 83 1 95 96 63 59 2 53 57 81 120 16 13 93 59 83 38 43 27 29 36 15 65 10 96 31 57 120 98 123 60 7 55 33 44 5 40 65 83 99 45 2 110 93 31 42 69 48 72 25 11 51 8 36 68 69 99 44 50 100 83 80 64 109 120 112 5 113 41 38 99 15 39 43 39 78 2 80 112 87 70 17 79
154 72 84 72 112 108 21 108 100 41 31 91 33 106 90 113 11 59 45 58 6 97 24 42 10 96 56 66 108 48 51 3 83 16 42 32 100 118 3 33 34 21 44 4 114 117 6 45 60 18 71 46 92 109 72 82 32 93 110 64 84 46 34 16 21 88 35 65 104 66 73 55 31 101 86 14 101 6 13 12 30 52 110 51 119 51 88 98 35 30 94 106 117 56 79 86 93 70 120 77 107 86 45 6 36 22 50 20 65 6 2 4 66 79 26 38 105 117 16 21 14 20 63 18 117
155 73 17 38 79 39 21 48 86 81 107 53 37 62 114 21 92 32 39 11 51 38 34 4 62 61 62 48 89 80 75 115 80 11 113 117 118 53 100 83 95 85 106 116 122 38 44 48 41 90 117 34 57 109 124 82 46 102 77 57 106 31 15 49 90 14 80 94 104 44 110 53 51 121 119 58 28 71 81 37 66 98 113 103 2 122 56 119 46 16 94 44 74 27 71 72 17 60 112 113 60 27 117 48 28 67 42 102 2 50 92 22 42 111 64 3 75 11 9 15 85 10 17 45 6
156 3 119 75 52 59 69 107 124 70 28 12 59 121 109 27 51 22 40 78 110 64 94 12 115 59 102 42 12 61 86 24 11 89 82 123 50 22 93 16 34 56 56 48 47 86 64 122 94 75 30 45 28 56 8 120 71 54 96 23 43 22 113 100 25 93 117 25 10 78 27 4 95 14 66 21 110 60 21 50 60 58 67 99 30 44 92 31 79 95 29 65 77 12 27 90 112 96 67 44 23 49 85 28 88 26 2 66 54 117 84 38 105 65 77 89 9 37 23 108 4 27 92 11 37
157 63 121 39 103 29 90 105 79 109 21 17 48 87 50 119 80 101 35 28 66 44 92 30 37 3 90 39 86 79 66 43 8 114 96 85 81 36 43 28 28 118 102 7 107 54 8 56 52 85 62 61 84 52 103 99 73 100 107 12 51 83 6 101 67 72 32 35 16 120 102 84 35 122 5 70 84 68 14 90 81 5 124 41 40 92 13 107 50 10 20 99 10 33 51 66 109 31 88 59 120 50 100 10 4 58 18 63 83 56 90 76 41 10 3 9 120 118 54 115 7 124 11 97 36
158 13 59 66 22 61 43 4 51 6 36 42 63 17 40 60 27 23 95 15 13 3 49 13 81 74 42 52 81 72 74 7 54 54 75 57 40 114 51 106 1 107 23 123 123 91 33 4 79 124 94 113 34 43 117 44 32 117 105 81 118 60 83 9 89 118 27 108 80 53 27 66 27 12 118 63 91 120 97 18 56 109 34 122 87 51 78 51 64 59 13 55 17 14 56 48 117 102 98 76 104 104 4 61 67 76 71 7 80 101 124 90 11 45 3 67 102 61 122 80 38 91 30 20 19
159 90 43 26 39 112 23 71 40 34 76 98 87 84 59 103 12 39 47 58 95 2 13 92 67 106 120 4 48 104 110 37 117 35 71 55 50 25 111 124 90 73 14 41 61 78 87 69 85 109 32 95 45 18 70 9 5 41 68 103 4 36 74 39 96 114 35 16 38 34 95 21 76 44 114 115 58 60 53 62 120 37 26 113 22 107 55 122 105 11 98 48 106 69 67 81 111 71 41 76 63 45 96 31 77 22 9 110 72 39 22 19 48 93 119 103 83 73 61 85 54 18 110 59 36
160 100 114 10 101 11 103 67 119 79 64 59 98 5 3 25 122 124 25 17 59 70 90 66 116 95 63 13 61 63 53 81 20 56 108 86 118 6 24 54 78 102 45 26 115 27 110 14 79 25 9 82 89 9 48 114 81 93 91 71 111 74 5 53 61 57 31 79 60 66 123 123 67 91 78 82 77 21 58 31 8 73 100 22 92 18 116 57 98 112 87 90 2 26 83 22 115 46 94 30 14 43 91 62 122 11 110 90 19 22 92 1 61 53 37 1 31 102 5 29 33 80 3 29 75
161 24 2 85 67 100 15 74 102 62 78 92 79 80 65 70 109 123 67 35 79 33 102 121 115 89 115 71 118 79 25 24 84 14 95 10 20 73 108 3 65 103 107 115 112 93 61 39 41 114 38 113 21 120 105 73 82 28 26 83 71 113 30 44 104 40 85 29 3 118 108 62 94 42 52 13 94 22 29 124 111 74 24 69 76 65 40 18 95 40 90 62 40 61 25 90 79 64 17 94 65 99 26 60 39 16 85 1 100 13 67 48 70 44 22 24 114 9 112 108 82 47 102 83 47
162 95 106 4 74 70 110 98 74 93 45 11 86 13 120 63 68 32 59 44 69 65 81 77 107 40 18 88 9 37 119 75 91 74 2 18 39 104 23 3 37 19 48 23 93 117 55 108 22 24 119 30 98 104 51 94 46 4 91 110 19 12 14 108 13 26 100 44 61 58 83 88 92 115 63 100 113 28 122 25 102 57 72 108 51 41 113 116 62 70 112 106 98 23 23 39 100 51 123 9 2 98 24 92 124 110 53 6 82 89 41 77 20 63 97 81 114 34 43 102 67 108 59 64 116
163 121 114 97 89 4 72 38 119 95 54 54 114 58 29 40 56 114 85 31 15 75 78 12 61 121 99 99 3 74 84 59 14 23 92 123 54 102 84 49 38 57 7 4 96 33 53 34 13 61 102 2 1 26 51 45 68 106 87 114 6 18 10 65 44 29 88 45 19 38 62 114 23 56 68 46 68 100 112 5 94 112 102 121 70 81 94 105 70 81 11 84 89 111 33 29 89 82 2 91 40 8 16 88 116 74 95 51 21 96 57 63 90 20 119 24 109 55 57 39 102 3 1 59 17
164 50 38 49 102 47 122 75 97 31 115 39 50 89 80 67 102 30 38 20 76 101 81 59 21 88 124 23 108 1 28 47 56 21 36 10 100 9 99 75 21 2 59 75 49 45 87 104 7 43 76 28 55 41 15 86 120 109 46 7 7 60 67 78 72 82 39 101 6 92 94 75 87 19 55 94 4 118 101 15 20 100 76 56 35 87 105 36 37 104 86 97 22 80 79 94 38 120 94 92 119 46 63 84 87 64 121 67 60 37 104 44 103 110 68 31 62 33 69 2 22 74 2 6 89
165 6 124 24 50 115 50 56 27 17 118 68 122 111 121 62 5 51 120 111 86 45 13 115 118 30 111 70 69 51 58 102 100 28 8 93 50 74 104 8 55 66 81 102 104 101 32 24 63 90 57 7 88 104 1 33 61 50 48 119 50 105 122 43 93 92 44 11 75 74 75 85 84 25 75 104 56 1 7 80 84 67 47 25 12 19 92 41 76 84 96 18 75 71 117 105 81 71 6 83 108 50 60 120 2 44 34 121 103 11 92 66 34 117 33 38 102 30 1 35 75 46 86 68 9
166 116 66 51 42 57 113 94 7 101 9 15 97 44 53 107 76 73 19 62 96 43 51 15 32 88 54 15 69 11 45 101 119 112 43 20 108 70 111 63 49 67 57 33 20 57 124 25 70 90 27 63 56 52 64 37 115 94 106 84 68 45 105 104 111 67 4 103 97 46 46 56 27 81 72 84 111 30 79 12 103 82 22 111 53 1 20 8 99 63 115 70 90 36 89 93 24 57 9 71 7 68 52 48 21 7 16 103 36 108 102 103 82 109 54 60 91 116 77 81 109 3 79 20 69
167 39 110 40 46 93 98 88 60 96 15 31 48 60 84 82 18 89 50 22 93 71 69 59 5 58 104 33 106 73 78 33 67 97 124 36 92 41 63 13 29 77 109 107 85 29 55 41 64 67 84 52 16 39 60 20 106 85 5 110 13 35 65 95 109 36 107 55 60 63 124 90 97 83 68 57 93 7 13 49 13 54 55 17 102 105 50 38 20 34 33 14 57 91 55 105 14 98 41 37 6 6 75 44 68 93 53 65 22 91 25 116 94 57 58 42 30 69 69 77 46 40 49 24 67
168 45 72 87 106 52 13 65 23 56 76 104 56 106 99 62 66 56 95 117 52 47 108 60 45 71 92 62 35 62 46 79 9 78 68 75 80 20 73 58 65 60 37 14 72 7 61 49 78 2 38 15 110 56 11 80 71 115 83 3 68 115 4 71 105 94 56 45 25 118 70 77 94 33 69 97 45 96 113 26 59 53 81 76 123 23 16 70 119 14 47 69 56 103 2 120 108 91 79 25 107 34 117 60 99 76 19 32 118 58 42 51 106 83 31 41 97 115 102 37 2 81 68 97 38
169 62 25 4 43 73 68 46 117 112 41 29 71 49 46 100 49 116 96 113 33 67 119 14 79 101 70 17 5 61 53 83 81 91 44 124 100 69 89 80 104 76 82 113 113 101 20 22 105 67 55 75 53 21 101 37 14 96 93 77 47 79 26 76 54 88 31 94 66 19 121 95 15 7 19 70 107 82 96 91 110 52 29 102 96 59 33 12 77 17 46 121 111 115 112 56 110 84 31 54 47 75 116 15 26 108 24 64 109 44 19 93 15 15 55 33 37 95 43 53 33 68 58 34 48
170 55 11 16 97 83 41 20 119 3 34 97 18 31 83 31 93 64 63 116 76 77 70 109 27 45 87 124 62 117 39 110 86 123 25 50 50 27 53 5 18 22 57 8 109 70 43 80 82 57 50 2 38 23 88 10 109 53 99 106 99 37 115 92 3 99 8 121 117 32 89 63 32 43 7 106 72 40 52 13 60 4 121 58 2 119 16 122 80 118 17 20 109 80 53 106 55 120 96 2 52 100 63 60 44 46 87 85 72 116 70 78 105 67 114 115 100 122 26 42 26 59 87 33 28
171 59 63 88 14 39 52 69 94 77 100 20 25 80 77 20 49 124 53 79 46 117 113 91 18 123 5 94 89 77 4 42 30 108 109 113 100 106 81 37 14 11 93 110 2 58 85 37 75 77 94 88 40 69 17 58 82 31 86 82 120 65 55 67 124 64 58 57 43 54 107 75 105 67 106 102 45 27 94 89 81 122 27 92 124 89 33 97 86 43 102 110 4 65 75 47 3 107 23 47 45 93 77 75 95 64 100 92 64 16 14 20 44 24 6 7 59 34 7 8 47 47 91 68 33
172 85 24 23 88 50 101 68 48 93 19 58 55 27 3 44 30 43 14 124 3 92 39 42 42 113 95 71 52 75 90 116 27 107 9 99 113 87 101 59 96 106 35 91 105 122 44 77 102 58 6 37 43 35 59 24 72 80 116 59 66 23 30 46 77 75 103 92 111 78 13 29 1 93 38 71 94 73 55 25 89 2 112 68 101 64 77 30 91 57 78 91 31 18 89 81 22 82 72 20 102 95 7 49 100 53 67 10 13 103 4 85 115 54 96 29 107 73 61 112 119 72 110 108 43
173 22 97 79 86 64 103 114 3 43 39 2 37 111 74 24 35 57 76 18 11 69 20 102 49 56 58 16 41 20 107 32 7 108 38 52 112 86 72 116 57 22 71 74 33 74 84 73 12 42 108 61 40 35 81 101 120 51 98 119 31 123 38 87 75 104 94 36 12 101 86 71 39 105 88 74 84 69 51 78 124 83 104 113 46 61 114 81 114 50 67 112 88 10 112 20 69 27 94 84 80 21 12 92 99 3 52 91 106 18 66 70 14 114 58 54 79 41 56 96 74 18 109 50 54
174 51 57 31 38 29 40 77 24 78 112 62 101 93 32 73 15 62 39 25 121 115 124 73 74 92 104 16 33 116 74 73 91 13 58 116 86 31 67 63 20 108 112 46 85 5 110 78 77 75 5 88 22 78 116 120 85 50 57 112 92 73 38 79 81 98 45 92 41 118 86 19 65 63 32 83 46 100 7 31 56 74 121 11 40 94 69 3 48 113 63 51 116 73 45 58 10 63 40 80 78 9 111 112 16 27 29 8 5 63 57 4 63 70 78 94 36 93 114 71 82 113 36 103 37
175 76 101 109 121 99 113 98 46 69 71 96 53 11 35 34 50 27 30 123 124 112 85 22 71 34 21 75 111 47 15 65 9 117 8 48 24 27 58 55 98 77 103 13 21 40 6 75 14 41 120 30 75 37 71 49 106 19 97 28 75 119 91 117 115 50 12 34 124 108 80 102 104 72 4 64 104 3 42 124 82 73 66 61 55 63 23 117 92 36 27 89 21 121 69 97 114 98 45 22 87 7 15 15 3 72 23 87 9 29 96 79 117 90 32 41 19 44 71 29 41 64 33 54 104
176 14 37 38 3 49 59 23 118 58 14 51 60 21 36 101 30 108 10 81 6 40 3 25 104 48 5 99 100 8 120 44 105 117 52 83 77 89 28 84 45 29 122 57 117 105 85 95 41 87 77 52 35 90 15 61 92 18 115 105 21 57 122 123 60 70 26 74 28 15 114 97 112 30 18 32 96 86 120 54 72 101 26 58 53 87 111 102 94 20 106 61 8 42 92 120 4 30 106 75 121 90 86 29 53 47 110 108 109 57 57 37 32 99 31 109 70 11 25 70 75 36 44 25 83
177 8 25 121 17 121 6 36 109 105 60 25 26 54 119 12 3 99 61 36 66 30 120 103 111 85 25 29 18 79 70 20 116 124 39 23 39 77 37 76 111 46 117 20 57 72 51 98 8 122 44 57 47 91 23 95 71 107 7 58 3 94 72 116 109 31 2 11 124 85 94 94 55 72 80 50 17 72 38 14 59 8 115 62 55 76 94 105 7 50 53 108 76 11 81 46 84 26 64 1 83 123 7 27 16 117 55 20 32 62 120 55 102 23 20 107 60 8 106 105 17 120 53 66 83
178 89 71 87 120 85 16 87 12 120 49 22 74 62 56 116 43 106 118 57 27 94 98 75 93 22 56 55 21 107 22 38 28 92 78 46 100 82 100 37 20 64 68 49 75 36 78 74 31 65 82 9 21 56 66 31 91 105 15 17 103 36 81 53 61 17 41 83 32 69 123 4 83 102 77 19 24 77 96 53 124 75 85 119 60 107 60 84 11 32 119 112 94 82 14 46 9 65 21 48 57 69 51 89 22 117 36 67 66 80 117 4 83 13 63 61 115 78 10 97 70 63 116 121 120
179 79 22 50 93 98 61 115 101 27 29 123 75 67 84 60 32 36 70 101 33 89 51 102 117 121 25 100 118 85 86 33 21 86 19 44 22 26 21 110 42 18 105 38 3 105 97 73 29 99 109 83 7 93 70 63 115 112 35 86 28 2 85 84 119 31 50 24 67 68 68 17 61 20 54 64 49 111 100 66 117 101 60 55 23 62 13 77 60 39 52 92 21 36 82 60 110 82 43 6 104 120 124 32 13 101 48 51 69 54 1 49 100 40 21 73 57 74 76 89 47 91 48 43 119
180 23 47 85 52 20 31 20 35 120 63 41 18 7 75 108 97 105 122 20 108 93 2 28 98 64 104 92 28 10 72 4 75 85 43 79 6 40 86 65 13 38 58 31 44 43 80 90 109 19 46 83 13 66 41 124 13 92 117 64 69 40 84 90 124 31 70 71 106 2 91 82 72 116 82 80 72 17 9 103 98 62 29 30 89 69 61 69 85 58 5 35 71 31 6 122 50 65 122 61 66 29 85 1 71 74 83 22 49 121 22 78 39 88 58 56 65 123 49 6 84 108 106 57 91
181 120 79 120 71 42 92 101 100 121 61 91 92 68 73 32 79 96 114 114 25 87 3 21 97 95 52 98 76 107 75 24 91 98 86 87 81 3 58 10 83 91 4 85 115 72 54 5 93 111 88 111 34 56 99 27 77 117 95 30 31 113 98 117 45 77 3 2 32 4 48 1 24 103 103 112 91 18 41 38 74 22 63 95 89 101 69 121 4 22 32 29 9 74 82 124 50 31 97 113 89 78 61 37 68 101 55 7 1 38 108 14 74 75 37 92 12 7 32 38 99 22 79 117 94
182 120 81 14 122 42 87 10 57 69 66 36 123 88 107 3 85 102 12 18 36 44 115 101 9 35 35 19 71 95 69 75 37 84 63 18 46 107 96 120 45 90 32 26 24 102 74 87 46 19 58 100 30 24 54 118 124 110 119 68 79 63 99 105 42 105 120 121 2 107 46 47 71 106 49 119 30 44 28 36 53 9 43 95 123 39 88 100 99 105 115 118 91 70 120 20 40 112 122 96 114 37 38 105 100 79 14 123 87 123 24 49 8 9 90 41 70 48 95 67 119 2 90 11 62
183 109 13 3 63 77 56 61 58 16 124 68 30 60 33 78 20 39 49 90 59 23 41 42 117 114 33 8 29 119 114 50 46 14 110 99 110 6 77 110 62 114 25 124 32 66 87 34 58 62 88 30 57 49 42 84 1 17 81 58 95 19 73 9 93 17 96 53 114 50 101 122 38 65 28 57 1 17 6 59 122 113 116 76 124 22 114 1 19 94 124 53 6 109 113 44 48 28 71 5 51 49 88 28 29 16 41 27 18 118 19 72 102 36 46 57 78 79 78 43 4 31 17 17 72
184 100 29 79 65 58 80 94 70 81 12 62 93 118 62 96 94 51 31 69 123 113 94 99 63 47 124 43 14 62 93 58 18 29 120 35 29 74 4 52 123 20 28 63 60 57 41 82 106 12 43 105 15 28 11 11 57 81 101 38 102 40 124 124 52 44 40 87 22 68 24 24 13 7 74 47 63 95 92 95 35 4 80 45 33 71 113 81 123 114 25 16 30 79 31 112 75 50 122 115 116 113 120 35 118 113 84 70 54 2 8 27 8 113 81 83 41 34 57 21 105 79 99 75 47
185 55 24 121 42 61 30 20 112 96 35 72 65 91 7 75 1 38 30 48 34 118 120 39 109 87 44 96 100 95 90 105 41 79 80 46 82 75 6 30 73 70 63 103 5 13 55 111 67 40 34 40 21 63 90 15 99 72 121 106 1 60 24 56 56 79 18 122 34 28 67 8 12 8 90 52 5 102 47 36 97 78 93 116 12 12 119 100 46 90 78 5 74 6 83 9 83 91 5 55 114 17 85 65 90 76 75 18 86 17 49 83 46 18 73 118 101 35 1 39 21 68 83 6 42
186 27 83 94 39 50 9 119 18 50 90 77 113 82 62 68 10 35 108 38 29 109 53 84 21 19 60 25 97 14 75 26 104 74 106 74 90 83 19 59 29 85 2 103 23 5 114 12 27 115 27 107 92 114 112 75 107 91 42 95 45 39 62 103 28 55 11 34 60 17 113 71 64 48 16 121 73 19 87 13 68 61 32 123 106 77 93 2 67 70 118 29 37 37 120 36 42 49 14 119 68 51 49 114 35 34 111 55 23 24 104 38 117 21 42 61 83 15 5 73 115 17 2 122 2
187 32 38 72 37 64 11 4 68 114 12 31 106 95 19 23 14 116 86 123 87 23 33 102 118 70 78 49 66 3 115 70 3 109 122 33 77 90 83 14 100 24 13 107 99 64 73 18 23 52 99 24 103 122 1 65 83 104 74 51 12 6 6 116 112 94 103 110 83 93 112 30 100 40 56 91 93 118 97 20 5 43 110 34 16 44 20 32 100 106 14 44 44 24 48 39 3 52 53 49 57 17 62 73 75 34 97 44 54 121 65 6 67 78 82 49 113 108 118 66 22 33 50 18 66
188 32 71 119 110 21 72 69 49 70 73 112 70 84 19 98 76 109 107 71 54 77 71 121 33 110 76 122 66 11 43 39 55 6 16 55 48 4 58 119 27 31 70 24 58 13 52 79 118 56 45 107 114 86 3 64 10 47 3 78 14 110 120 117 118 5 76 34 19 30 116 10 45 83 122 36 118 36 123 14 118 34 76 17 33 70 78 99 73 76 124 62 21 5 78 15 11 115 68 20 9 109 106 42 103 35 95 85 11 62 94 72 1 87 78 42 91 15 89 67 120 35 89 98 19
189 75 76 74 32 93 42 62 51 113 80 68 19 94 14 41 54 94 95 116 62 47 2 96 115 14 2 81 56 1 71 76 8 44 27 22 91 90 7 96 22 9 51 56 44 9 49 28 107 35 109 110 18 40 118 44 19 83 122 99 107 20 4 108 80 74 3 17 104 11 124 59 58 58 66 87 97 81 98 98 72 104 94 33 96 10 18 12 66 119 98 42 78 117 75 93 92 32 102 18 31 21 47 20 90 17 69 63 70 34 113 95 82 57 116 22 7 73 37 30 110 112 72 109 54
190 116 92 100 37 27 54 89 27 77 33 32 64 92 82 5 89 48 20 100 53 90 84 56 119 119 34 70 16 16 118 76 111 99 106 88 117 59 52 45 48 17 123 16 14 114 98 89 45 64 22 72 67 107 24 12 13 107 63 13 122 80 21 15 33 103 118 17 44 61 104 32 32 75 9 98 75 19 10 67 36 91 34 67 78 49 14 8 12 2 56 63 6 80 27 3 44 15 72 62 91 9 32 66 9 65 97 45 75 56 16 92 43 94 25 85 18 55 4 55 85 44 59 49 74
191 61 62 33 28 117 19 58 92 47 45 73 99 25 123 100 112 31 113 27 121 14 87 36 68 97 114 40 118 117 103 39 62 111 43 30 14 96 15 122 56 13 1 115 64 26 24 70 94 72 47 35 117 61 119 31 36 38 114 44 43 45 87 25 83 100 86 106 36 63 50 55 112 10 115 100 36 59 44 13 111 85 47 12 59 40 111 114 84 15 83 48 25 99 113 21 43 87 23 31 57 67 55 68 12 8 118 32 48 54 15 96 2 82 14 11 28 65 56 90 101 12 120 33 107
192 18 20 114 55 121 20 1 91 62 6 66 75 28 75 3 22 13 65 24 109 77 85 112 72 37 117 22 98 107 52 87 57 107 117 75 64 77 106 67 86 101 123 45 105 122 80 86 87 83 26 2 99 41 95 66 112 99 90 84 115 73 54 71 44 97 116 83 84 12 97 96 57 31 22 43 84 78 71 20 35 5 87 112 81 118 48 121 77 124 26 118 53 18 44 21 25 71 39 66 101 86 2 71 25 78 116 83 32 92 52 51 39 96 111 78 51 58 42 3 93 10 88 10 77
193 14 75 8 36 120 91 118 77 110 48 42 103 28 37 84 48 38 13 8 43 31 52 30 24 88 63 21 31 93 3 37 85 58 79 105 19 16 101 78 107 114 107 57 48 66 118 34 94 60 66 45 72 110 53 27 86 90 58 117 37 30 110 73 54 23 22 82 66 104 40 52 49 9 69 68 53 67 88 112 80 25 26 51 12 18 92 55 120 45 31 105 57 95 119 5 46 33 94 83 45 108 44 44 3 120 5 16 36 21 67 24 106 54 9 60 123 100 7 111 36 1 22 73 18
194 62 4 99 3 119 47 104 1 72 67 121 5 91 117 104 28 35 115 19 109 58 3 27 94 30 49 5 107 121 14 65 16 19 78 113 24 80 7 50 3 76 40 28 25 14 56 78 90 36 39 56 94 10 96 123 32 35 34 69 24 93 91 60 64 51 65 122 49 93 20 58 68 45 88 89 6 74 120 30 78 63 85 59 30 115 37 94 85 69 116 12 63 83 10 122 106 69 15 74 90 105 65 51 16 29 124 103 58 113 65 124 75 27 85 40 47 39 27 73 82 87 38 98 28
195 113 50 107 73 111 53 52 47 62 30 53 4 39 123 75 98 75 5 62 117 93 84 52 70 63 15 51 114 14 94 115 34 70 44 101 60 85 94 77 62 23 73 53 66 13 27 64 112 67 31 63 4 42 84 82 74 44 11 49 103 124 108 93 95 59 72 65 27 26 99 73 109 104 34 114 9 29 27 49 123 38 33 121 2 5 68 124 38 71 18 87 61 111 6 74 1 114 40 62 13 71 3 83 9 115 56 64 119 76 49 37 36 73 78 119 105 54 109 95 122 83 121 110 101
196 109 6 21 100 21 88 59 50 12 106 2 122 38 115 42 112 55 58 115 92 72 81 81 20 113 22 33 27 31 114 10 115 25 15 64 3 40 79 106 40 31 70 26 65 58 5 51 87 39 19 91 19 11 45 48 40 94 95 92 24 24 122 102 64 66 56 9 52 28 105 30 65 92 41 55 59 99 17 90 15 13 103 88 59 114 81 2 42 70 40 114 105 11 24 33 39 114 68 32 18 28 92 116 86 37 80 11 54 87 33 62 92 104 102 12 16 48 38 115 16 26 55 5 123
197 15 68 47 32 92 107 112 68 49 17 65 43 26 83 69 102 93 85 11 84 96 111 53 55 11 40 111 28 1 13 21 35 36 35 42 83 83 72 86 90 74 115 76 10 118 53 57 100 63 90 61 113 71 107 21 15 25 120 57 87 122 3 98 105 78 89 49 25 74 15 49 64 41 93 63 1 59 12 92 41 23 6 103 18 112 26 96 38 48 73 70 66 14 53 70 67 55 92 99 38 114 23 44 15 52 84 55 19 43 79 68 55 72 60 32 42 99 49 45 67 11 17 111 8
198 56 30 77 58 39 27 121 44 51 30 114 58 103 40 71 20 85 69 113 60 114 21 26 56 73 74 10 28 33 36 75 25 28 31 31 64 100 23 105 70 42 91 25 75 86 68 45 61 94 72 104 114 2 90 70 54 91 15 104 99 80 97 57 58 106 94 96 88 102 2 78 110 94 92 102 3 106 22 122 115 116 59 38 19 50 29 62 37 99 12 98 94 73 108 117 96 77 84 53 110 17 113 24 73 123 32 73 32 67 123 52 14 29 21 91 107 34 111 53 32 55 23 84 93
199 34 24 33 85 99 16 80 26 20 48 12 52 102 103 35 91 17 17 52 29 102 61 72 112 26 53 26 47 65 115 2 92 1 20 11 24 30 120 62 61 113 96 77 75 113 54 79 102 68 3 14 14 43 117 107 55 61 100 95 51 53 99 51 83 116 95 11 80 21 26 106 75 5 62 41 5 76 51 58 98 7 54 101 98 102 36 59 47 104 77 44 76 1 25 28 111 34 91 118 13 106 16 36 1 76 22 92 18 118 33 41 80 16 107 98 13 62 28 58 22 96 87 49 34
200 114 107 115 91 34 66 87 7 27 55 91 60 3 88 3 90 8 102 50 105 110 103 41 119 105 62 83 35 43 67 72 119 86 111 3 29 37 117 25 27 85 50 89 45 66 21 120 123 45 114 90 15 98 66 39 46 117 112 41 48 106 114 7 24 119 107 59 63 60 49 111 116 63 32 65 102 84 90 83 96 46 59 86 111 44 34 82 92 78 88 40 102 52 58 37 121 66 40 110 51 67 90 98 29 1 95 106 60 47 16 6 69 49 116 61 86 91 121 20 45 42 65 52 43
201 39 103 117 104 54 35 11 100 101 70 119 5 28 39 66 50 44 17 112 99 11 57 107 110 99 76 18 102 75 13 121 38 52 54 107 59 98 53 6 23 109 93 43 109 56 14 18 103 17 71 36 62 124 2 52 58 12 27 14 36 27 4 93 90 64 33 98 56 26 122 70 62 11 64 115 53 96 124 87 110 14 101 49 115 55 113 19 8 14 60 23 28 5 36 17 17 57 109 30 10 67 69 21 15 19 69 57 70 95 82 24 93 71 49 85 107 98 122 57 9 87 15 90 58
202 17 54 4 94 116 58 9 72 94 82 80 43 106 66 34 114 60 57 15 26 90 123 10 109 106 107 30 34 84 17 120 84 84 15 29 17 66 90 57 29 41 70 48 40 68 95 63 22 34 123 35 71 66 28 45 17 58 24 30 120 50 30 91 88 73 94 71 64 86 58 7 92 100 120 4 18 1 64 89 105 17 1 103 35 87 23 119 80 18 110 61 90 93 88 51 77 80 107 4 56 48 48 30 121 113 50 33 32 55 86 12 62 18 51 12 118 65 5 84 107 86 8 1 86
203 88 101 65 40 51 31 48 108 39 112 124 38 70 114 91 24 104 104 75 123 78 57 12 11 90 56 94 108 26 1 6 61 122 45 94 116 27 123 30 74 39 93 26 89 62 104 106 30 97 19 64 108 27 46 113 93 88 95 56 102 21 53 96 50 24 76 107 87 49 40 86 99 120 39 107 32 97 46 64 61 92 23 58 6 8 15 124 69 91 90 71 115 105 113 106 114 76 46 92 64 30 67 35 93 92 61 72 40 88 122 119 60 113 26 85 53 2 36 18 107 101 120 38 96
204 72 28 100 39 112 1 122 90 103 8 70 86 52 43 40 14 6 7 108 105 36 90 16 4 49 3 52 80 57 43 99 46 97 5 22 45 3 86 40 75 99 12 71 60 60 7 114 51 21 93 54 9 108 117 18 109 116 1 81 9 5 110 58 85 58 15 28 66 21 106 107 39 115 54 54 109 36 121 23 32 67 114 32 2 118 105 6 80 12 8 97 79 28 69 94 51 30 10 14 48 52 93 59 93 60 37 119 118 31 11 102 45 80 46 80 14 75 97 70 64 105 25 31 49
205 4 81 111 6 72 47 78 108 114 15 3 11 24 81 88 47 75 95 37 18 20 112 17 32 51 89 23 35 59 22 27 46 123 68 63 41 89 87 57 115 29 107 78 66 80 87 52 48 60 57 122 33 57 38 82 17 80 1 114 82 116 1 33 56 82 111 104 45 76 65 113 94 17 119 65 115 71 43 67 99 82 23 57 57 73 81 9 83 110 90 27 6 86 68 43 113 119 39 83 33 16 29 10 17 22 83 22 26 26 68 101 89 94 102 25 19 110 21 122 38 119 95 21 83
206 24 86 124 43 109 94 94 6 45 7 103 117 113 118 55 115 62 107 95 7 82 9 123 25 73 75 91 51 33 13 85 113 99 89 101 106 12 38 71 32 47 91 15 23 98 43 43 68 9 82 85 37 16 8 24 32 78 116 101 2 106 5 116 33 110 98 92 44 78 70 81 15 119 99 99 89 60 93 70 71 117 102 9 86 6 65 5 110 50 53 101 27 16 88 124 51 54 92 31 27 18 46 83 115 16 11 51 111 46 54 33 115 5 72 81 63 54 7 36 103 36 104 104 21
207 3 74 85 75 61 34 47 47 21 99 79 94 88 34 5 119 58 50 57 56 16 39 53 89 11 39 40 66 86 63 62 72 97 9 18 71 11 13 13 29 55 20 83 49 6 65 8 42 86 90 62 81 55 56 54 111 94 7 8 84 109 6 67 110 47 89 38 14 94 20 24 10 110 101 99 31 56 111 116 27 13 92 114 36 32 72 69 58 47 37 70 21 63 39 28 29 101 78 36 4 73 62 36 73 12 113 113 3 97 84 62 66 19 27 67 103 19 33 36 49 116 48 66 72
208 29 65 1 70 98 88 12 89 48 4 29 100 39 96 121 91 69 105 72 84 35 44 123 6 20 35 120 124 97 30 71 54 68 1 46 48 57 93 6 91 34 30 69 40 118 94 95 55 39 88 27 42 3 18 64 65 6 84 84 117 119 90 111 63 17 49 123 73 86 80 112 29 124 80 48 113 99 113 8 98 23 3 111 69 65 32 27 80 4 15 68 13 18 102 65 108 102 117 124 63 57 25 75 69 76 87 124 59 96 78 60 84 27 37 106 4 44 123 102 116 84 42 91 51
209 6 61 39 87 27 91 21 33 75 67 84 123 58 48 121 46 72 59 34 123 39 59 15 20 36 12 59 58 90 32 18 123 33 89 50 69 123 121 47 19 49 68 60 107 35 47 97 76 86 54 7 56 67 73 95 94 5 63 105 83 8 92 15 71 35 46 52 84 46 1 15 24 78 17 106 59 9 29 109 8 78 15 51 57 23 61 90 45 35 53 2 59 70 98 28 30 57 57 112 10 14 31 1 68 105 9 70 87 53 76 45 73 28 120 101 90 75 81 53 20 96 36 84 80
210 72 70 7 89 79 52 112 38 47 94 3 67 122 81 76 97 40 13 69 4 64 6 71 16 8 49 25 97 58 36 99 67 101 112 94 74 107 101 115 17 30 30 89 19 17 72 4 26 87 90 83 97 116 71 80 63 43 107 27 75 39 73 54 121 30 82 25 102 24 32 75 84 25 59 104 121 44 54 115 101 30 88 119 35 110 89 50 124 51 5 46 74 69 16 21 10 88 104 54 28 14 61 103 108 119 5 28 54 111 50 10 117 81 119 73 91 1 48 5 94 40 80 108 32
211 100 116 70 70 102 114 114 43 71 77 102 48 5 90 52 66 65 66 80 49 9 101 120 48 88 44 84 28 63 54 83 25 44 120 98 95 7 49 103 124 65 25 48 61 27 61 44 99 15 88 14 53 37 5 96 71 111 25 52 45 91 115 40 75 7 52 1 38 110 90 118 73 71 71 1 12 49 35 112 78 20 68 103 103 52 110 98 72 44 114 55 42 8 28 7 31 13 107 25 67 68 53 26 50 107 58 50 42 105 116 63 123 29 108 60 108 84 5 44 66 108 101 39 110
212 98 69 8 76 56 101 89 75 86 69 87 118 75 107 39 35 124 84 4 4 20 54 85 123 91 22 34 62 89 108 9 105 1 27 91 70 78 108 27 112 101 100 60 30 36 96 74 27 92 111 70 120 62 78 79 74 13 42 118 38 82 9 118 3 97 77 51 79 7 36 12 102 2 87 30 5 108 62 20 117 44 27 32 122 16 109 96 38 10 100 18 63 13 123 28 2 109 16 65 23 101 24 90 59 119 46 67 14 81 49 102 116 77 4 11 58 93 76 114 116 62 124 60 1
213 123 7 72 4 5 46 113 117 99 81 30 67 110 61 73 46 92 34 10 2 83 78 72 94 1 63 117 119 74 8 102 51 34 105 120 48 47 67 74 25 24 33 11 36 84 41 66 124 99 62 47 24 63 89 44 95 50 48 124 22 45 12 51 27 90 58 90 16 9 76 70 110 55 120 70 80 24 124 96 1 34 112 81 116 105 42 47 31 77 22 20 82 61 69 68 114 53 57 104 85 34 65 60 11 55 21 79 15 103 21 114 100 71 109 34 29 80 94 89 81 84 78 92 101
214 120 59 106 21 19 110 57 98 119 50 123 24 71 69 72 120 71 79 86 4 14 70 79 50 98 72 48 79 69 99 39 77 71 51 73 34 74 96 2 74 117 123 90 10 14 111 95 12 53 41 101 33 65 106 30 2 36 22 109 3 4 5 108 90 82 25 50 52 6 39 55 36 51 8 44 88 112 35 27 93 45 29 81 82 31 121 120 14 102 98 18 15 66 71 118 88 31 53 7 5 12 70 37 7 7 73 8 45 27 70 78 123 54 101 110 44 24 63 103 29 93 1 60 6
215 61 68 93 48 79 80 59 39 101 96 122 71 3 74 95 82 99 1 78 12 9 80 75 5 104 112 6 51 124 77 43 87 52 117 117 38 3 107 25 44 116 8 103 78 94 108 119 109 2 5 67 105 78 116 64 33 61 88 48 74 95 11 51 124 72 86 43 29 10 113 67 7 64 28 75 64 2 53 26 86 98 28 74 82 95 99 95 33 86 86 119 10 12 79 30 75 118 119 33 16 83 114 122 50 45 88 31 51 113 90 78 69 35 40 35 39 39 33 51 34 26 18 62 3
216 91 55 73 77 6 76 1 14 88 37 9 7 80 78 65 90 10 25 3 85 25 13 27 40 81 69 101 61 82 82 71 34 50 14 53 111 12 121 100 69 121 119 61 57 29 86 83 68 124 124 85 1 117 89 48 29 24 95 122 64 7 81 75 117 97 91 26 85 37 81 45 124 17 49 81 39 73 4 23 32 104 52 55 76 71 92 76 122 14 10 37 100 62 80 50 100 51 16 27 99 106 24 75 36 49 110 81 33 20 110 48 27 123 120 69 122 91 5 27 79 47 100 52 63
217 83 36 53 91 3 85 43 81 40 104 7 34 22 71 7 113 38 62 107 24 88 10 116 94 38 111 4 54 52 123 9 21 41 9 16 105 45 56 91 56 9 1 46 32 25 113 117 53 103 73 9 104 78 67 90 57 3 97 94 20 72 105 30 40 86 104 97 73 61 47 9 120 65 122 99 92 100 15 51 75 32 1 120 57 55 77 124 65 110 120 124 104 94 3 23 86 3 26 61 90 56 118 103 19 69 34 67 15 34 15 42 91 42 4 54 109 84 18 35 55 77 36 68 73
218 9 45 77 82 17 25 36 111 16 34 114 38 94 86 38 64 71 6 59 123 7 103 5 122 100 99 108 118 117 47 41 85 38 115 84 117 33 59 28 39 73 64 86 107 78 50 82 7 28 121 63 56 68 57 90 69 61 14 35 100 26 95 39 75 42 42 3 98 95 72 97 69 25 79 57 3 37 120 28 14 13 63 10 51 29 29 30 98 37 74 1 57 24 31 16 63 77 17 17 62 49 45 115 1 5 99 14 97 15 90 76 50 44 103 44 36 3 8 121 107 53 106 104 98
219 114 64 119 75 27 51 84 2 110 13 74 123 121 65 70 114 110 92 106 19 2 98 121 37 112 47 2 93 17 98 61 20 89 110 118 122 47 38 50 48 49 3 117 115 58 58 86 67 59 19 9 88 29 42 101 81 55 83 30 89 65 112 83 101 110 93 27 95 67 98 19 79 37 112 117 55 115 89 78 97 91 114 16 93 122 104 106 95 103 99 115 119 74 124 30 80 124 100 13 74 104 15 67 21 68 47 96 24 46 44 113 15 30 55 78 112 98 57 35 107 25 47 34 112
220 36 56 56 26 12 52 56 120 24 95 31 78 34 70 23 56 101 100 47 90 96 62 27 40 89 16 116 1 111 4 47 74 108 108 56 24 96 110 109 90 29 105 48 77 26 1 34 63 94 51 5 6 50 20 83 77 27 13 47 6 45 7 61 32 73 93 17 13 53 1 14 81 104 99 11 10 87 86 83 48 115 91 62 82 100 103 54 8 23 44 17 70 97 29 69 122 9 67 113 66 119 20 119 15 89 104 85 76 61 82 51 59 47 8 22 121 89 17 114 50 70 101 95 123
221 63 116 43 109 6 29 58 107 44 65 42 122 17 55 66 52 33 79 54 105 65 46 23 22 32 111 61 92 119 8 7 102 3 76 8 99 28 10 77 56 49 90 90 48 113 35 58 66 47 106 85 45 117 11 117 36 101 121 33 70 3 11 70 56 71 41 79 109 35 9 27 111 31 51 111 17 83 42 32 84 71 37 2 22 51 27 60 6 37 17 103 28 53 66 2 63 37 17 93 11 59 47 124 31 52 71 6 49 40 52 59 33 63 38 81 123 99 11 111 56 91 74 84 89
222 30 86 84 69 91 13 2 86 43 14 103 79 91 108 25 26 65 86 110 68 108 117 62 3 47 57 58 31 15 99 23 49 5 25 78 68 50 108 119 16 46 92 2 6 22 14 24 56 6 19 80 74 4 103 7 58 1 84 62 54 11 34 12 37 91 86 51 78 109 74 119 114 23 70 90 85 58 103 106 99 82 33 114 88 22 19 109 78 55 95 38 10 20 37 24 119 64 109 58 76 88 26 66 120 102 72 18 22 36 78 23 37 59 121 43 83 120 45 120 102 9 96 58 114
223 23 12 87 121 15 68 56 2 42 17 52 73 97 47 100 3 84 83 120 17 46 10 5 48 71 86 111 55 26 101 88 65 24 70 8 122 105 13 42 26 92 30 8 74 8 44 50 23 24 83 52 116 25 33 91 2 73 62 88 80 24 28 107 4 124 95 13 78 25 123 90 29 60 21 45 94 55 87 48 99 36 102 104 71 85 36 32 16 49 14 61 38 15 36 62 87 121 11 108 113 115 93 53 77 55 31 28 81 28 11 113 102 70 117 57 104 53 14 36 44 113 17 67 88
224 57 7 46 95 106 38 120 106 102 68 45 1 74 51 47 102 48 18 71 113 39 86 65 121 29 2 31 30 89 29 19 41 123 71 59 29 96 104 33 116 33 37 12 89 59 84 17 49 117 80 44 53 24 67 13 73 101 44 70 77 98 30 46 123 13 68 53 64 45 42 28 20 109 16 123 95 70 116 109 102 10 118 18 104 29 92 49 13 7 42 47 30 15 11 92 95 15 10 101 38 6 108 26 7 91 4 70 10 98 4 95 51 38 56 92 33 107 76 21 41 80 14 36 118
225 53 65 47 112 45 107 2 76 37 4 94 1 48 66 4 1 30 111 28 86 83 23 65 105 45 38 102 8 29 91 52 18 20 67 60 7 23 34 35 67 3 8 75 47 119 25 55 115 89 121 66 44 88 77 56 62 28 15 63 48 109 107 27 14 2 99 72 6 114 77 103 80 84 5 79 52 22 11 50 49 40 22 43 96 82 107 101 7 30 79 47 16 56 42 62 41 89 122 86 27 65 73 91 36 67 107 107 118 12 90 31 72 23 80 90 121 112 107 45 110 37 92 89 51
226 3 92 29 70 17 88 117 98 1 4 82 116 16 79 16 105 89 103 117 109 112 38 94 32 32 48 49 88 86 100 116 20 79 90 58 13 106 89 95 41 9 91 121 7 7 20 28 115 111 40 19 90 98 16 19 47 76 70 13 78 30 29 22 97 113 21 84 5 96 50 90 98 9 56 119 74 114 35 51 88 73 14 2 32 84 29 93 92 33 47 49 1 57 29 58 81 95 48 38 1 55 104 7 24 40 34 7 78 97 88 123 62 76 16 39 85 101 18 42 96 101 73 69 13
227 6 42 1 46 32 112 109 50 2 104 96 30 16 12 9 65 92 43 9 58 93 121 79 36 72 71 89 18 4 6 72 120 96 19 28 37 49 3 15 9 50 107 113 2 49 76 89 53 87 109 123 72 72 49 108 69 22 74 115 120 100 66 13 20 94 108 87 1 31 43 94 34 11 99 63 12 24 73 15 124 1 83 9 11 28 112 53 18 76 48 46 104 104 102 60 76 69 55 17 66 78 70 54 110 5 123 103 36 20 87 104 93 88 2 63 101 50 21 66 30 46 91 87 72
228 66 103 22 109 45 42 46 13 121 13 108 12 116 116 34 77 98 107 79 117 122 10 67 31 107 19 40 8 69 124 102 13 43 21 8 92 20 37 117 67 111 43 5 94 61 59 77 18 4 104 8 71 28 61 16 71 122 4 95 80 98 22 18 17 56 58 101 78 43 90 25 43 95 49 110 64 113 94 108 51 118 81 99 107 115 12 6 112 106 53 81 85 88 63 58 1 82 1 34 19 78 15 57 71 24 23 9 117 76 6 63 41 77 73 79 40 97 98 31 120 77 119 91 34
229 3 50 61 77 45 115 118 47 64 122 93 2 14 24 87 72 102 113 2 103 65 33 103 83 53 121 84 76 52 43 109 107 65 81 64 109 75 83 61 76 59 86 52 22 37 94 62 43 21 84 81 27 108 42 22 80 61 60 46 66 41 99 38 43 101 43 7 9 112 104 13 50 50 120 95 75 27 66 79 72 52 55 30 40 60 113 64 8 63 55 51 12 60 54 1 92 93 53 40 123 88 18 82 64 1 38 115 40 41 94 32 52 77 65 95 6 41 21 1 98 25 32 56 103
230 87 106 113 66 9 30 106 57 109 2 17 14 65 25 12 8 58 79 22 122 75 38 95 7 54 100 38 64 5 27 4 11 61 5 1 8 34 87 101 33 118 54 62 8 76 80 53 32 64 86 44 22 78 31 14 78 105 98 106 43 64 93 120 64 56 74 120 58 46 19 66 26 37 82 85 77 58 82 92 2 28 89 15 19 41 47 77 11 91 65 58 99 110 24 59 16 54 16 50 61 94 72 113 117 124 94 60 59 11 50 64 64 9 3 86 93 118 24 4 14 79 85 106 54
231 65 105 7 123 41 57 59 18 99 40 111 65 102 104 109 79 64 112 103 115 114 44 39 15 56 114 19 22 72 86 97 107 45 118 47 49 97 109 10 53 105 56 4 97 27 30 27 5 33 56 35 105 85 110 2 112 122 5 100 27 52 7 92 3 52 11 9 86 83 9 122 4 35 68 62 69 80 57 57 9 36 17 27 63 70 98 15 111 109 114 121 23 32 34 88 68 11 21 36 92 28 118 51 108 113 10 83 34 95 27 121 13 102 69 61 93 46 117 66 71 78 44 75 63
232 64 8 97 81 44 123 65 40 83 95 54 75 1 65 28 9 27 95 94 31 18 22 104 7 84 124 69 66 97 7 37 80 106 54 71 115 2 36 86 49 78 12 59 12 113 81 73 28 76 103 21 80 110 55 112 51 80 117 69 80 71 11 13 64 25 51 74 98 61 33 57 108 29 124 43 104 49 83 44 113 4 18 40 19 77 9 29 28 63 56 53 55 50 111 22 120 89 107 31 84 114 6 7 52 77 66 18 18 19 61 44 79 97 69 103 73 37 71 54 81 16 29 107 98
233 78 19 57 36 8 24 60 37 54 3 80 5 27 69 117 56 96 3 85 106 23 102 89 42 21 94 35 4 81 22 78 101 34 115 70 116 105 83 104 22 60 65 56 106 66 116 92 110 50 92 81 110 13 12 9 119 7 28 72 31 18 94 82 22 50 24 12 66 100 86 78 120 107 104 94 25 68 53 89 103 52 119 54 16 61 10 27 47 64 75 93 15 68 23 98 114 121 39 93 67 46 44 69 2 55 1 31 81 65 42 4 29 109 21 103 72 97 102 49 118 90 87 12 38
234 103 4 101 100 91 50 34 86 50 66 65 55 99 52 120 110 33 69 91 53 113 67 26 100 13 106 58 23 106 63 18 45 100 92 34 106 13 70 68 89 117 88 116 6 40 104 37 83 22 96 69 27 2 88 27 36 123 49 78 29 28 118 78 17 38 55 100 111 23 3 21 105 87 72 68 76 109 67 55 62 30 21 3 100 97 19 51 29 102 84 2 114 48 50 64 74 60 22 41 8 72 47 118 17 39 90 14 25 114 80 99 46 31 14 72 38 113 94 51 42 89 8 62 74
235 88 30 67 98 31 31 80 81 96 96 75 79 120 35 105 117 60 106 59 114 8 67 52 59 109 21 38 106 102 72 88 69 105 17 81 44 11 4 52 46 89 14 53 108 88 6 85 106 113 77 66 39 24 87 88 40 116 79 110 121 42 120 111 81 81 121 122 113 60 10 19 4 23 63 30 4 114 63 65 112 27 1 13 41 48 104 34 77 6 44 100 29 74 77 24 7 110 68 93 87 14 72 26 90 99 61 19 61 87 109 30 64 10 66 12 113 108 102 35 115 106 86 64 94
236 23 14 107 7 38 80 88 60 27 6 51 6 61 15 85 23 63 46 92 116 122 91 123 71 92 108 21 88 94 5 61 25 78 103 83 104 118 115 105 14 72 108 35 50 39 117 108 22 69 18 35 82 7 124 36 56 73 25 18 87 29 31 42 101 104 37 28 107 46 24 117 29 81 24 99 67 102 116 59 55 79 68 70 10 33 88 18 26 24 5 54 112 102 13 100 32 116 84 7 115 115 114 70 116 66 75 16 11 101 118 12 112 32 17 68 12 123 54 102 102 38 30 102 35
237 12 57 25 28 23 124 19 102 54 101 114 68 77 102 104 2 112 102 12 46 111 13 23 26 99 78 37 92 121 54 97 10 82 105 110 84 107 78 2 7 43 67 50 17 46 104 66 8 119 48 22 33 102 101 124 31 115 95 95 68 78 23 63 64 30 26 83 91 41 104 77 43 12 66 56 80 60 57 76 83 103 104 55 29 99 104 10 38 77 83 121 117 70 37 52 33 70 119 32 75 105 60 29 78 34 32 101 23 88 35 12 34 27 46 87 113 30 112 71 53 104 9 47 4
238 22 5 15 19 21 79 46 43 119 41 45 117 66 94 63 109 79 69 58 82 37 29 120 32 32 96 56 89 8 74 107 51 102 34 111 114 109 104 109 87 89 122 38 59 67 3 51 58 4 32 37 28 23 82 15 23 101 101 94 90 32 75 39 46 117 58 33 76 10 69 14 109 10 8 65 60 105 29 18 60 112 112 76 45 38 28 22 69 25 16 118 98 51 51 109 15 17 104 122 93 93 66 104 54 16 19 76 110 82 42 111 120 54 92 74 70 116 83 114 30 82 82 35 64
239 7 8 52 95 95 117 1 111 92 37 110 114 85 109 38 74 84 95 1 121 95 122 28 64 33 123 16 102 12 122 99 27 48 94 45 23 79 122 17 6 54 88 107 54 121 118 62 89 97 118 7 35 102 30 108 103 27 93 30 96 9 64 14 66 52 38 101 59 1 7 109 33 57 47 70 45 65 33 80 64 98 107 105 1 87 36 73 102 120 21 113 61 72 118 39 88 67 14 13 34 53 30 55 3 10 53 33 58 69 44 55 84 37 124 20 107 78 111 108 13 80 88 74 39
240 94 92 17 93 74 84 115 111 91 88 49 76 90 86 40 41 58 73 71 89 20 116 115 120 29 15 119 91 122 59 95 2 4 42 63 67 74 102 67 17 75 39 41 79 50 49 24 23 92 1 6 38 66 115 82 93 13 49 46 103 16 111 46 123 27 69 61 71 62 10 118 106 7 89 39 4 65 23 26 68 76 70 103 96 98 76 123 98 110 29 92 76 98 3 3 93 114 108 72 29 99 74 99 14 107 6 39 2 15 104 67 32 77 123 60 51 105 81 15 105 109 83 117 80
241 28 57 111 41 47 45 33 10 54 107 110 81 91 70 103 14 68 5 75 58 52 91 9 49 89 110 26 62 2 11 9 28 7 70 8 31 101 81 99 77 16 7 57 62 96 55 32 121 26 74 66 14 70 60 90 2 73 6 113 80 3 90 34 11 75 37 105 47 93 78 25 123 98 12 76 10 113 68 7 79 122 10 103 57 28 60 12 100 28 16 1 40 89 14 86 87 60 27 78 44 78 20 59 9 69 99 21 72 63 14 81 119 70 96 111 19 100 15 122 85 35 60 39 55
242 61 117 13 97 21 48 39 19 36 99 121 98 38 118 90 73 13 29 5 74 92 73 79 111 13 70 50 51 1 45 4 3 91 68 71 32 93 32 98 120 78 112 29 70 77 16 41 63 104 13 55 108 61 10 109 34 16 75 50 73 55 24 31 113 2 40 42 72 9 53 57 26 80 26 112 94 11 5 56 28 54 90 74 48 49 64 121 92 100 40 97 107 36 108 89 98 23 116 68 87 98 42 122 106 35 81 120 79 31 101 72 65 20 62 113 104 50 115 66 72 8 61 38 24
243 67 6 102 124 122 67 14 76 118 105 58 115 7 41 97 85 122 58 71 91 89 6 66 116 60 9 30 112 118 71 115 106 78 33 109 92 55 70 124 8 4 120 124 117 92 119 26 90 49 29 61 69 47 89 96 20 104 2 34 70 5 68 15 22 55 75 117 62 92 27 120 90 124 26 110 111 16 46 59 17 104 91 86 74 4 69 9 78 113 113 101 108 84 104 85 31 35 66 77 6 93 33 105 29 65 56 16 50 118 112 46 12 8 96 120 74 106 116 25 61 93 122 38 104
244 114 84 1 19 6 40 124 110 81 54 19 84 96 25 38 18 36 106 97 75 75 37 86 79 31 117 117 96 37 7 34 11 42 71 124 88 91 13 38 81 16 11 94 92 8 97 26 11 10 43 14 122 111 98 68 61 1 52 114 5 44 15 48 97 121 120 43 100 72 49 109 89 111 26 21 72 114 22 113 15 31 73 43 17 87 93 81 9 53 43 101 5 28 25 112 71 45 9 75 76 99 17 43 103 89 64 8 104 108 20 113 89 48 73 118 60 12 117 58 117 90 40 100 33
245 86 93 41 103 2 51 74 71 105 80 55 71 81 50 101 2 101 37 69 85 95 57 79 67 38 7 97 41 12 34 88 112 71 65 8 108 16 99 92 24 3 9 84 29 79 119 73 26 80 55 87 33 53 18 96 75 40 51 103 89 15 40 89 113 66 57 52 74 107 12 14 29 71 73 39 124 78 23 97 93 44 73 16 73 118 36 29 105 10 107 30 118 17 110 113 60 68 91 84 2 31 19 119 79 104 71 80 16 6 115 12 27 47 75 76 16 98 8 16 62 6 63 27 39
246 25 89 25 16 39 5 54 121 118 88 38 47 23 123 64 13 47 96 109 35 84 71 4 112 104 87 51 121 19 70 96 4 46 45 49 58 109 75 47 83 44 114 92 110 33 51 27 62 33 61 16 101 65 6 33 84 33 104 51 8 60 31 11 75 98 30 33 124 53 114 32 55 10 48 75 10 57 39 41 120 114 55 104 5 45 100 101 3 119 75 94 83 99 40 61 2 102 26 60 11 8 75 108 83 123 30 66 17 40 1 39 10 110 73 104 48 14 94 27 99 29 75 23 9
247 15 91 39 4 83 107 1 63 19 89 76 105 20 49 45 91 47 53 27 86 81 123 44 47 120 33 99 97 46 76 82 20 96 111 72 118 114 23 56 74 54 3 122 105 27 51 84 106 83 39 37 31 86 45 26 2 12 37 98 56 106 36 78 45 85 98 61 86 62 107 21 110 28 64 24 85 94 94 84 107 79 110 52 103 47 108 96 27 85 40 64 25 79 102 41 78 50 119 48 117 20 55 21 29 44 20 15 22 57 93 105 109 95 61 77 26 34 52 43 79 103 31 59 88
248 52 8 108 71 57 94 13 26 60 39 44 23 12 74 37 123 108 12 117 55 49 32 121 78 89 62 20 51 5 96 118 15 10 78 113 93 99 46 73 29 97 103 63 95 45 81 11 30 30 83 124 29 33 117 8 86 40 122 114 55 86 106 118 88 17 13 111 93 81 58 68 11 4 87 27 12 68 84 124 36 102 111 12 85 114 71 100 75 72 86 115 4 69 106 114 42 119 35 66 62 13 38 66 50 16 102 14 5 79 30 10 83 123 118 121 98 52 80 87 95 80 41 45 4
249 45 7 93 122 28 51 3 99 6 2 89 3 93 43 86 89 39 67 40 102 97 61 41 120 113 64 99 47 95 15 59 48 89 27 1 48 6 70 1 17 17 103 120 53 123 88 106 118 65 121 28 5 70 110 17 65 16 109 95 53 79 19 104 105 120 62 86 94 18 124 55 8 95 118 2 18 34 108 105 62 20 51 114 16 45 9 62 107 122 117 117 52 59 118 28 78 14 61 15 123 95 19 86 36 58 29 57 97 11 106 106 109 69 60 110 28 114 111 11 94 44 66 124 13
250 9 67 107 94 16 104 74 22 111 19 109 83 59 73 61 50 86 59 2 6 117 114 17 45 53 94 108 75 28 94 120 101 111 12 86 55 55 33 68 59 27 15 42 31 124 108 23 5 23 5 90 113 108 35 31 120 110 114 79 9 108 19 41 100 44 103 27 71 57 73 9 67 47 4 108 40 118 38 55 56 16 103 122 19 107 79 60 85 117 104 18 106 1 15 71 73 13 36 70 32 90 86 57 95 4 90 116 83 18 83 123 53 66 85 94 25 106 99 6 20 27 16 27 74
