50
20 39
11 449
15 106
15 409
13 29
24 205
21 36
4 116
2 223
20 86
8 338
25 175
14 47
8 85
10 425
15 22
18 337
16 306
5 270
6 311
11 206
12 357
10 481
3 116
4 103
7 276
14 161
2 441
23 140
24 70
5 42
5 422
3 121
2 389
17 42
5 160
15 369
16 395
9 341
20 133
22 247
24 422
18 445
17 373
6 365
16 208
15 270
15 321
8 149
15 101
0 10 18 16 12 20 18 12 10 19 9 0 14 16 6 9 12 11 9 5 20 11 14 7 17 13 15 16 17 5 5 5 19 0 15 9 0 12 3 1 0 6 5 9 12 20 4 16 13 12 
10 0 12 15 2 12 6 2 4 15 20 18 0 14 2 9 11 20 20 4 9 14 0 7 11 19 7 14 16 7 5 14 4 15 1 14 1 0 4 8 10 13 7 15 8 18 17 12 18 3 
4 5 0 15 8 1 6 4 19 2 3 14 15 2 8 14 9 1 12 16 16 10 3 13 9 10 18 9 16 5 17 10 12 16 2 5 14 19 10 2 11 6 10 11 2 14 1 20 2 3 
13 3 10 0 15 0 10 15 5 7 12 18 11 8 2 6 19 15 10 4 15 16 10 11 1 15 0 17 20 20 19 7 17 16 20 13 13 14 17 10 8 4 10 11 18 13 2 15 1 14 
10 16 13 2 0 18 14 8 11 16 12 13 0 3 14 2 18 5 13 0 12 16 18 11 7 12 19 19 20 20 13 2 18 16 10 9 4 19 7 7 18 19 6 15 5 20 14 9 0 20 
7 6 5 6 2 0 20 4 18 17 5 20 0 13 10 4 10 10 16 5 14 13 11 3 2 9 12 6 8 8 4 6 12 6 16 16 18 0 10 3 6 14 15 7 3 8 20 20 8 14 
9 19 0 10 9 17 0 20 11 13 9 13 17 6 10 19 4 5 8 20 18 20 10 4 4 12 4 2 4 15 1 0 2 10 12 9 2 11 19 13 17 0 19 1 0 8 20 1 5 18 
2 19 7 0 20 0 15 0 6 10 0 12 17 5 12 11 4 6 2 4 11 6 14 2 12 18 3 2 0 9 20 18 6 17 13 15 2 2 6 2 14 13 5 3 12 18 9 0 6 0 
2 5 20 2 1 12 10 0 0 6 9 13 3 0 20 5 8 16 11 6 10 20 0 16 5 13 11 18 5 13 20 0 20 2 14 1 13 16 8 10 16 10 10 4 8 8 20 2 6 9 
10 5 11 13 11 18 18 12 4 0 3 15 12 11 1 6 20 4 16 10 16 18 13 5 1 7 6 9 20 4 18 0 5 11 19 16 6 17 15 3 20 11 17 7 7 5 20 1 17 1 
1 7 4 19 13 6 11 2 10 1 0 2 10 3 3 11 13 15 13 18 20 3 13 11 20 10 4 3 13 9 11 14 9 3 12 9 13 10 9 11 16 15 0 18 18 10 10 2 7 19 
2 14 5 10 10 13 12 5 15 2 7 0 11 12 9 7 10 2 15 14 7 17 12 1 1 18 8 8 13 19 10 16 17 7 5 3 11 4 19 19 2 5 9 1 11 2 8 14 2 19 
5 9 9 18 14 13 19 13 20 2 5 10 0 10 20 12 5 11 6 0 4 10 5 10 14 5 13 3 0 13 10 5 15 13 14 19 18 8 4 3 6 3 18 12 15 14 8 20 13 4 
6 14 19 5 10 10 5 8 1 3 11 8 13 0 6 4 19 19 1 11 5 0 8 10 2 19 14 12 4 13 7 17 3 13 20 12 17 2 10 7 4 10 16 14 6 15 20 18 0 11 
1 6 0 6 7 20 4 6 14 20 10 8 2 6 0 12 19 4 15 17 9 5 10 3 4 6 17 0 16 5 14 19 14 13 19 6 5 5 11 2 19 11 19 1 14 9 1 15 17 2 
0 4 11 11 20 14 12 8 19 19 20 17 0 14 19 0 3 16 8 15 14 13 15 16 18 20 7 9 6 18 9 5 15 1 7 13 9 18 3 20 15 0 15 0 12 14 5 12 19 3 
20 9 11 3 9 15 15 15 8 13 2 12 10 4 10 7 0 15 17 10 7 13 8 12 10 14 5 5 7 1 2 1 12 5 17 12 12 0 20 19 13 4 5 6 18 9 3 2 14 17 
20 10 15 7 6 6 1 15 2 19 4 18 5 14 16 7 13 0 1 12 17 16 8 9 12 16 7 11 14 4 3 4 10 11 14 8 10 9 17 10 1 18 4 13 15 10 0 0 2 13 
1 5 14 10 14 8 7 10 13 6 8 3 9 0 5 11 7 7 0 14 3 14 5 9 0 19 16 12 0 16 3 12 14 1 3 18 15 10 2 11 11 0 17 5 11 18 11 17 0 11 
14 15 10 16 19 14 17 12 11 15 2 15 6 12 10 5 4 19 9 0 12 17 5 7 4 7 1 14 0 13 4 10 2 20 9 17 11 17 3 3 15 2 9 15 1 14 19 17 11 7 
10 19 10 16 17 14 18 4 9 5 18 2 9 11 2 14 9 20 10 20 0 0 20 6 9 16 17 5 19 5 15 1 5 6 8 0 11 12 1 3 5 9 12 18 5 3 14 6 10 12 
0 2 13 9 14 3 8 9 20 13 11 1 19 1 11 1 18 19 20 20 13 0 4 14 15 11 4 8 15 19 2 0 2 16 6 5 12 20 17 1 0 13 14 7 0 2 1 7 3 12 
10 5 7 1 15 8 3 11 0 11 3 12 5 2 7 2 8 2 8 19 10 5 0 16 17 11 17 5 5 11 16 10 13 19 1 15 13 20 19 14 12 15 0 1 15 8 1 8 19 3 
4 17 16 17 18 3 13 13 15 16 20 5 9 9 5 20 8 3 20 20 0 9 16 0 3 16 12 14 3 15 9 20 0 11 5 4 12 4 1 13 12 0 20 2 17 11 15 20 4 4 
4 0 11 4 0 20 13 14 11 16 16 16 0 10 1 14 20 2 14 8 16 1 17 8 0 9 6 11 12 11 19 8 11 0 13 18 1 0 19 13 9 17 17 17 13 18 10 7 15 6 
4 13 19 12 17 14 17 7 5 9 9 2 4 0 20 1 20 7 0 11 9 5 5 15 14 0 20 14 3 9 8 19 3 1 5 4 0 3 6 1 4 14 15 13 6 16 7 12 17 16 
10 4 11 5 12 1 12 5 20 19 1 0 4 14 3 16 20 6 17 18 10 6 1 9 9 16 0 11 7 2 14 14 7 8 14 10 6 15 16 8 11 5 19 4 20 3 0 4 7 1 
8 5 13 12 19 11 16 8 19 13 12 16 18 8 18 3 10 5 5 19 18 11 5 4 1 19 12 0 13 19 3 3 14 6 0 1 3 17 14 5 20 11 0 4 0 1 2 8 18 20 
3 8 17 2 7 0 5 17 12 14 5 17 18 20 17 20 6 12 8 19 5 5 11 12 10 4 16 8 0 15 3 19 7 14 18 18 18 8 16 13 14 19 10 2 2 9 19 12 12 7 
8 0 4 9 3 19 9 15 6 14 4 4 12 9 11 6 2 4 4 17 11 2 9 14 3 6 16 13 14 0 20 6 18 6 4 6 8 16 5 7 3 5 4 18 8 11 6 2 18 18 
1 18 12 17 13 13 8 1 7 9 13 1 9 2 17 7 9 5 9 2 14 9 17 6 15 5 11 18 17 11 0 14 14 6 11 11 8 2 1 5 0 18 0 8 5 3 18 0 4 4 
1 12 0 6 14 12 11 18 12 1 16 8 10 4 6 15 11 19 15 4 3 12 2 16 7 16 13 20 17 17 15 0 9 2 17 11 16 4 19 6 5 9 14 2 16 2 11 19 1 10 
1 20 20 7 8 15 9 0 2 16 13 10 9 5 2 4 7 2 4 10 14 12 12 5 13 4 9 3 20 15 19 20 0 9 3 8 6 15 9 10 4 15 16 8 14 7 12 16 5 10 
13 9 16 8 12 2 7 10 9 8 14 15 18 11 9 7 12 1 10 3 12 20 18 1 9 2 11 8 6 11 14 1 19 0 13 2 11 5 5 14 0 12 12 14 16 9 17 15 3 20 
18 4 20 11 10 16 7 0 17 3 0 10 14 19 14 13 7 0 17 0 20 19 13 7 19 13 4 9 3 9 7 8 10 7 0 15 1 10 19 12 11 9 2 13 17 13 5 6 3 5 
2 13 10 17 6 16 18 10 11 19 2 0 15 10 13 8 12 4 3 13 14 3 4 7 1 0 17 17 2 19 11 15 10 20 15 0 3 16 7 6 13 8 11 4 1 10 2 9 17 2 
6 8 20 19 15 18 11 13 8 19 20 2 8 13 5 15 14 0 6 20 20 13 11 13 14 17 10 11 4 13 4 13 4 3 15 5 0 17 4 4 5 10 20 2 17 20 11 14 11 12 
0 8 12 12 16 9 3 0 3 4 6 10 3 2 4 19 20 9 16 20 17 7 15 0 13 0 10 14 4 19 8 7 18 0 15 5 16 0 14 14 7 10 7 2 6 7 1 20 1 14 
0 7 10 5 15 6 11 0 19 11 20 9 8 9 6 15 15 14 1 11 14 20 16 17 11 17 8 5 5 7 0 8 1 11 19 6 2 1 0 3 2 3 17 19 6 2 2 1 3 13 
7 3 10 4 11 19 7 13 1 5 10 12 12 20 13 18 15 17 13 13 11 18 17 3 14 8 12 10 1 13 10 0 8 7 7 11 17 17 14 0 8 11 17 6 9 8 19 16 15 10 
3 7 2 7 17 6 2 14 9 3 11 5 9 7 3 6 14 15 9 7 11 18 5 8 7 10 3 18 0 17 4 3 11 20 5 18 13 7 0 5 0 14 12 8 11 4 14 1 10 13 
3 15 3 8 19 12 6 15 14 20 2 11 11 17 20 20 10 13 5 0 15 12 19 7 16 10 9 1 20 15 17 13 8 20 3 1 13 10 19 5 19 0 13 1 3 6 18 0 10 12 
4 11 20 2 5 15 3 18 20 10 11 4 13 0 0 17 9 11 8 1 15 12 13 8 7 15 20 11 5 11 17 4 13 4 19 12 11 17 2 10 15 14 0 20 7 5 13 8 6 12 
0 10 7 4 0 20 20 7 7 15 7 5 5 12 20 4 7 8 5 2 14 10 6 20 8 1 0 5 3 20 2 8 4 9 6 6 0 9 15 4 0 2 16 0 17 14 14 3 11 15 
3 18 16 19 16 2 12 1 5 16 13 12 18 2 17 2 2 1 8 5 17 15 0 1 3 9 0 7 18 17 6 8 8 15 5 19 19 20 16 5 3 18 9 2 0 4 16 13 16 13 
14 0 13 13 2 18 18 19 10 9 14 14 0 17 4 17 0 7 12 19 17 5 5 10 5 2 6 7 6 7 10 10 14 19 3 18 13 18 17 0 11 3 12 18 11 0 7 5 4 7 
14 2 17 18 13 15 0 7 14 18 15 7 4 20 2 20 14 9 19 6 5 0 13 8 6 3 8 2 6 6 20 0 18 17 6 11 15 4 11 16 8 17 6 19 4 11 0 6 20 0 
11 5 2 3 10 13 9 6 15 4 10 17 19 4 10 15 3 8 9 5 9 20 16 3 2 13 7 15 7 16 19 7 11 20 2 9 9 8 3 9 20 6 18 11 5 14 15 0 1 19 
14 3 2 13 15 17 20 1 1 16 6 2 13 10 1 13 11 1 16 8 17 6 18 9 7 8 16 15 13 12 19 3 1 3 2 13 16 1 11 5 17 13 5 11 3 8 6 0 0 12 
2 20 4 11 10 20 3 0 17 0 13 0 2 12 18 11 12 4 20 13 9 12 1 19 20 1 7 20 19 12 7 16 7 18 4 9 5 12 0 0 17 7 10 2 0 9 1 1 3 0 
