150
1 344
2 260
3 2
3 255
5 163
1 376
2 253
1 256
2 179
4 173
5 38
1 372
1 225
5 45
2 226
4 112
2 127
3 39
3 174
2 118
4 288
5 144
1 122
2 366
1 308
2 270
4 154
1 49
1 81
2 369
2 215
1 132
1 213
3 242
1 91
2 71
4 36
4 52
2 321
3 194
5 366
1 202
3 98
1 353
3 49
4 289
4 305
4 61
3 227
2 70
6 32
6 203
9 48
6 376
8 165
7 55
6 72
9 62
8 2
8 44
8 257
8 207
7 318
7 355
6 258
7 196
6 45
10 241
7 126
6 328
7 103
6 253
6 10
7 8
7 19
10 246
6 68
9 312
7 149
7 313
10 22
6 306
6 58
9 36
10 258
10 61
9 116
9 301
9 376
8 140
6 111
9 47
10 141
8 318
8 25
8 186
7 294
6 91
10 245
6 49
12 285
12 130
14 170
19 140
18 298
18 2
12 39
20 367
12 23
19 5
13 276
15 76
16 133
18 17
20 201
13 21
14 282
13 152
17 320
15 91
15 91
12 88
15 11
19 8
11 365
16 27
12 262
12 339
16 198
16 353
17 57
14 6
13 153
11 122
11 329
15 309
19 318
14 14
16 74
16 178
12 62
16 187
20 332
15 298
11 6
13 232
18 42
14 19
11 15
19 206
3 3 3 2 1 1 2 2 2 1 3 2 1 2 1 3 3 2 1 2 3 1 2 3 3 1 1 2 3 2 3 2 2 1 1 1 1 2 3 1 1 2 2 1 2 2 2 2 2 2 3 6 6 5 6 4 5 5 4 6 5 6 4 6 6 5 6 5 6 4 5 5 4 5 5 4 5 6 5 5 4 4 6 6 4 6 5 4 6 4 4 5 6 4 6 4 4 5 5 4 6 9 8 10 9 9 7 10 9 7 10 8 10 10 8 8 9 9 7 8 8 9 9 10 9 9 8 10 10 7 7 8 8 10 9 8 10 9 10 10 10 8 7 10 7 10 10 9 7 8
3 3 1 2 2 3 2 1 2 3 1 2 3 1 3 1 3 2 1 3 3 3 3 3 3 1 2 2 1 3 2 1 3 2 3 3 2 1 3 1 1 2 1 1 1 1 2 1 1 2 2 2 4 4 5 5 6 4 4 6 6 6 5 4 4 4 5 5 6 4 5 4 6 6 6 5 6 4 4 4 4 5 5 5 4 4 6 5 6 5 5 5 6 6 6 6 6 5 5 4 5 5 9 9 8 8 10 10 9 7 9 9 7 10 8 10 9 7 10 8 9 9 9 8 9 8 10 10 8 7 7 9 7 10 10 7 10 8 8 9 7 10 7 7 8 7 9 8 10 10
3 2 2 3 1 1 1 3 3 1 2 3 3 2 2 3 1 3 3 1 2 3 2 1 2 3 3 3 3 1 2 2 3 2 1 2 1 1 1 2 3 3 1 1 1 2 3 1 1 1 1 1 3 6 4 4 6 6 4 6 5 4 6 5 5 5 6 4 4 6 6 4 6 5 4 4 6 6 4 6 6 5 5 6 5 5 6 5 5 5 4 5 4 6 4 5 4 6 4 5 6 6 6 9 9 8 8 10 8 7 9 9 7 9 9 8 8 10 7 10 9 9 7 9 8 7 8 10 10 10 10 10 7 10 10 9 7 9 10 8 7 10 10 8 8 8 7 9 9 9
2 2 1 2 1 3 3 3 3 3 3 1 3 3 2 3 3 3 1 1 3 1 2 1 3 2 1 2 3 1 3 3 1 1 1 3 1 1 3 2 3 1 3 1 1 1 2 3 2 1 1 2 1 3 5 5 6 5 5 5 6 6 6 4 5 6 6 5 5 5 4 4 6 6 5 5 6 6 4 4 6 4 6 5 5 5 6 5 6 5 4 6 5 5 5 6 4 5 4 4 6 4 5 4 10 10 7 10 8 8 10 7 10 7 9 8 10 10 7 8 10 9 10 9 7 10 7 9 9 10 10 7 7 8 7 7 10 9 10 10 8 10 7 7 10 10 8 9 9 10
3 3 3 1 2 2 1 2 3 2 3 2 1 2 2 1 2 1 3 2 1 3 3 2 3 2 2 2 1 1 1 2 1 1 1 2 2 2 1 3 1 3 3 1 3 3 3 1 2 2 2 3 3 1 3 5 5 5 5 6 4 5 5 5 5 5 4 6 5 5 4 5 5 6 5 4 6 5 6 6 6 5 5 5 6 5 5 4 5 6 4 4 4 6 4 5 4 6 4 4 6 4 4 6 6 9 10 8 9 8 8 10 8 10 8 9 10 7 7 8 8 8 9 8 10 9 8 7 9 10 8 8 8 7 9 8 10 8 8 7 8 9 9 10 7 8 9 7 9 8
3 2 1 3 2 1 3 3 2 2 3 1 2 2 2 3 3 1 1 3 2 1 3 3 2 3 1 1 3 1 1 1 2 1 1 3 1 2 1 1 3 2 1 1 3 3 3 1 2 1 3 2 3 1 2 3 6 6 5 5 6 6 5 4 4 5 4 4 6 6 6 5 5 6 6 5 4 5 6 4 6 6 4 5 5 5 4 6 5 5 5 4 5 5 4 6 5 4 6 4 5 4 4 5 5 4 8 9 10 9 10 9 10 8 10 10 10 9 10 9 10 7 9 7 7 8 8 7 7 7 8 8 10 7 9 7 10 10 10 9 9 8 10 8 7 9 10 9 8 7
2 1 3 3 1 2 1 1 2 1 1 2 2 2 3 2 3 2 1 2 2 3 1 1 3 2 2 2 1 3 2 3 3 2 2 2 2 2 1 3 1 3 3 1 2 2 2 3 1 3 1 2 1 3 2 2 3 4 4 5 5 5 6 5 4 5 6 5 6 6 5 6 6 4 5 6 5 6 4 6 6 4 6 4 6 4 4 4 5 4 4 6 6 4 5 5 4 6 5 5 6 6 6 6 5 5 5 7 9 7 8 10 8 7 7 8 8 8 8 10 9 8 10 7 7 7 8 9 9 10 8 7 8 8 10 8 8 8 10 8 8 8 8 10 8 10 9 8 7 10
3 1 2 3 2 3 1 2 2 2 2 1 3 2 2 2 3 3 1 1 2 2 2 3 2 3 2 1 1 1 2 2 3 1 2 3 1 1 3 3 1 1 2 2 3 1 1 3 1 1 3 3 2 2 1 1 3 3 5 4 5 5 6 4 4 6 4 4 5 5 4 4 5 5 5 5 4 5 6 4 5 4 5 5 4 4 4 4 4 5 4 4 5 6 4 4 6 6 4 4 6 6 6 5 6 4 6 6 8 7 7 9 7 7 7 9 9 8 7 8 7 8 9 10 8 7 8 8 9 10 8 7 10 7 10 8 7 10 8 8 8 10 10 7 8 8 10 9 10 7
3 1 2 2 3 3 2 3 2 3 3 1 2 1 2 3 1 1 3 3 2 2 2 1 1 2 2 3 2 2 2 1 2 2 1 3 3 3 2 2 3 2 3 2 2 1 3 2 3 1 1 1 1 2 1 1 2 2 3 5 5 5 6 5 4 5 5 4 5 6 6 5 6 5 6 4 6 5 6 5 4 5 6 6 4 6 5 4 4 4 5 6 5 5 5 5 4 5 5 4 5 6 5 6 6 4 6 4 5 8 10 8 9 7 8 9 7 9 10 9 8 8 10 10 8 10 7 9 9 10 7 8 10 9 7 7 8 7 7 8 9 9 8 7 8 8 10 9 8 10
2 3 2 3 3 2 3 3 3 1 3 2 2 2 1 3 3 3 3 3 1 3 3 2 3 3 3 3 1 3 2 1 2 2 1 1 1 3 2 1 2 2 1 2 3 3 2 1 1 1 3 1 3 1 1 3 1 1 3 2 4 6 6 6 6 4 6 5 5 6 4 4 5 5 4 4 5 5 4 6 6 6 5 6 6 6 6 4 5 6 6 4 5 4 5 5 4 5 6 4 6 4 6 5 5 4 4 6 4 6 9 8 7 10 8 8 8 7 9 7 9 9 8 8 8 10 7 8 9 8 9 8 10 10 7 9 10 8 10 10 9 10 8 7 7 9 7 7 10 10
3 3 3 1 2 1 3 3 2 1 3 2 1 1 3 3 2 1 3 3 3 1 1 3 2 2 1 1 3 3 2 2 1 2 1 2 1 2 3 3 3 1 2 2 1 2 1 1 1 2 1 3 2 1 3 1 2 2 3 2 2 5 5 5 4 5 4 4 5 6 5 6 6 6 6 4 6 4 6 4 4 5 5 5 4 6 4 5 5 4 5 6 5 4 5 5 6 4 4 5 4 6 5 4 4 6 5 5 6 4 5 9 9 7 7 7 7 10 9 8 10 9 9 7 9 7 10 9 10 10 10 7 8 8 8 8 10 7 7 8 7 9 10 7 8 8 10 9 7 8
3 1 1 1 3 2 3 3 2 3 2 2 2 2 1 2 2 3 3 2 1 1 1 1 3 2 2 1 1 1 2 1 2 1 2 3 2 1 1 1 3 3 2 2 3 2 3 1 1 1 3 3 1 3 3 1 1 1 1 2 1 2 5 5 6 4 6 5 6 5 5 6 5 5 5 5 5 5 5 5 4 6 6 4 5 5 4 5 5 5 5 6 5 5 4 4 4 6 5 6 6 4 4 5 4 4 6 5 5 5 5 6 10 10 9 10 10 10 10 7 8 9 10 8 9 10 9 9 9 10 8 9 9 8 9 9 7 10 7 7 9 7 8 9 10 10 7 7 7 10
3 3 2 2 1 2 3 1 3 1 1 1 2 1 3 1 1 3 2 2 2 2 2 1 1 2 3 2 1 2 3 2 1 2 2 3 1 1 3 2 1 1 1 1 3 2 1 1 3 2 2 2 1 3 2 3 3 2 1 1 2 3 2 5 5 6 5 5 5 5 4 4 5 6 6 5 5 6 5 5 5 4 6 6 5 4 5 4 4 5 6 4 5 5 5 6 5 6 5 6 5 5 6 6 6 6 4 4 6 4 6 5 4 7 7 9 9 10 8 9 7 9 7 9 8 9 7 9 10 7 7 10 8 9 9 8 9 10 7 8 8 8 9 9 7 8 9 8 7 8
1 2 1 3 2 3 1 1 3 1 1 1 1 2 2 2 1 3 1 2 3 2 3 3 3 2 3 1 1 1 3 1 2 2 1 3 1 2 2 3 3 3 1 3 2 3 3 1 2 3 3 3 2 3 1 2 1 1 2 3 1 1 3 3 6 6 5 6 4 4 4 6 5 6 5 4 5 4 6 6 4 5 6 6 6 6 6 5 5 5 6 6 4 6 5 4 4 4 5 4 4 5 6 6 4 6 6 5 6 5 5 4 6 6 10 9 8 8 8 9 8 7 9 9 7 9 8 10 8 7 10 7 8 9 8 7 7 9 9 8 7 8 7 9 10 7 9 9 9 7
2 2 3 2 2 2 1 2 2 2 2 2 2 2 1 2 2 1 3 3 1 2 2 2 3 1 1 3 3 3 2 1 3 1 2 3 1 2 1 3 1 2 2 2 1 2 2 1 2 3 1 3 1 1 2 1 3 1 3 3 1 1 3 2 2 6 5 5 5 5 5 4 5 6 5 4 6 4 6 6 6 5 4 5 5 6 6 4 6 4 4 6 5 5 6 5 4 6 6 5 4 6 5 4 6 5 6 6 5 5 6 6 4 4 5 9 8 8 7 9 8 7 10 9 8 9 8 7 7 8 10 8 10 7 7 10 7 8 10 9 7 7 9 10 7 8 8 10 7 9
1 2 3 2 1 1 1 1 1 3 1 1 1 2 1 2 2 2 3 1 3 1 2 3 3 1 2 2 1 3 3 3 3 2 2 3 1 2 3 1 3 1 3 1 1 2 1 1 1 2 3 2 2 1 3 3 3 1 1 2 2 1 1 2 1 1 6 5 4 6 5 6 4 6 6 6 6 6 6 4 5 6 4 5 4 6 6 4 4 5 4 5 6 6 5 6 5 4 4 4 6 4 4 4 4 5 6 5 4 4 6 4 6 5 5 5 7 9 7 9 8 10 7 8 8 7 8 7 8 10 8 7 7 7 8 9 10 9 7 10 10 10 9 10 9 8 9 7 10 7
1 1 1 2 3 3 1 1 2 2 1 2 1 3 1 3 3 3 1 3 3 1 1 3 1 1 3 1 1 1 3 3 2 3 2 1 3 3 2 2 2 1 1 2 1 3 1 3 3 3 1 1 2 3 3 3 3 2 3 2 1 3 1 1 2 2 2 4 4 5 4 6 5 6 4 6 6 6 6 4 4 5 5 5 4 4 4 6 6 4 6 6 6 6 6 6 4 4 6 6 6 6 6 6 5 5 6 4 6 4 5 6 5 6 5 4 4 10 8 9 10 10 7 7 10 8 7 8 10 7 7 7 10 7 8 8 9 9 8 10 8 9 8 10 8 7 10 9 8 8
1 3 1 2 2 3 1 3 2 1 1 1 2 2 1 2 1 1 1 1 2 2 3 1 3 2 3 2 1 3 3 3 3 3 1 2 2 3 3 1 3 1 1 3 1 1 1 2 3 3 3 3 2 3 1 3 2 2 2 1 1 2 1 3 1 1 3 3 4 4 5 6 5 5 6 6 5 6 5 5 6 4 5 4 6 5 6 4 5 6 6 6 6 4 5 5 6 5 4 4 6 6 6 5 6 4 4 5 4 5 4 4 6 6 5 6 6 5 9 8 10 7 8 8 8 8 8 7 8 8 9 7 8 9 9 10 10 7 7 9 10 8 8 10 9 8 7 9 7 7
3 2 1 1 1 2 2 3 3 3 1 1 1 3 3 3 1 3 1 3 1 3 1 3 3 3 2 2 2 3 2 1 1 3 2 3 2 2 1 3 3 2 2 1 2 3 2 1 3 3 2 3 1 1 2 2 1 2 3 1 2 3 1 2 3 2 2 1 3 5 4 5 6 5 5 6 4 4 5 5 4 6 5 5 5 6 4 4 5 6 4 4 5 6 5 4 6 6 5 4 5 6 4 4 5 6 5 4 5 5 5 6 5 4 4 6 6 4 4 9 7 9 9 8 10 8 10 8 10 7 8 10 9 8 9 10 7 8 8 10 8 9 7 10 10 9 8 7 7 9
1 2 2 2 1 1 1 1 3 2 2 3 2 3 3 3 1 1 2 3 1 2 1 2 3 1 1 2 3 3 1 3 1 2 3 3 2 2 2 3 1 3 1 3 3 1 3 1 1 3 2 3 1 1 2 2 3 2 2 1 3 3 3 2 2 3 1 3 3 2 6 4 6 5 4 4 4 6 4 5 5 4 4 4 4 4 5 6 5 4 4 4 4 4 6 4 4 4 5 4 4 6 6 4 4 4 5 4 5 6 5 4 5 6 6 6 5 4 6 4 10 7 9 7 8 8 7 8 8 10 10 8 9 9 7 9 8 8 7 8 8 9 9 7 9 10 8 8 10 7
3 1 3 3 3 3 2 1 2 2 3 3 1 1 2 2 2 1 3 1 2 1 2 1 2 3 2 2 3 2 3 3 2 2 1 3 1 1 1 3 2 1 1 3 3 2 1 2 2 3 3 2 3 1 1 1 3 3 1 2 2 3 2 3 1 1 2 2 2 3 2 5 5 6 5 4 6 5 4 5 4 6 6 5 6 6 6 6 6 6 5 6 6 4 4 4 6 5 6 4 5 6 6 5 4 4 6 6 6 6 6 5 4 5 4 5 6 5 6 6 4 9 10 7 10 9 9 7 9 9 10 8 7 7 9 7 8 7 8 8 10 9 8 7 8 10 7 10 8 9
3 1 1 2 3 3 3 3 2 1 2 3 1 1 2 2 2 3 2 1 1 1 1 2 1 1 3 1 2 2 2 3 1 2 3 2 3 3 3 1 3 1 2 1 3 1 1 2 2 1 2 2 1 2 1 1 3 3 2 1 2 2 1 1 1 3 3 2 3 1 2 3 6 5 6 4 6 6 5 6 4 6 5 4 4 5 4 6 6 4 6 6 6 5 6 5 4 6 6 4 6 5 6 4 5 6 6 6 6 4 4 6 4 6 4 4 4 6 5 4 4 6 7 7 9 9 8 10 8 10 8 9 9 9 9 7 9 9 8 10 7 9 10 9 10 8 7 10 9 9
3 3 3 3 3 3 3 2 1 2 2 1 2 3 2 2 1 1 1 1 1 3 1 1 1 1 2 3 1 2 3 3 3 2 1 3 2 2 2 1 3 3 2 2 2 1 2 2 3 1 1 1 1 3 1 2 1 1 3 3 3 3 3 1 2 3 2 2 2 2 2 3 1 6 4 5 5 5 5 6 6 4 4 6 6 4 5 4 5 4 6 6 5 5 5 6 6 5 5 4 6 4 5 6 4 4 4 6 5 5 6 6 5 6 6 5 5 6 4 5 4 6 4 8 7 9 7 8 9 9 8 8 7 10 10 10 9 9 8 7 10 10 9 9 7 10 8 10 8 8
3 1 3 2 2 3 3 1 3 1 3 1 3 2 3 3 3 2 3 1 2 1 2 1 2 3 1 1 2 3 2 1 3 1 1 2 3 1 3 2 1 1 1 1 3 3 2 2 3 2 3 1 2 1 2 3 1 3 1 3 1 1 1 3 3 3 3 3 1 1 1 3 3 3 4 4 4 6 6 4 6 5 5 4 4 6 5 6 4 4 5 6 5 5 5 4 6 4 5 5 4 4 4 5 6 5 5 6 4 5 6 4 5 6 4 6 4 6 4 5 6 6 5 5 9 8 7 9 10 7 7 9 8 9 7 9 7 7 10 8 8 9 10 10 9 7 8 10 10 7
1 2 3 1 3 3 1 1 2 2 3 3 1 2 2 1 3 3 3 3 1 1 3 3 1 2 2 3 2 2 1 3 2 3 1 3 1 1 1 2 2 1 1 1 1 1 2 2 2 3 2 3 1 1 3 1 3 1 2 1 3 2 3 2 1 2 3 2 1 2 1 2 2 1 3 4 6 5 4 5 6 5 4 4 5 6 6 6 6 4 4 6 6 5 5 4 5 5 4 5 4 4 5 6 4 5 4 6 4 4 6 6 5 4 5 5 6 5 5 4 4 6 4 5 4 10 8 9 9 8 9 7 8 8 7 7 10 10 8 9 8 7 8 10 7 9 8 7 7 8
2 1 3 2 2 1 1 2 1 1 2 2 1 2 2 2 2 2 1 3 3 2 1 3 1 3 3 1 2 2 2 3 2 2 3 3 2 1 3 1 3 2 3 1 1 3 1 3 1 3 2 3 3 2 1 1 3 3 3 2 2 2 1 3 2 3 3 2 1 3 1 1 1 3 3 1 5 5 6 6 6 4 6 5 5 4 4 6 4 4 6 6 6 5 5 5 5 6 4 4 6 4 5 5 6 5 5 4 4 5 6 5 6 5 6 6 5 4 6 5 6 6 5 6 6 6 7 8 8 8 8 9 7 7 8 7 10 8 10 7 8 10 8 8 10 7 9 10 7 7
2 3 3 3 2 3 1 3 2 2 3 1 3 1 3 2 3 1 2 1 1 2 2 1 3 3 3 2 1 1 3 1 3 1 3 1 1 1 2 1 3 3 3 3 3 3 2 1 1 3 2 1 1 2 3 3 1 3 3 2 1 2 2 1 2 1 1 2 3 1 2 2 2 3 2 1 1 6 4 5 5 5 5 4 6 5 5 6 4 5 5 6 6 6 6 5 4 5 6 4 6 4 5 5 5 4 4 5 4 4 4 6 4 6 6 6 4 5 6 6 5 4 5 4 4 6 6 9 8 10 10 8 10 8 10 10 8 7 8 10 7 9 7 10 7 8 10 7 10 7
1 2 3 3 2 3 2 3 1 3 1 3 2 2 3 2 2 2 3 2 2 3 1 3 1 2 3 1 1 3 2 3 2 3 2 3 1 2 2 2 1 2 1 3 1 1 1 3 2 3 2 1 2 3 1 3 2 2 2 1 1 1 1 1 1 2 3 2 1 2 2 3 3 2 2 2 2 3 4 4 6 5 4 6 6 6 5 5 6 6 4 4 6 5 4 5 5 4 6 6 4 5 5 5 4 4 5 4 4 4 5 6 4 5 6 5 4 6 5 4 4 6 6 4 5 5 6 4 8 8 7 7 7 8 10 9 7 7 7 8 10 7 10 8 8 10 7 8 9 7
2 2 2 2 2 1 3 1 3 2 2 1 3 1 2 1 1 1 2 2 1 3 1 2 3 2 2 2 1 1 2 2 2 3 2 2 2 3 2 1 1 1 3 3 2 2 1 1 1 2 1 2 2 2 2 2 2 2 3 2 1 1 1 3 2 1 1 2 3 1 3 2 1 1 2 2 3 1 1 6 6 5 4 4 6 6 5 4 6 5 6 5 5 5 6 6 6 4 5 4 4 5 4 4 6 4 4 4 5 6 4 5 5 4 4 5 6 4 4 5 4 4 5 4 5 6 5 6 5 10 7 9 10 9 10 10 7 8 7 7 10 7 7 9 10 10 9 7 9 8
3 1 1 3 1 3 2 2 3 2 1 2 3 2 3 2 2 2 2 1 3 3 3 3 3 3 3 1 2 2 2 2 1 2 2 1 1 3 3 1 3 3 2 2 1 3 1 2 2 1 3 2 1 1 1 2 2 2 2 2 1 3 3 3 1 1 3 1 3 3 1 3 2 3 2 3 3 1 1 2 6 5 5 4 6 4 4 4 5 6 4 6 5 6 6 4 6 6 4 5 6 6 5 5 5 4 4 4 4 6 5 5 5 4 6 5 6 4 6 5 4 6 5 5 4 5 5 5 6 4 9 9 9 9 10 7 8 7 8 9 8 7 7 10 8 10 9 8 8 8
2 2 3 2 2 3 2 3 3 1 1 1 1 2 3 2 3 3 2 2 2 1 3 2 2 2 2 1 3 2 2 1 1 1 1 1 1 1 2 1 1 2 1 2 1 2 2 2 3 2 3 1 2 1 3 1 2 2 2 1 1 2 1 1 1 2 1 2 1 2 2 1 2 1 1 2 2 3 2 1 1 6 5 4 6 4 5 4 4 4 6 5 5 6 5 5 4 4 5 6 4 5 5 4 5 5 4 4 5 4 5 5 6 6 6 4 5 4 5 5 5 4 4 4 5 5 4 4 6 5 5 9 7 9 10 7 9 7 10 8 10 10 10 7 7 8 9 10 8 8
3 3 1 3 3 3 1 2 1 2 3 1 1 1 1 1 2 3 1 1 2 3 1 3 1 3 1 2 2 3 1 2 3 3 2 1 3 2 3 2 2 3 3 1 2 2 1 3 1 3 3 1 3 3 2 1 3 3 2 3 1 1 1 2 3 1 1 2 1 2 1 3 1 1 1 1 3 3 3 1 3 3 4 6 6 5 5 6 5 6 4 4 6 5 5 6 4 6 4 6 4 4 4 5 4 6 5 4 5 4 5 5 4 6 6 5 4 6 4 6 6 4 5 5 6 5 4 5 6 5 5 4 9 7 10 9 8 10 9 9 7 10 8 8 9 7 7 8 10 9
1 2 1 2 2 1 3 1 1 3 2 1 3 1 3 3 3 2 2 2 3 2 3 1 2 3 2 3 3 2 3 2 1 2 2 2 2 1 3 2 3 2 3 2 1 1 2 3 3 2 3 1 1 2 1 1 1 2 1 2 3 3 2 2 3 2 1 1 2 2 1 2 1 1 3 2 2 2 3 2 3 3 3 6 6 5 6 5 6 6 5 4 5 6 4 5 6 5 4 5 6 4 4 6 6 6 4 6 4 6 5 4 5 5 6 6 4 6 4 6 6 4 6 4 4 4 6 4 4 5 6 5 6 10 8 8 7 10 10 10 10 8 8 7 9 7 8 10 8 8
2 1 3 3 3 3 2 1 2 1 1 2 1 2 2 2 3 3 2 3 1 2 2 3 1 1 1 2 2 1 3 2 1 2 1 1 1 3 3 1 1 1 3 3 1 2 1 1 1 1 3 3 3 3 3 1 1 2 2 2 3 3 2 3 3 1 3 1 1 3 2 1 2 3 3 3 2 2 3 3 1 2 3 3 4 5 4 4 5 6 5 5 5 4 6 6 6 5 5 4 4 4 5 6 4 5 5 5 6 6 4 5 6 6 5 6 5 4 5 5 5 4 4 6 5 6 5 5 6 6 4 4 6 4 9 7 8 8 9 10 7 9 8 8 10 9 7 9 9 7
3 3 1 3 3 1 2 3 3 2 1 2 1 1 1 2 1 3 3 2 3 2 1 2 3 3 1 3 3 3 1 1 1 3 1 3 3 2 1 3 1 3 3 1 2 3 3 3 3 1 3 1 3 1 2 3 1 2 1 2 3 3 3 2 3 1 2 3 3 3 2 1 3 3 2 3 1 3 3 2 3 2 3 1 2 4 4 4 6 6 6 4 6 5 5 4 5 6 4 5 6 5 5 6 4 6 4 4 6 5 4 5 4 4 6 4 4 4 6 5 5 5 6 4 4 5 5 4 6 4 4 4 4 6 6 10 7 10 9 10 7 7 7 9 10 7 7 10 8 10
2 2 2 3 3 1 1 3 3 1 2 3 3 1 1 1 2 1 3 1 1 1 1 3 2 2 1 2 1 1 2 2 2 3 1 1 3 2 2 2 3 1 3 3 1 3 3 3 3 1 3 2 2 2 1 3 2 3 2 1 1 1 2 1 3 2 1 2 1 2 1 1 1 3 1 2 1 1 1 1 1 3 3 3 3 1 6 5 4 6 6 6 6 4 6 5 5 5 6 5 5 5 6 6 6 6 6 5 5 4 4 5 4 5 4 4 6 6 4 5 5 4 4 6 6 4 6 4 6 5 5 4 6 4 5 4 10 10 10 8 7 7 10 10 10 7 7 10 8 10
1 1 2 2 1 2 2 3 3 2 1 2 1 2 1 2 2 2 3 3 1 3 2 3 2 3 2 1 2 2 1 3 1 2 3 3 2 3 1 1 2 2 2 3 1 3 1 1 3 1 2 2 1 3 2 2 3 3 1 1 1 3 3 1 1 1 3 1 1 2 1 3 1 2 3 1 3 1 3 3 1 1 1 1 1 1 1 4 4 4 4 6 6 4 4 4 5 4 6 6 4 5 5 6 4 6 6 4 4 6 6 6 5 6 4 5 6 6 5 4 4 4 6 5 6 5 5 4 6 6 6 5 6 4 4 5 5 8 10 9 7 10 7 9 7 9 10 8 8 7
1 2 1 2 2 3 3 2 3 3 1 1 1 3 3 1 1 2 1 2 1 1 2 3 3 3 1 1 2 2 1 3 1 1 2 3 2 3 3 1 1 1 3 2 3 1 3 2 2 3 1 1 3 3 2 2 2 3 3 2 2 1 3 3 2 3 3 1 3 2 3 1 2 2 2 2 3 2 1 3 2 1 2 3 3 1 2 3 6 6 4 6 6 4 5 5 4 5 6 5 5 5 5 6 6 5 5 6 6 6 5 6 6 6 4 6 5 4 6 4 5 5 5 4 4 4 5 4 5 6 6 6 6 5 4 5 4 4 7 10 7 7 8 7 7 9 7 8 9 9
2 1 3 1 2 1 3 3 3 3 3 3 3 2 3 3 1 2 3 1 2 2 2 3 2 2 3 3 2 3 3 2 3 2 2 2 2 2 3 3 1 2 1 3 1 2 3 2 3 1 1 2 3 1 2 3 2 2 1 1 2 1 3 3 2 1 1 1 2 1 2 2 1 3 2 1 2 3 3 2 1 2 3 1 1 2 3 1 1 6 4 5 6 4 4 4 5 4 5 6 6 4 6 6 6 6 4 4 5 6 4 5 6 5 6 5 6 4 6 4 6 6 6 4 4 5 5 4 4 4 4 4 6 4 5 5 4 6 4 9 10 8 9 9 9 9 10 9 7 7
1 2 3 3 2 3 3 1 3 3 2 1 2 1 2 3 2 1 3 2 2 2 3 3 1 3 2 3 1 2 1 3 3 2 2 1 3 1 1 1 2 1 1 1 2 2 3 1 2 1 3 2 2 3 2 2 2 3 2 2 3 1 3 1 2 2 3 1 2 3 2 3 1 2 1 2 2 3 1 1 2 1 2 1 3 3 1 2 2 2 4 6 5 6 5 4 6 6 6 4 4 5 5 4 5 6 5 6 5 4 4 5 6 5 5 4 4 6 4 6 6 4 5 5 6 4 4 5 6 6 6 4 6 6 6 5 4 5 5 4 7 7 10 7 8 8 10 8 10 8
2 1 3 1 3 3 3 1 1 3 3 1 2 3 1 1 2 1 3 1 2 2 1 2 1 1 1 3 1 2 3 3 3 1 2 1 3 3 2 2 1 3 3 2 2 1 3 2 1 1 3 2 1 2 3 3 1 3 2 1 1 2 3 1 1 1 1 3 3 1 3 1 1 3 2 2 2 3 2 3 1 2 3 2 1 1 1 3 3 3 3 6 5 6 6 5 5 6 5 6 4 6 6 4 5 4 6 5 4 4 4 4 6 5 6 6 4 4 5 4 6 5 4 5 6 4 6 5 6 5 4 6 5 6 6 5 4 5 6 6 6 8 8 7 10 7 7 8 8 10
2 3 1 3 1 2 2 3 3 3 3 2 2 1 3 2 3 3 1 1 1 3 1 3 2 2 2 2 3 1 3 1 3 1 3 3 1 3 2 2 2 3 2 3 1 2 2 1 1 1 2 3 3 1 2 3 2 2 2 1 2 3 2 3 3 2 3 3 1 2 3 2 1 2 1 3 1 1 3 3 2 3 2 3 1 3 2 3 1 3 3 2 6 4 5 5 4 6 4 4 6 4 6 6 6 6 6 6 6 5 6 6 5 4 4 6 4 5 4 6 6 6 4 4 5 4 5 5 4 5 6 5 4 4 4 6 6 5 5 5 6 6 8 8 7 8 10 10 7 7
2 1 2 2 3 1 3 3 1 1 3 1 1 1 2 2 1 2 3 3 3 2 1 1 1 3 2 2 3 2 2 1 1 1 1 2 1 3 1 1 3 1 2 2 3 2 1 1 1 3 3 1 1 3 1 1 2 2 1 2 3 3 2 1 3 1 1 3 3 2 3 3 1 3 1 3 1 2 3 2 3 2 2 1 2 1 3 2 2 2 1 2 3 5 5 5 6 4 4 4 5 4 6 5 5 5 5 6 6 6 6 5 5 5 6 4 4 5 4 6 5 4 6 6 6 6 6 5 5 6 6 4 4 4 6 5 5 6 5 6 4 5 6 10 9 8 10 7 7 8
3 3 3 3 2 3 1 2 2 2 3 1 1 2 1 3 3 1 1 3 3 1 3 2 2 1 1 2 2 2 2 3 1 1 2 2 2 3 3 2 2 3 1 3 1 2 3 1 3 1 2 3 3 3 3 2 3 3 2 1 2 3 3 1 1 1 3 2 1 3 2 3 1 2 1 3 2 1 2 1 1 1 3 3 1 1 3 3 3 2 3 1 1 3 4 5 5 5 5 4 5 6 4 5 6 5 6 5 6 6 4 4 4 4 5 6 4 5 5 6 5 5 5 4 4 4 6 6 4 4 5 6 5 4 6 4 6 6 5 6 4 6 6 5 8 7 8 8 7 8
1 3 2 3 3 3 2 2 1 1 2 3 1 1 3 1 3 2 1 2 2 1 3 1 2 2 3 2 2 3 1 2 1 1 3 3 1 2 2 2 2 3 3 3 1 1 3 1 2 1 2 1 1 2 3 1 3 2 3 1 2 3 3 2 1 1 3 2 2 2 3 1 1 2 3 1 1 2 1 2 3 1 2 1 3 1 1 1 2 2 2 2 3 2 2 6 4 4 4 5 4 4 4 5 4 6 4 5 6 5 6 5 4 4 5 5 5 6 4 5 5 4 6 4 6 6 5 6 6 4 4 5 4 5 6 6 4 6 5 5 4 6 6 4 5 9 10 8 10 9
3 3 2 1 1 3 1 1 2 2 3 2 1 1 1 1 3 2 3 3 1 2 2 3 1 2 3 3 3 3 2 1 2 3 2 3 3 3 1 1 3 1 1 1 2 3 2 1 2 2 3 1 2 2 2 2 2 1 1 2 1 2 3 3 2 1 3 1 3 2 1 3 1 3 1 1 1 1 1 3 3 3 3 2 3 3 3 2 3 2 2 1 3 2 3 1 4 5 5 6 4 4 4 6 4 5 5 5 4 5 5 5 5 6 6 5 4 4 6 4 6 6 6 4 5 4 4 4 6 4 6 6 6 5 4 4 5 4 4 4 5 4 6 6 6 5 8 8 10 9
2 1 3 2 3 3 1 3 2 3 2 1 2 1 2 1 1 3 2 1 1 1 2 1 1 2 1 2 1 1 3 3 1 2 1 2 3 3 2 2 2 2 1 1 1 2 1 3 3 3 2 3 1 2 1 3 1 1 1 1 1 3 3 1 1 2 2 2 3 1 3 1 2 3 1 1 3 1 1 2 3 1 2 1 3 2 3 3 1 2 1 3 2 2 1 3 1 5 6 4 5 4 5 4 6 4 6 5 5 6 6 5 6 6 4 5 6 5 6 6 5 6 5 6 6 4 4 5 5 4 4 6 4 5 5 6 6 5 4 5 4 5 5 6 5 5 6 8 7 9
1 3 1 3 1 2 3 2 3 3 2 2 2 1 2 1 1 3 2 1 3 1 3 1 1 3 2 2 2 1 2 1 3 3 2 2 1 2 1 1 2 2 3 2 2 1 1 2 3 2 1 2 3 1 2 2 2 3 1 1 3 2 2 2 3 2 2 1 1 3 3 1 3 1 3 1 1 1 3 1 3 2 3 3 2 3 2 3 1 1 2 2 1 2 2 3 2 2 6 5 5 5 4 5 6 5 6 6 6 6 5 4 6 5 4 5 6 5 6 4 6 4 5 5 6 5 6 5 6 5 4 5 6 4 4 5 5 4 5 4 5 6 5 6 4 4 6 6 9 8
1 2 3 2 1 3 3 2 2 3 1 2 1 3 1 1 1 1 1 2 1 2 1 1 3 1 2 1 1 1 3 3 2 2 1 3 1 1 3 3 3 2 2 2 2 1 2 2 2 3 3 3 3 3 2 2 2 1 3 2 3 3 2 3 2 2 1 2 3 1 2 1 1 2 2 3 1 1 2 1 3 1 2 2 1 3 3 1 2 1 1 3 2 2 3 1 1 2 1 5 5 5 6 6 5 5 4 6 5 4 4 5 4 6 5 6 4 5 6 6 4 5 4 5 5 6 6 5 4 6 6 6 5 5 4 4 6 6 5 4 4 4 5 6 4 6 4 5 4 8
2 1 2 3 1 2 3 3 2 3 1 1 2 2 3 1 3 1 3 2 1 1 1 3 1 2 2 2 2 1 2 1 3 2 3 1 2 3 1 1 1 1 2 2 2 1 1 1 1 2 3 2 2 2 1 2 2 2 3 2 2 1 2 2 3 2 2 3 3 2 2 3 2 3 1 2 1 3 3 3 3 1 1 3 1 2 3 1 1 2 1 3 3 1 1 1 3 1 2 2 5 6 5 4 5 6 4 4 4 5 5 4 6 4 4 6 5 5 6 4 5 6 4 6 4 6 4 6 5 4 6 4 6 6 6 5 5 6 4 4 4 4 5 5 4 4 5 5 6 5
2 2 3 3 3 3 1 1 2 3 1 1 3 3 2 3 3 2 1 3 2 2 2 2 1 3 2 2 3 1 1 3 2 3 3 3 2 1 2 1 1 1 1 3 2 3 2 2 3 2 2 3 3 1 2 3 2 2 3 1 3 1 3 3 3 3 1 1 3 3 3 1 1 1 1 3 2 2 2 3 2 2 3 1 2 3 3 1 1 2 2 1 3 2 1 1 3 2 2 3 1 5 4 6 5 4 4 6 6 4 6 4 5 4 5 5 6 5 6 4 4 6 4 4 6 4 6 6 5 5 6 4 6 4 6 5 4 6 4 6 6 6 4 4 4 6 5 6 4 6
5 1 1 1 3 1 1 2 1 2 2 2 1 1 3 2 3 2 3 1 3 1 3 3 3 2 1 3 3 2 1 2 3 2 1 1 1 2 2 2 2 3 1 2 3 3 2 3 1 1 2 2 3 2 2 1 3 3 2 1 3 2 2 3 2 3 1 2 2 1 1 1 1 1 1 1 2 1 3 1 3 3 2 1 1 3 2 3 3 3 3 2 2 2 1 1 3 3 3 1 1 2 6 4 5 6 5 5 6 5 4 4 4 6 6 5 5 6 5 5 6 6 5 5 5 5 5 5 6 6 5 4 5 5 5 4 5 6 5 6 5 4 6 4 6 6 4 6 6 5
4 5 1 1 1 1 1 2 3 3 2 1 2 1 2 1 1 1 1 3 1 2 2 3 1 2 1 1 2 3 3 1 3 3 2 2 3 3 1 3 3 3 1 3 3 2 1 2 2 1 1 1 1 3 3 1 3 1 2 2 1 2 2 3 1 1 3 3 2 2 3 3 3 3 3 2 3 1 1 3 2 1 3 2 3 2 1 1 3 2 1 1 2 1 2 3 3 3 2 3 2 2 2 6 5 6 6 5 5 6 6 4 4 5 6 6 4 4 4 4 6 4 4 6 4 6 6 4 6 5 5 6 5 5 5 4 5 6 4 5 5 4 6 4 6 6 6 5 4 5
5 5 4 2 2 2 1 1 2 1 2 1 1 1 1 3 2 3 3 2 1 2 2 2 2 3 3 2 2 1 2 2 3 2 3 1 3 2 1 2 2 3 3 3 3 2 2 1 1 2 1 1 2 3 3 1 2 3 2 2 1 1 1 1 2 2 3 3 1 3 1 2 1 3 2 1 1 3 2 2 3 3 1 3 3 1 1 2 2 3 2 1 1 1 2 2 3 3 2 2 1 2 1 3 5 6 6 5 5 6 5 5 5 4 4 6 5 4 5 4 4 4 5 5 5 4 5 5 4 4 4 6 4 6 6 6 5 5 4 6 5 5 5 5 6 4 6 4 4 6
5 5 6 5 1 1 1 2 2 3 2 1 1 1 2 1 1 2 2 3 3 1 3 2 1 1 1 1 3 1 2 2 3 1 3 1 3 1 3 3 3 3 1 3 3 1 3 2 1 1 2 3 1 1 3 3 2 3 1 2 3 2 3 2 3 3 1 2 2 3 2 3 3 2 1 2 1 1 2 3 2 3 3 2 2 2 3 2 3 2 1 1 2 2 1 2 1 3 2 1 2 2 1 1 2 4 4 5 4 4 5 4 6 4 6 6 5 6 5 5 6 5 6 4 4 5 4 5 6 5 6 4 4 4 6 4 6 5 6 6 5 5 4 5 4 6 6 4 4 4
6 6 4 4 6 3 3 3 1 2 2 2 3 1 3 1 1 3 1 3 1 2 1 1 3 1 1 1 1 1 3 1 2 3 2 2 2 3 2 2 1 2 2 3 1 2 1 3 3 2 3 1 3 3 3 3 3 1 3 1 2 3 2 2 1 2 3 2 1 1 3 1 3 3 2 3 3 3 1 1 2 2 3 3 2 2 3 1 1 1 3 1 2 1 1 2 2 3 2 3 2 1 1 1 1 3 6 5 6 6 6 5 5 4 4 4 5 5 6 5 5 6 4 5 6 5 4 6 5 4 4 5 5 4 6 6 4 5 5 6 4 5 4 4 5 4 4 4 6 4
6 4 6 6 5 4 2 2 2 1 2 1 2 3 3 3 2 3 3 2 3 3 1 2 3 1 1 1 3 1 1 2 2 1 2 2 1 3 1 1 3 1 2 1 1 2 2 2 2 1 3 2 1 2 2 1 3 2 2 1 2 1 1 3 3 1 2 1 1 3 1 1 1 1 3 3 2 1 2 3 2 2 3 3 3 3 3 3 2 3 3 1 1 2 2 1 1 1 1 1 2 1 3 3 1 3 3 5 5 6 5 6 6 4 4 4 5 6 5 5 6 4 4 5 5 4 6 5 5 6 6 6 5 5 4 4 5 4 6 6 6 4 6 6 6 4 6 4 4 4
6 6 5 6 4 4 4 1 2 1 3 1 2 3 1 2 1 2 3 3 2 2 3 1 2 1 1 2 3 3 2 1 1 2 2 3 2 1 1 1 3 3 3 2 3 3 2 1 1 3 3 2 1 3 2 3 3 1 2 1 2 3 2 2 2 1 2 2 3 1 3 3 1 2 1 2 3 1 2 1 3 3 2 2 1 3 3 1 2 2 1 2 1 2 2 2 3 2 3 1 1 1 1 1 1 3 1 2 4 4 5 6 4 4 4 4 5 6 5 4 4 4 4 6 5 5 6 6 6 6 4 4 4 6 4 5 4 6 4 4 6 4 5 4 4 5 4 6 4 4
4 4 4 4 5 5 4 6 1 1 2 2 3 2 2 1 2 2 3 1 2 2 3 1 3 3 2 2 3 1 1 3 2 3 1 2 3 3 3 3 2 1 2 1 3 2 3 3 2 1 3 1 3 2 2 2 1 2 1 2 3 1 1 3 1 2 2 2 2 3 2 1 1 3 3 3 3 1 3 1 1 2 1 1 2 3 1 1 2 1 2 2 1 3 1 1 3 3 1 2 3 3 2 2 1 1 1 1 2 4 5 5 5 5 5 5 4 6 6 4 5 5 5 4 6 6 5 5 6 5 6 6 5 5 4 4 5 6 4 6 6 5 6 5 6 5 6 6 4 4
6 4 6 5 6 5 6 5 5 2 2 2 2 2 3 1 2 3 1 1 1 1 1 2 3 2 3 3 2 3 2 3 3 3 3 2 1 2 2 2 1 3 3 2 3 1 2 1 2 1 2 2 1 1 1 2 2 3 2 1 3 2 2 2 3 3 3 3 1 1 3 2 3 3 1 2 2 2 1 2 2 1 1 3 3 3 1 3 3 2 3 1 1 2 1 2 2 3 1 3 1 2 1 1 3 1 3 3 2 3 4 5 6 5 5 6 4 4 5 4 5 4 4 6 5 4 6 5 4 5 4 4 4 5 4 4 6 6 4 6 4 4 6 4 6 5 6 4 6 4
6 6 6 5 6 6 5 5 5 6 1 1 3 1 1 3 2 3 2 3 1 2 1 1 2 1 2 1 1 3 2 3 2 3 1 1 3 3 2 3 1 3 1 2 2 3 1 1 2 3 2 1 1 1 2 3 2 1 1 1 3 3 1 2 1 2 3 3 1 3 1 1 3 2 2 2 2 3 1 2 3 1 2 1 1 2 2 1 1 2 3 2 2 2 2 2 2 3 1 3 3 2 1 3 1 1 1 1 2 2 2 6 5 4 4 6 5 6 5 5 5 4 6 4 6 4 5 6 5 5 4 6 4 4 5 5 4 5 5 4 4 6 4 5 6 6 4 4 6 5
6 6 4 6 4 4 5 4 5 4 4 1 3 3 3 1 1 3 3 1 3 1 1 1 3 3 2 1 2 1 2 1 3 3 3 2 2 3 1 2 1 3 2 3 3 3 1 3 1 3 1 2 1 2 3 1 2 1 1 2 2 2 3 3 1 3 2 2 2 3 2 1 2 2 1 1 1 3 2 1 1 1 1 3 1 1 2 3 2 1 2 3 2 1 2 2 2 2 1 2 3 3 2 3 2 2 1 2 3 3 1 3 6 5 5 6 4 6 4 4 6 6 5 6 5 6 5 4 5 4 4 5 5 4 4 4 5 5 4 5 4 5 6 6 5 6 6 4 6 4
5 5 6 6 4 4 5 6 4 4 5 5 1 2 3 1 3 2 3 2 2 3 3 2 2 2 2 3 1 2 1 3 1 3 2 3 1 1 2 2 2 3 2 2 3 1 1 2 3 1 3 1 1 3 1 3 2 1 3 1 1 2 2 2 3 3 1 1 1 1 2 2 3 2 3 1 2 3 3 2 1 2 1 1 2 3 1 1 1 2 1 1 1 1 2 3 2 3 2 1 1 3 2 3 2 3 3 1 1 2 1 1 3 5 5 6 6 6 4 5 6 6 5 4 6 4 5 5 4 4 4 6 5 5 4 4 6 5 6 4 6 5 4 4 6 6 5 4 5 5
4 5 4 5 6 6 6 5 6 5 4 5 6 3 1 3 1 3 1 2 1 3 1 3 1 3 1 3 3 3 2 3 3 2 3 2 3 1 2 2 2 3 3 3 2 2 2 3 1 3 2 3 3 2 1 3 1 1 2 1 1 2 3 2 2 2 3 3 3 3 3 1 1 1 3 1 2 3 1 1 2 2 3 1 2 3 3 1 1 2 2 2 3 1 1 2 1 2 1 2 2 1 3 1 3 2 1 3 3 3 3 3 2 3 4 4 6 4 6 4 6 6 4 5 5 5 4 4 6 6 6 5 6 5 5 5 4 4 6 4 5 4 4 4 5 6 5 6 5 4
6 5 6 4 5 4 4 6 6 6 6 5 6 4 3 1 3 2 2 2 3 3 3 1 2 3 2 2 3 2 1 2 2 3 3 3 3 2 2 1 2 2 1 1 2 3 3 1 1 2 2 2 2 2 2 2 1 1 2 3 2 1 2 3 3 1 1 1 3 3 1 2 2 3 1 2 2 1 2 2 3 3 2 3 1 3 1 3 1 2 1 1 2 3 1 1 2 1 1 3 2 2 2 3 3 3 1 2 2 1 2 3 1 3 3 6 4 4 5 6 5 4 5 4 6 5 5 6 6 5 6 6 4 6 4 6 4 6 5 4 4 4 6 6 4 6 6 4 5 5
4 5 6 5 5 6 6 5 6 6 6 5 5 4 6 2 3 3 3 1 3 1 2 1 1 1 2 1 2 1 1 3 2 3 2 1 2 1 3 1 2 2 3 3 2 3 3 1 1 3 3 3 1 1 1 3 3 2 2 1 3 2 1 1 3 1 3 3 3 3 2 1 3 3 2 3 3 3 2 1 2 1 3 2 3 2 2 3 2 3 3 3 2 3 2 3 3 2 1 3 3 1 3 1 1 2 3 3 3 2 1 3 2 1 1 1 4 6 5 5 5 5 5 6 5 6 4 5 5 4 5 6 4 6 4 4 6 4 6 4 5 6 4 4 5 6 5 5 4 6
5 5 5 5 4 4 4 4 4 6 5 6 6 4 4 5 3 3 1 3 3 2 3 1 3 2 3 1 3 1 1 2 2 1 2 3 3 1 1 3 3 1 2 2 1 2 1 3 1 3 3 3 1 3 1 1 1 1 2 2 2 1 2 3 1 1 1 3 2 3 2 3 2 3 2 1 1 1 3 1 3 2 3 2 3 2 3 1 3 1 1 1 3 3 1 3 2 1 2 3 1 1 3 1 1 2 1 2 2 1 3 1 1 2 3 3 3 4 6 5 6 5 6 6 6 5 4 6 4 5 5 4 6 6 4 6 4 6 6 6 6 5 4 6 4 5 5 5 6 5
5 5 6 6 6 6 4 5 6 5 6 4 5 4 5 4 4 2 1 3 1 2 1 2 3 3 3 1 3 2 2 1 2 2 1 2 3 2 1 2 3 2 1 2 2 3 2 1 1 3 3 2 1 1 3 2 1 3 2 2 3 2 2 3 2 3 3 2 3 2 1 3 3 3 2 2 2 2 3 2 1 3 2 2 1 2 3 2 2 2 3 3 1 1 3 3 2 2 1 1 2 3 3 3 2 2 2 1 1 2 3 1 1 1 3 3 1 3 5 6 5 6 6 6 5 4 6 4 5 4 4 6 5 6 6 5 4 6 5 6 4 6 5 6 4 5 5 4 5 5
6 4 6 4 4 5 6 4 4 4 6 4 5 4 4 5 6 5 3 2 1 1 2 2 2 1 1 3 1 2 3 2 3 3 1 1 3 2 2 3 3 2 3 2 3 3 3 2 1 1 2 3 3 2 2 2 1 2 2 3 2 1 2 3 2 2 1 1 3 2 2 3 2 3 3 1 3 3 2 2 2 3 2 3 3 3 2 2 1 1 3 3 3 1 2 1 2 3 1 3 2 2 2 1 3 1 3 3 3 1 2 3 1 2 1 3 2 2 1 4 4 4 5 4 5 6 4 6 6 5 6 6 5 4 4 4 5 6 5 4 5 4 5 5 6 4 5 6 6 6
4 4 6 5 5 4 6 4 6 5 4 5 6 5 5 4 5 6 6 2 1 3 1 3 2 3 1 2 3 1 2 3 1 1 2 1 3 2 3 2 2 1 3 1 2 1 2 2 3 3 3 1 2 2 2 2 3 1 3 3 3 1 1 3 2 1 1 3 3 1 3 3 1 3 1 3 3 2 3 1 1 2 1 1 2 2 3 3 1 2 2 2 3 1 3 1 1 3 3 3 3 2 1 3 2 2 1 2 1 2 2 3 1 2 1 1 2 3 3 3 6 5 6 5 4 5 4 4 6 4 4 6 6 6 5 5 5 4 5 5 4 6 6 5 6 6 5 4 4 6
4 4 4 6 5 4 5 6 5 5 4 6 5 5 6 5 6 4 6 5 1 1 2 2 1 2 2 1 2 2 1 1 3 3 3 3 3 3 1 3 3 3 2 1 2 2 2 2 3 2 3 2 1 2 2 3 2 3 3 2 3 1 1 3 1 2 2 3 3 2 1 2 1 1 1 3 3 1 3 1 1 1 3 2 1 2 1 1 1 2 3 3 2 3 3 2 3 2 2 2 2 1 3 1 2 2 3 3 1 2 2 2 1 1 1 1 3 1 1 1 3 5 4 5 5 4 5 4 5 6 4 5 5 6 6 6 5 5 6 6 5 6 5 4 5 4 5 5 6 6
4 4 6 5 4 5 6 5 6 6 6 6 4 4 4 5 6 4 6 6 6 2 3 2 3 3 2 2 1 1 3 1 3 2 1 2 1 1 2 2 2 2 1 1 2 2 2 2 3 1 3 3 3 1 2 3 3 3 3 2 1 2 1 2 3 1 2 1 3 1 1 3 3 2 1 1 1 1 1 2 3 3 2 1 1 3 2 2 2 2 1 2 1 3 2 1 2 1 2 3 3 1 1 1 2 2 3 1 2 2 3 3 1 2 2 3 3 3 1 3 1 3 4 4 5 6 5 6 6 5 5 4 5 4 6 6 4 6 4 6 6 4 6 6 6 5 4 6 5 6
5 5 4 4 4 4 4 5 4 4 6 5 4 5 4 4 5 4 4 6 4 5 2 3 1 1 1 2 3 2 3 3 1 2 1 2 2 3 1 2 2 1 2 1 1 3 3 2 2 2 2 3 2 3 2 3 1 3 2 1 1 3 2 1 1 2 1 1 1 2 2 3 2 2 1 1 2 3 2 1 2 1 2 3 1 2 3 3 1 2 2 2 3 2 3 1 2 3 1 3 1 2 1 3 3 3 2 1 1 3 2 1 3 1 2 2 3 1 3 1 3 3 2 5 6 4 5 5 5 6 5 6 5 4 6 4 4 6 6 6 6 5 4 6 6 4 6 5 4 4
6 4 6 6 4 4 6 6 5 5 5 5 4 6 6 4 6 4 5 5 6 4 4 1 3 1 1 2 3 2 2 3 3 2 1 1 2 1 2 2 3 3 1 1 3 3 3 2 2 1 3 1 2 1 1 2 2 2 3 1 2 2 3 1 1 2 3 3 3 3 1 1 1 3 3 3 3 1 1 3 1 1 1 3 2 2 1 3 3 2 2 3 1 2 1 2 3 1 2 1 1 3 3 2 2 1 1 2 2 2 3 2 3 3 2 2 3 1 2 1 1 3 3 3 4 4 4 6 4 6 5 4 4 5 4 4 4 5 6 6 6 5 4 5 4 6 6 6 4 6
6 4 4 4 6 6 5 6 5 6 4 4 5 6 5 6 6 6 5 4 6 6 4 6 3 3 2 3 2 3 1 2 3 3 1 2 3 2 1 3 2 1 1 2 3 1 1 2 2 1 3 3 1 2 2 2 3 2 2 1 3 1 3 1 2 2 3 3 3 2 2 1 3 1 3 1 2 3 3 1 1 1 2 3 2 2 3 3 1 3 3 2 2 3 2 3 2 2 1 1 2 3 2 2 1 3 2 3 3 2 2 3 2 3 3 1 1 3 2 2 2 2 3 1 3 4 4 6 4 5 5 5 5 6 6 5 6 5 5 5 4 6 6 5 6 6 6 4 6 4
6 4 4 6 5 5 6 4 4 5 5 4 4 4 4 5 5 5 5 5 5 6 6 4 6 2 1 2 1 3 3 2 3 3 2 2 2 3 1 1 1 1 3 3 3 1 1 3 3 1 1 2 3 1 2 2 2 3 3 2 3 1 3 3 1 1 2 2 2 1 2 3 1 3 2 3 3 3 2 1 3 2 3 3 3 1 3 2 3 2 3 3 3 3 3 1 1 2 1 1 2 2 1 3 1 1 3 2 2 1 3 1 1 3 3 1 3 3 2 2 2 3 3 1 2 2 4 4 4 6 6 5 5 4 5 6 6 4 4 4 4 5 5 5 5 4 5 6 5 4
6 5 4 4 6 5 6 6 4 4 6 4 5 6 4 4 5 5 4 4 6 4 5 4 6 5 3 1 3 3 2 1 1 1 3 1 3 2 1 3 1 3 1 2 1 2 2 2 3 1 3 3 3 1 2 3 3 3 1 1 3 1 1 3 3 3 3 1 1 2 2 1 1 1 2 3 1 3 1 1 3 1 1 1 1 1 1 1 3 2 3 3 1 2 3 1 2 1 1 3 1 3 3 2 2 1 3 2 2 2 2 2 2 2 3 1 1 1 3 3 2 2 2 2 3 3 1 6 4 4 4 6 4 4 4 5 6 5 5 4 4 4 6 6 5 6 6 4 6 6
4 5 5 4 6 5 6 4 5 4 5 5 4 4 5 4 6 4 5 6 6 5 4 5 4 5 6 2 1 3 1 1 2 1 2 3 2 3 3 1 2 2 2 3 1 2 2 3 2 3 2 3 2 3 3 3 3 3 3 3 1 3 1 3 2 2 1 1 1 2 2 2 2 2 2 2 1 3 3 2 3 2 3 3 3 2 1 3 2 2 2 2 2 2 3 3 3 1 3 2 2 2 2 1 2 3 2 3 2 2 1 2 3 3 3 3 3 3 3 1 1 3 1 2 3 2 2 2 5 5 6 4 6 5 5 6 4 5 5 4 6 6 5 4 4 4 5 5 4 4
5 6 5 6 5 5 6 5 6 6 5 6 6 5 4 6 4 6 5 4 6 4 6 6 5 4 5 6 3 2 1 3 1 1 3 2 3 2 3 2 1 3 2 2 1 3 2 3 1 2 1 3 2 3 2 2 2 3 3 1 2 3 2 1 1 2 2 1 3 1 2 3 1 2 2 1 1 1 1 2 1 2 2 1 1 3 2 3 3 3 2 1 3 3 3 3 1 2 1 2 1 2 3 1 3 2 2 1 1 2 3 2 2 1 1 2 2 1 3 1 2 3 1 2 3 2 1 3 1 4 4 4 6 4 6 6 4 4 4 4 4 6 4 6 5 5 6 6 4 5
4 6 5 6 4 5 5 4 4 5 6 4 4 4 4 5 5 4 5 4 6 6 5 5 4 5 6 4 4 2 3 2 3 1 1 3 1 3 2 3 2 1 2 2 1 3 3 3 1 3 1 2 1 2 2 1 1 1 3 1 2 2 3 1 1 3 2 1 3 2 2 2 1 3 3 2 3 2 1 2 2 1 1 1 1 1 3 1 1 2 1 2 2 1 2 2 1 2 3 1 2 2 3 2 1 3 3 3 3 1 1 3 2 2 3 1 2 3 1 1 2 1 3 3 2 3 1 1 2 3 6 5 5 5 5 6 5 4 4 4 5 6 5 6 4 4 5 5 5 5
6 4 6 4 5 5 4 5 5 5 5 4 5 4 6 5 6 4 4 5 4 5 4 5 6 6 5 4 4 6 3 2 2 3 1 2 3 1 3 3 2 1 3 1 1 1 2 3 1 1 3 2 2 2 3 3 1 1 1 3 1 1 2 2 1 1 2 1 3 3 2 2 1 3 3 1 2 1 1 3 2 1 2 2 1 3 2 3 3 3 2 2 2 3 1 2 3 2 2 3 2 2 2 2 1 3 1 2 1 1 1 2 1 2 2 1 3 2 2 3 3 2 1 1 1 3 3 1 3 3 2 6 4 6 4 4 6 6 4 5 6 6 5 4 4 6 4 6 4 4
4 5 4 5 4 5 6 6 5 4 5 5 6 4 6 6 5 4 5 5 6 6 6 4 6 4 5 5 4 5 4 2 3 2 1 3 3 2 3 2 3 2 3 1 1 1 1 2 1 3 2 2 2 3 2 3 3 1 1 2 2 2 1 1 2 3 3 2 2 1 1 1 2 3 2 3 2 1 3 2 2 2 1 2 1 2 3 2 2 1 1 1 3 1 1 1 3 2 3 1 3 1 3 1 1 1 1 3 1 3 3 2 1 3 3 2 3 2 2 2 3 2 1 2 2 2 2 3 1 3 2 3 5 5 5 4 6 6 5 6 4 5 4 5 5 5 6 6 4 5
5 5 4 6 6 5 6 5 4 5 4 4 6 4 4 4 4 5 5 5 5 5 4 4 4 4 5 4 4 6 4 5 2 2 2 1 2 2 2 2 3 1 1 1 3 3 1 2 2 3 3 2 1 1 3 3 3 3 3 3 1 2 2 1 1 3 3 2 1 2 2 2 3 3 1 1 3 2 3 2 2 2 3 2 1 3 3 3 3 2 3 2 2 2 2 2 1 1 1 2 3 1 1 1 1 1 1 2 1 3 1 2 1 1 1 3 1 1 1 3 2 1 1 1 1 2 3 1 3 2 3 3 3 4 6 5 5 4 6 4 6 5 4 6 6 5 4 5 5 5
6 5 6 6 5 4 5 6 5 6 4 5 6 5 4 6 6 5 5 6 6 6 5 6 6 5 4 4 6 5 4 4 6 1 3 2 3 2 3 2 1 3 3 3 2 2 1 2 2 1 2 1 3 3 3 3 3 1 3 3 2 3 3 1 2 3 3 1 3 3 1 2 3 2 1 1 1 1 3 2 3 1 3 3 2 1 3 1 3 3 1 1 1 2 3 1 3 2 1 3 2 3 3 1 2 2 3 2 1 3 1 3 2 1 1 2 1 1 2 2 3 3 2 2 1 2 2 1 3 3 3 2 3 3 4 5 4 5 6 5 4 6 4 6 6 6 4 4 6 4
4 4 6 6 6 4 4 4 5 5 4 6 6 6 5 6 6 5 4 6 6 5 5 6 6 4 4 6 5 5 6 5 6 5 3 3 3 3 1 1 2 2 2 2 2 2 3 1 1 3 1 3 3 1 1 2 1 2 2 3 1 2 3 2 3 2 3 3 2 3 3 2 3 2 2 3 1 2 3 1 3 2 1 1 2 1 2 1 2 1 1 1 2 3 2 3 2 2 1 1 2 3 1 1 1 1 3 2 1 3 2 1 3 1 1 2 2 1 3 2 3 2 3 2 1 1 1 1 3 1 1 1 3 1 3 5 6 5 5 6 4 5 4 5 6 5 4 6 5 4
5 4 6 4 6 5 5 5 6 4 4 4 5 4 4 5 4 5 5 6 4 6 4 6 6 6 4 5 5 5 6 5 6 5 4 3 3 3 3 2 3 1 3 1 3 2 2 3 2 1 1 1 1 3 2 1 3 2 1 1 2 2 3 2 1 2 2 3 3 2 2 3 1 2 3 1 2 1 1 1 1 3 3 2 3 1 3 2 1 2 1 3 2 2 1 3 1 3 2 1 2 3 2 1 3 1 2 1 2 2 3 3 1 3 3 3 2 2 2 3 3 2 3 3 1 1 2 1 3 1 1 1 3 2 2 2 5 5 6 5 5 4 6 4 5 4 6 5 5 5
6 5 4 6 6 4 6 4 5 6 5 6 4 5 5 4 6 6 4 5 5 6 6 6 5 4 6 6 4 4 6 4 5 4 5 4 3 3 3 1 1 3 3 3 2 3 2 3 3 3 3 2 3 3 3 1 1 3 1 3 2 1 1 3 1 3 3 1 1 3 2 2 1 3 2 2 3 1 1 3 2 2 3 3 3 1 3 2 3 3 3 2 3 1 2 1 2 1 3 1 3 2 2 3 1 3 3 1 3 2 3 3 2 3 3 2 1 3 2 3 2 1 3 1 2 3 2 2 1 1 1 2 2 2 3 1 3 4 4 5 4 4 5 6 5 5 4 6 4 6
4 5 6 5 6 6 5 6 6 4 4 5 4 5 4 6 5 6 5 5 6 4 6 4 6 4 4 4 4 4 5 4 6 5 6 6 6 3 1 1 3 2 2 2 3 2 3 2 2 2 1 3 2 3 3 1 1 1 3 1 2 2 1 2 3 1 2 2 2 3 2 1 1 2 3 1 1 3 1 2 3 3 1 2 2 1 3 1 3 1 2 1 1 1 2 1 3 1 2 3 3 2 1 2 2 2 3 3 3 3 3 1 1 2 3 1 1 1 1 1 2 3 2 3 1 3 2 1 2 1 3 3 2 1 2 2 2 2 4 4 5 6 6 4 6 4 4 6 5 5
6 4 6 4 4 6 6 6 5 4 4 4 6 4 5 6 4 4 5 4 6 4 5 5 5 4 6 5 5 6 5 5 4 6 4 5 6 5 1 3 2 1 2 1 2 3 2 1 3 2 1 2 3 3 3 3 2 3 2 1 2 1 2 3 1 3 2 1 1 1 1 3 1 1 2 3 3 1 2 2 1 3 2 3 1 3 1 1 3 1 1 2 3 2 1 1 1 2 2 1 1 3 3 2 1 1 1 3 3 1 1 1 3 2 1 1 1 3 1 2 2 1 1 3 3 3 3 2 1 1 3 3 2 1 3 1 3 3 2 5 4 4 6 5 4 4 5 4 6 6
5 6 5 5 5 4 4 6 6 5 6 5 5 4 5 4 6 4 4 5 4 4 4 4 6 5 5 5 5 6 4 4 5 5 5 4 4 6 5 1 3 1 2 3 3 3 2 3 1 1 3 3 3 2 1 2 3 2 3 2 2 2 2 1 3 1 2 3 1 3 2 1 1 2 3 3 3 2 3 2 3 1 1 1 1 1 3 3 2 1 2 3 1 1 3 1 3 2 3 1 3 3 3 2 2 1 2 2 3 1 2 1 2 1 2 2 3 2 1 2 2 3 3 2 3 2 3 3 2 3 2 2 3 2 3 3 1 3 1 1 6 6 5 6 5 6 4 6 5 6
5 6 6 4 4 4 6 4 4 6 4 5 5 4 4 5 5 4 6 4 5 6 5 5 6 5 4 5 6 6 4 5 6 4 4 5 6 4 4 6 2 3 1 3 1 1 3 3 1 2 3 3 2 3 1 3 2 1 3 3 2 2 3 3 3 1 3 1 3 3 1 1 3 3 1 1 2 2 3 3 2 3 1 1 1 2 3 2 1 1 2 2 3 3 3 2 1 2 1 2 1 2 3 2 3 2 2 1 3 2 1 2 2 2 2 1 3 2 3 2 3 1 1 2 2 2 1 1 3 1 1 3 3 3 3 2 3 2 1 1 2 4 5 6 5 6 4 6 6 6
4 4 4 5 4 5 4 5 5 4 5 4 6 6 4 4 5 5 5 4 5 6 5 6 6 4 5 4 4 5 6 6 5 6 5 5 4 4 4 6 5 1 1 3 1 1 3 3 1 2 2 1 2 3 2 1 3 2 1 2 3 1 3 3 2 1 1 2 2 3 3 1 1 2 2 2 2 2 2 3 3 3 2 2 3 2 2 2 1 3 2 3 1 3 1 2 2 1 2 3 3 2 3 3 2 2 3 3 3 3 3 3 2 3 3 1 3 1 1 2 1 2 3 3 3 2 2 2 3 2 2 3 2 3 2 3 2 3 1 1 2 2 4 4 5 4 6 6 6 5
4 6 6 4 5 5 6 4 5 4 5 5 6 5 6 6 4 4 4 4 4 5 5 5 6 5 4 6 6 5 6 4 4 6 5 5 5 6 6 4 4 6 1 3 3 1 2 2 3 3 1 3 2 2 3 2 1 3 1 2 3 3 3 1 3 3 2 3 1 3 1 2 2 3 1 3 1 2 3 2 1 2 2 2 2 3 2 3 3 3 3 2 2 3 2 2 3 3 2 3 1 1 1 3 3 3 1 3 2 1 1 1 1 3 2 1 3 1 3 2 2 2 2 2 2 2 1 1 1 3 1 2 1 2 2 1 2 1 1 2 1 1 3 5 6 5 6 6 4 5
5 5 5 6 4 4 4 4 6 6 4 6 4 6 5 5 6 6 5 4 6 5 5 4 6 5 6 4 5 5 4 6 6 5 5 6 4 6 6 6 5 4 6 3 1 3 3 2 1 1 1 2 3 1 3 2 2 2 3 1 2 1 3 1 3 1 1 3 2 1 2 3 3 2 2 2 1 3 2 3 1 3 2 2 3 2 2 3 3 3 2 1 2 3 3 3 1 1 3 2 1 2 3 2 1 1 2 1 1 3 2 1 1 3 2 2 1 1 1 1 2 2 3 1 1 2 1 3 3 1 1 3 3 1 3 3 2 2 1 3 2 3 2 3 6 6 4 6 4 4
6 5 6 5 6 5 4 5 4 5 6 5 6 6 6 6 5 6 4 4 6 5 6 6 6 6 6 6 4 4 4 5 5 5 6 5 6 4 4 5 4 6 4 6 2 1 3 3 3 2 1 1 1 2 1 2 1 1 2 2 2 1 1 2 1 2 3 3 1 2 1 3 2 2 3 3 1 3 2 3 2 2 2 3 2 3 1 3 3 3 3 1 1 1 1 1 3 1 3 1 1 2 2 1 2 1 3 3 3 1 3 2 1 3 1 3 1 2 1 2 3 3 2 1 2 2 1 3 3 3 1 3 1 2 3 2 2 3 2 2 3 2 3 1 2 6 6 6 5 6
4 5 4 5 4 5 4 5 6 4 6 4 5 5 4 5 4 4 5 4 4 6 6 4 6 6 5 6 4 5 5 6 6 4 5 4 6 5 5 4 5 5 4 5 6 3 1 2 2 1 2 3 2 3 1 2 2 2 1 1 2 2 1 3 1 2 2 3 3 2 3 3 1 3 2 2 2 3 1 2 3 3 2 3 3 2 1 2 3 1 2 3 1 3 2 1 3 2 3 2 3 1 3 3 3 3 3 3 1 2 1 3 2 3 3 3 2 1 1 3 3 2 1 2 3 1 2 2 2 2 3 3 2 2 2 1 2 3 1 1 2 1 3 2 2 3 4 6 5 5
5 6 6 5 5 6 5 5 6 5 4 6 4 5 4 4 6 6 5 6 6 5 5 6 4 6 5 6 6 6 4 5 4 4 6 5 4 5 4 6 5 6 5 5 6 4 3 3 1 3 3 1 2 3 3 1 1 2 2 2 1 2 1 2 2 3 2 2 2 3 1 1 3 1 1 3 3 2 1 1 3 1 2 1 2 3 3 2 2 2 1 2 1 1 2 1 2 3 3 3 2 3 3 1 1 1 1 2 1 1 2 3 1 1 1 1 3 2 1 3 3 3 1 1 1 2 2 2 3 1 3 2 1 1 3 1 3 3 1 1 3 1 2 1 2 3 3 6 5 5
5 4 4 5 6 6 5 4 5 4 5 4 4 6 6 4 5 6 6 4 5 6 5 4 6 6 5 4 4 6 6 5 6 4 5 5 6 5 4 5 5 6 6 5 6 4 6 2 2 1 3 2 1 2 2 3 2 3 2 2 2 3 1 1 2 3 1 2 1 1 3 2 2 2 1 2 2 3 1 1 2 3 2 2 3 1 2 1 2 1 1 2 2 1 2 3 2 2 3 2 3 3 2 1 2 3 2 1 3 3 1 3 2 3 2 3 1 3 3 3 3 2 2 1 3 1 3 3 2 1 3 2 1 1 1 1 3 3 1 3 3 1 3 2 3 2 3 3 6 6
6 4 4 4 4 6 4 4 4 6 5 5 6 5 5 5 5 6 4 5 6 6 5 6 4 4 5 5 6 6 5 4 4 6 5 5 6 4 4 6 5 5 5 6 6 6 6 4 3 1 3 2 2 1 1 2 3 3 1 3 2 2 2 2 2 1 3 3 3 3 2 1 1 3 2 1 2 2 1 3 3 1 2 3 1 2 1 1 1 3 2 1 1 3 3 2 2 1 2 2 1 1 1 2 3 3 2 1 2 2 3 1 3 1 1 1 3 3 2 3 2 1 3 1 1 1 3 1 2 3 3 2 2 2 3 1 1 1 2 3 2 1 1 3 2 1 3 3 1 4
5 4 6 6 6 5 6 4 5 5 5 4 5 6 6 6 4 5 5 5 6 5 5 5 6 6 6 6 5 4 4 4 5 4 6 5 4 4 5 5 6 6 6 6 4 6 4 6 6 1 3 2 3 3 1 2 1 2 3 2 2 3 1 2 1 3 2 1 3 3 2 1 2 3 1 1 3 3 1 2 2 3 3 1 2 3 1 3 2 1 2 3 3 3 2 3 1 2 2 1 2 2 3 3 3 2 3 3 2 3 2 2 2 3 2 2 1 2 2 3 2 3 2 2 1 2 3 1 3 2 2 2 2 2 3 3 1 1 3 3 3 2 1 3 1 3 3 3 2 1
5 5 4 6 4 4 4 4 6 6 4 4 5 6 6 6 5 4 6 5 4 5 6 5 4 6 4 6 6 6 5 5 4 4 6 5 4 6 4 6 5 6 5 5 6 5 4 5 4 5 1 1 1 3 2 2 1 2 1 2 1 2 3 1 2 3 3 1 2 3 3 2 2 2 2 3 3 1 3 2 1 1 1 3 3 1 1 3 1 1 1 2 3 3 1 2 2 1 3 3 3 1 3 1 3 3 3 2 3 1 1 1 1 1 1 2 1 1 3 1 2 3 3 2 2 3 3 3 1 1 3 1 2 1 2 2 1 3 1 2 2 2 3 1 2 1 2 1 1 2
7 4 6 6 5 4 5 4 6 6 5 4 4 6 6 6 5 6 4 6 4 6 5 5 5 4 4 5 4 6 5 4 4 6 5 5 6 5 5 6 5 5 4 4 4 6 4 5 6 4 5 1 3 2 3 2 3 1 2 1 1 3 3 3 3 3 1 2 3 1 3 1 1 3 1 3 1 1 1 3 3 1 2 3 3 2 1 2 2 3 2 3 3 2 1 3 2 1 1 2 1 1 1 3 2 1 2 3 2 1 1 1 3 3 2 1 1 2 1 2 2 2 3 1 3 2 2 2 2 1 2 1 2 1 2 3 2 1 2 3 3 1 2 3 2 2 2 3 3 1
10 8 6 6 6 6 5 4 4 5 6 5 4 6 5 6 6 5 4 4 4 5 4 6 5 4 5 4 5 6 5 5 4 6 6 6 4 6 4 6 4 6 5 5 6 6 6 6 6 4 6 5 2 2 3 1 2 1 1 1 3 1 1 2 2 3 3 3 1 1 2 1 1 2 2 2 3 1 1 2 1 1 1 1 1 2 2 1 1 1 3 2 3 2 3 2 1 2 2 1 3 1 1 2 1 3 1 3 1 1 1 1 1 3 1 2 1 1 1 3 3 2 2 2 1 1 3 2 1 2 2 3 2 2 2 2 2 3 1 1 1 2 2 3 1 2 2 1 2 1
7 10 7 4 6 6 4 4 6 5 6 4 5 6 4 5 6 6 4 5 6 6 5 4 4 6 4 5 5 5 5 6 6 6 6 6 5 4 6 5 5 5 4 6 5 4 4 5 5 5 5 6 4 2 1 2 2 3 1 3 2 3 2 3 1 1 1 1 1 3 2 2 3 3 2 1 1 1 2 3 2 3 2 3 2 1 1 3 3 2 3 1 3 1 1 1 2 3 2 1 3 1 3 1 2 3 1 3 3 3 3 3 3 1 1 3 2 1 1 3 2 2 2 2 2 3 2 2 2 1 1 3 3 3 3 2 1 1 1 1 3 2 1 1 3 2 2 2 3 3
9 10 10 10 6 5 4 6 5 4 6 6 6 5 4 6 5 6 6 6 5 5 6 5 4 5 6 5 5 6 5 5 4 5 4 4 4 5 6 4 4 4 5 4 5 4 5 6 6 4 6 6 4 5 2 1 1 3 2 3 3 2 1 1 2 3 2 1 3 1 3 1 3 1 3 3 1 1 2 3 1 1 3 2 3 1 2 2 2 2 1 1 3 3 2 3 1 1 1 3 3 3 2 1 2 2 2 3 1 3 1 3 2 1 1 3 1 3 3 1 3 2 3 2 3 2 2 1 2 3 1 3 2 3 2 2 1 3 1 1 2 3 3 2 3 3 1 3 1 3
10 10 7 10 8 5 4 5 6 4 4 6 6 6 5 4 4 5 4 5 5 4 4 6 5 4 6 5 4 5 4 4 6 5 4 6 6 6 5 6 5 5 6 4 4 4 5 4 4 4 5 6 5 6 6 2 1 2 3 1 2 2 2 3 3 1 2 1 1 1 2 2 2 2 2 1 2 2 1 1 3 3 2 1 1 1 1 1 2 2 1 2 3 3 1 3 2 2 2 2 2 3 1 1 1 2 3 2 1 3 1 1 1 3 2 3 3 1 1 2 3 1 1 2 3 1 3 1 2 1 1 1 3 1 3 2 3 1 3 2 2 1 3 2 1 1 2 2 2 1
10 7 7 8 10 9 5 6 5 4 4 5 6 4 6 4 4 6 5 5 4 6 6 5 5 6 4 5 6 4 5 6 4 6 5 4 4 5 4 4 5 4 6 4 6 4 6 6 4 4 5 5 4 6 6 5 1 2 3 2 2 1 2 3 1 3 1 3 1 2 3 2 3 1 1 3 3 2 1 3 3 2 2 1 1 1 3 2 1 2 3 2 1 2 1 3 1 3 3 2 3 3 1 1 2 1 2 1 3 3 1 3 3 1 2 2 2 3 2 1 3 3 3 3 1 3 2 1 2 3 2 3 2 2 1 1 1 3 3 3 3 2 3 3 3 1 1 3 3 1
10 8 9 7 10 9 10 6 5 6 6 5 5 4 5 6 4 4 4 6 4 5 5 4 5 6 5 6 5 6 5 6 4 4 6 4 5 5 6 4 6 4 4 6 4 5 5 6 4 4 5 4 5 6 6 4 4 3 2 1 2 1 1 1 3 3 1 1 3 3 2 1 2 3 2 2 1 1 1 2 3 1 3 2 2 3 3 3 3 3 2 3 2 1 2 3 2 2 2 2 1 1 3 1 3 3 3 1 2 1 3 1 2 3 3 2 1 3 1 3 1 1 1 1 2 1 3 1 1 1 3 2 3 3 3 3 2 2 2 2 1 2 1 2 3 2 3 2 1 3
9 7 10 10 8 7 9 10 4 6 5 5 6 5 6 6 6 5 4 5 4 4 5 6 6 5 6 5 5 6 4 6 4 4 4 6 5 5 6 4 4 4 5 5 6 6 6 4 6 4 6 5 4 5 5 5 4 4 2 2 2 1 1 2 2 2 3 3 3 3 2 2 2 3 1 3 1 3 1 3 2 1 1 1 2 1 3 2 3 3 1 1 2 3 3 3 2 1 3 1 2 1 2 1 3 3 3 1 1 1 3 2 1 2 1 1 1 2 2 1 2 3 3 3 1 2 1 1 1 2 1 2 2 1 2 1 2 1 3 3 1 1 3 3 1 3 1 3 3 3
10 7 7 10 8 7 7 7 8 5 5 4 4 5 4 6 4 5 6 6 5 4 5 6 4 6 5 6 5 4 4 6 5 4 4 5 6 5 5 4 5 5 4 5 4 5 4 4 4 5 5 5 4 5 4 5 4 6 6 1 3 1 2 2 1 1 1 3 3 3 3 3 2 3 3 1 3 2 3 1 2 3 3 3 1 3 3 1 1 2 2 3 2 3 2 1 2 3 3 3 3 3 2 1 3 2 2 2 1 1 1 1 2 1 3 3 2 2 3 2 3 3 3 1 3 1 1 3 1 3 2 2 3 2 1 3 2 3 2 3 3 1 2 2 1 3 1 3 3 2
7 8 8 9 9 7 7 10 8 9 4 5 5 4 6 4 4 4 6 5 6 5 6 5 6 4 4 5 5 4 6 4 6 6 5 6 4 6 4 6 4 5 6 4 6 4 4 4 5 4 4 6 6 6 5 5 5 6 5 5 2 1 3 3 1 3 2 3 2 3 3 3 2 1 3 2 3 2 2 3 3 3 1 2 3 1 3 3 2 1 3 1 3 2 2 2 3 1 1 1 3 2 2 1 1 3 2 3 1 3 2 1 1 2 1 1 2 1 1 1 3 3 1 1 2 3 2 1 3 3 1 1 3 2 2 3 3 3 1 2 1 2 2 3 2 2 2 3 1 3
10 10 9 10 8 8 7 8 8 7 10 5 5 5 5 5 6 5 6 4 4 5 4 6 4 6 4 6 6 6 4 4 5 6 6 5 4 6 6 5 6 4 4 6 6 4 6 5 4 6 5 6 5 4 4 4 6 6 4 6 5 3 1 1 1 3 2 3 3 1 2 1 1 3 3 2 3 1 1 3 1 2 1 2 3 2 3 2 2 1 2 3 3 1 2 1 2 3 2 2 1 3 1 1 2 3 3 1 1 1 1 1 2 1 3 2 3 1 1 1 2 3 3 3 2 1 3 3 1 1 2 2 1 2 1 1 2 3 1 3 3 2 1 3 2 1 2 2 3 2
9 7 7 10 8 10 8 8 8 10 8 10 6 5 6 6 6 5 5 5 4 4 5 6 5 6 5 6 4 5 6 5 4 5 4 6 6 6 5 5 4 6 5 5 6 6 6 5 4 5 4 5 6 5 6 6 4 6 6 6 5 6 3 2 2 3 2 3 3 1 3 1 2 1 1 2 2 1 2 1 3 1 2 2 2 2 2 3 2 3 3 1 3 2 3 2 3 2 1 2 2 1 3 3 1 3 1 1 1 2 2 3 2 1 2 2 2 2 3 1 1 2 1 2 1 3 3 3 2 1 2 1 3 3 1 2 2 3 3 1 3 1 1 1 3 3 1 1 3 1
7 10 8 8 8 10 10 9 7 8 9 7 8 4 6 4 5 5 6 5 5 6 5 4 5 6 5 5 4 4 4 5 5 5 4 6 6 5 4 6 4 5 4 5 4 5 4 6 5 4 6 5 6 5 5 6 5 5 6 4 4 4 6 2 1 1 2 3 1 2 3 2 1 1 1 1 2 3 3 3 3 3 3 1 1 3 2 1 2 1 2 1 3 1 1 3 2 2 3 2 1 1 1 2 1 3 1 1 3 1 3 1 1 2 3 2 2 2 3 1 2 3 2 3 2 1 1 2 2 3 2 2 2 2 3 1 3 1 3 3 1 2 1 3 2 1 3 1 1 2
7 9 10 9 10 8 7 9 8 7 8 7 8 9 5 5 5 4 4 4 5 5 6 6 5 6 6 5 5 5 6 6 5 5 4 4 5 6 4 5 6 4 5 6 5 6 4 4 5 5 4 5 4 4 5 4 4 5 5 4 4 6 4 5 2 3 3 3 1 3 2 3 3 3 3 2 3 1 3 1 3 3 1 2 3 3 1 1 3 3 3 1 1 1 1 3 3 2 1 2 3 2 3 3 3 1 2 3 3 2 2 1 3 2 2 2 1 2 2 1 1 2 2 2 3 3 3 1 3 3 3 2 3 2 1 2 1 1 1 2 2 3 3 3 2 3 2 3 3 3
8 10 7 9 8 10 7 9 9 9 9 10 10 9 9 6 5 6 4 4 5 6 4 5 6 6 5 4 6 6 4 5 4 4 4 6 4 6 4 4 6 6 6 5 5 6 4 4 4 5 5 4 4 5 4 4 4 4 6 5 4 6 4 6 4 1 3 3 1 1 2 3 2 3 3 3 1 1 2 1 3 2 3 1 1 2 2 3 2 2 1 1 3 1 1 3 1 1 1 2 2 1 1 2 3 2 3 1 1 2 1 3 3 3 1 1 3 2 3 3 2 3 2 2 1 3 1 3 1 2 3 2 1 2 1 1 2 3 2 2 3 2 1 1 2 3 2 2 3 1
9 7 7 7 9 10 9 10 10 10 10 9 9 7 8 9 6 4 5 4 5 4 6 4 6 4 5 5 6 6 5 4 6 4 5 4 6 5 4 6 5 6 5 6 5 6 4 4 5 5 4 4 5 5 6 5 6 4 5 6 6 6 5 5 5 5 3 2 1 2 2 1 3 3 3 1 1 3 3 1 3 1 3 1 3 2 1 1 3 2 3 2 3 2 2 3 1 1 2 1 1 2 2 1 1 1 2 1 3 3 2 1 3 1 1 2 3 2 1 2 2 2 2 3 3 1 1 2 2 1 1 1 1 2 1 2 1 3 1 1 3 2 2 2 3 3 2 2 3 3
10 10 9 9 9 7 9 7 7 8 9 8 7 9 9 9 7 6 4 4 4 4 6 6 6 5 6 6 6 5 4 4 5 4 6 4 6 6 6 4 5 5 5 5 4 4 6 4 4 5 4 6 5 5 6 5 4 5 4 4 6 6 5 4 6 4 4 1 2 3 2 2 2 1 3 2 1 1 1 1 3 2 2 3 2 3 3 1 2 3 2 2 2 2 2 2 3 1 1 3 2 2 1 2 3 2 1 1 1 1 2 3 3 3 3 1 3 2 1 2 2 2 3 2 1 2 3 1 1 1 1 3 3 2 1 2 1 1 3 2 3 3 1 3 3 3 3 2 1 2
8 8 7 10 8 7 9 9 10 8 10 8 9 9 8 10 8 7 5 6 5 6 4 5 4 6 6 6 5 6 4 4 6 4 5 5 6 4 6 6 5 4 5 6 5 5 4 4 5 5 6 6 6 6 4 4 5 4 6 6 6 5 6 6 5 6 5 5 2 3 2 3 1 2 3 1 2 1 3 3 2 2 1 2 2 3 1 1 2 1 3 3 1 1 3 1 2 2 1 2 3 2 2 3 3 2 2 1 3 1 1 2 1 3 3 3 2 1 1 1 1 2 1 3 1 1 1 3 2 1 1 2 2 2 2 3 3 3 1 1 2 3 3 3 1 3 2 3 3 2
10 10 10 9 9 8 9 8 7 10 7 7 8 9 10 10 10 7 10 5 6 5 6 5 6 4 5 4 4 4 4 6 6 4 6 6 5 5 6 5 4 4 6 5 4 6 6 6 6 6 6 4 6 6 5 4 5 5 6 5 5 6 6 5 4 5 6 6 5 2 3 2 3 3 2 1 1 2 3 3 2 1 3 1 2 2 1 2 1 3 3 3 3 2 1 2 2 3 2 1 1 1 1 1 2 3 1 3 2 2 3 3 2 1 3 3 1 3 3 1 1 3 1 1 2 3 1 3 2 3 3 1 2 2 1 3 1 2 1 2 1 2 3 3 1 2 3 1 3 1
8 8 8 7 9 9 8 10 7 10 9 8 9 10 10 8 8 7 7 10 4 6 6 6 5 6 5 6 5 4 6 4 5 4 6 4 4 5 5 4 6 4 6 6 5 4 6 5 5 6 5 4 6 6 4 5 5 4 4 6 5 5 6 5 4 6 6 4 5 4 1 3 1 3 1 2 2 1 3 3 2 3 2 3 3 3 3 1 3 1 3 1 2 3 2 2 2 1 1 3 3 1 3 2 1 3 1 2 2 3 3 1 3 3 3 2 2 3 1 3 2 2 1 1 3 1 1 1 2 1 3 1 3 1 3 1 1 1 3 2 1 3 2 1 1 2 2 3 1 2
7 9 7 8 10 7 7 10 9 10 8 7 10 7 8 7 9 9 8 7 10 4 4 6 6 4 4 4 5 5 4 5 5 6 6 6 5 5 6 5 4 4 5 4 4 6 5 4 5 5 5 6 4 4 6 6 6 6 4 6 4 4 4 5 4 4 4 6 5 4 5 2 3 1 3 1 3 2 1 3 3 2 2 3 2 1 1 1 2 3 3 2 1 3 2 1 3 1 1 1 2 3 2 2 1 1 2 3 3 1 2 3 2 2 1 2 2 2 1 2 1 1 2 3 3 3 1 2 2 2 2 3 3 2 3 2 2 3 2 2 1 1 3 1 1 1 1 2 3 2
7 9 9 10 8 8 9 8 7 9 9 10 9 8 8 9 9 7 8 10 7 8 4 4 5 5 5 6 4 5 4 6 6 5 5 6 5 4 4 6 5 5 5 4 5 4 6 5 4 4 6 4 5 5 4 6 4 6 4 6 4 4 4 5 5 4 5 4 6 6 5 4 1 3 1 1 3 3 1 2 3 3 3 1 2 3 1 3 3 1 1 2 1 2 3 3 1 3 1 1 2 1 1 2 3 1 2 2 2 2 2 1 2 1 3 2 3 2 2 2 1 3 2 2 3 3 2 2 1 3 3 3 1 2 1 2 3 2 3 1 2 2 2 2 3 3 1 2 2 3
8 8 10 8 8 9 8 8 7 9 9 9 9 10 8 10 10 9 9 8 9 10 8 4 6 5 4 5 6 5 6 6 5 5 5 5 6 5 5 4 4 5 4 5 6 5 5 5 4 5 4 5 4 5 6 4 4 6 5 5 6 4 5 4 5 4 6 4 5 4 4 5 4 3 1 3 2 2 2 3 2 1 1 2 1 1 2 2 1 1 3 2 1 1 3 2 1 1 2 2 2 1 2 1 2 3 3 2 1 1 1 3 1 3 3 1 1 1 1 1 2 1 3 2 2 1 1 3 2 1 1 2 3 2 3 3 1 3 3 1 2 2 3 2 1 2 3 3 3 1
9 7 10 9 8 10 9 9 10 8 7 8 8 8 9 9 10 10 9 10 7 7 10 9 4 4 6 6 4 4 6 5 4 6 6 5 5 4 5 5 6 5 6 6 6 4 4 4 5 6 4 4 6 4 4 4 5 6 5 5 4 6 4 4 5 5 4 4 6 5 6 5 4 5 3 3 1 2 1 1 3 1 3 3 3 2 3 2 3 1 2 1 1 3 2 1 3 2 2 2 3 1 1 2 1 1 3 2 2 2 2 3 2 1 2 2 3 2 1 3 3 3 1 1 2 1 3 1 2 2 1 2 2 2 3 1 1 2 2 2 2 3 2 1 2 2 3 1 2 3
10 7 7 8 10 9 7 7 8 8 9 10 7 8 7 7 10 8 7 8 8 7 7 9 7 6 6 4 6 4 5 6 6 4 4 5 4 5 5 6 5 4 6 4 4 6 4 6 6 5 6 5 6 5 6 4 5 4 4 6 5 6 5 6 4 5 4 5 5 5 5 5 4 6 4 3 3 1 3 1 2 3 1 3 1 1 3 1 2 1 3 1 3 3 1 1 1 3 2 1 2 2 3 1 2 3 1 1 3 2 2 2 1 1 2 1 2 1 1 3 1 1 1 3 3 2 1 2 1 1 3 2 1 3 2 3 3 1 3 2 1 3 1 2 3 1 1 1 1 2
9 7 7 9 9 7 8 9 8 9 9 7 8 7 9 10 10 10 9 8 9 10 10 10 9 10 4 6 6 5 4 4 6 5 5 4 4 5 5 5 6 4 6 6 4 5 5 6 6 6 4 5 4 4 5 5 5 4 4 5 4 4 4 6 5 4 5 4 6 6 6 4 6 4 5 4 1 1 1 3 2 1 1 3 3 3 1 3 1 1 1 1 3 1 3 2 3 1 3 2 2 3 3 1 3 3 1 2 1 1 1 2 2 1 1 1 1 2 3 3 2 1 2 2 1 2 3 2 3 3 2 1 3 3 1 2 2 1 1 1 3 3 2 2 1 1 2 3 1 2
10 7 8 9 7 10 10 8 10 9 7 10 9 10 8 8 8 9 8 8 10 8 7 10 7 10 7 6 6 6 6 5 5 6 4 6 5 6 4 6 4 5 5 4 4 5 6 5 6 5 5 6 6 6 4 5 4 6 6 4 6 6 5 4 5 5 6 6 4 6 4 6 4 4 6 5 6 3 1 3 2 1 1 2 1 1 1 1 3 2 2 1 2 2 2 2 3 1 1 2 3 2 1 1 1 3 1 1 3 1 1 2 2 2 3 2 2 3 1 2 3 3 3 2 2 1 3 1 1 1 2 3 1 2 2 2 2 1 2 3 1 2 2 2 3 1 3 1 2 3
10 7 7 8 9 8 8 10 7 9 9 9 9 7 7 10 7 7 7 7 8 8 10 10 9 7 7 7 6 4 4 5 6 6 4 4 5 4 5 6 6 6 6 4 5 5 4 4 4 4 5 5 4 6 5 5 6 6 4 6 5 5 5 6 6 4 5 4 5 4 5 6 6 4 6 5 5 5 1 3 1 1 3 2 3 1 3 1 1 1 2 2 1 1 2 2 2 3 1 3 2 2 3 2 1 2 1 1 2 3 1 3 2 1 1 1 1 2 3 1 3 1 1 1 1 1 1 3 1 1 2 3 1 3 2 3 2 2 3 2 2 1 2 2 2 3 1 2 1 2
9 7 7 9 7 7 9 9 8 7 8 10 9 9 7 10 9 10 7 10 9 7 7 10 8 10 7 10 8 5 5 6 6 4 6 4 6 4 6 5 4 4 4 5 6 6 6 5 4 6 5 6 5 6 5 6 4 6 6 6 6 4 6 6 6 4 6 5 6 6 4 5 5 5 6 5 5 6 4 1 2 2 3 1 2 2 3 3 2 3 2 2 1 1 2 3 3 2 2 2 3 1 2 3 3 1 3 3 2 1 3 2 3 2 1 2 2 1 3 1 2 2 3 1 2 2 2 2 1 2 2 2 1 3 2 2 3 2 3 1 2 1 3 3 3 3 1 1 2 2
10 10 8 9 8 7 10 7 7 8 10 9 10 7 9 8 7 9 7 10 7 7 8 8 7 9 9 8 8 10 5 5 4 5 5 6 6 4 4 6 4 6 4 4 5 5 5 6 5 6 4 6 6 5 4 5 5 6 4 4 5 5 6 5 6 5 5 6 5 5 5 4 4 6 6 4 6 6 5 4 1 3 1 2 2 1 2 3 2 3 3 3 1 2 1 2 3 2 1 3 1 3 2 1 2 2 1 1 1 2 1 1 2 2 3 3 2 1 2 2 3 1 3 1 2 2 2 3 1 3 3 1 3 1 1 1 2 2 3 1 3 3 3 3 3 2 2 1 3 1
7 8 7 9 8 8 9 10 10 7 9 7 8 10 9 7 7 9 7 10 8 9 7 8 7 8 10 7 7 7 7 5 6 5 5 4 5 5 6 6 4 5 5 4 6 4 6 5 6 5 4 4 4 6 6 5 6 4 5 4 5 5 4 5 6 6 6 4 5 6 6 4 4 4 6 4 5 4 5 5 6 3 2 3 3 2 2 1 1 2 1 2 2 1 3 3 1 3 1 2 1 2 1 2 1 3 3 3 2 1 2 3 3 1 2 3 1 3 2 3 1 1 2 3 3 2 1 1 3 2 3 3 3 2 3 3 3 1 2 2 3 1 3 3 2 2 2 2 2 1
9 7 8 10 10 9 7 7 10 9 7 7 8 7 9 7 7 9 10 8 9 9 10 9 7 8 10 9 10 9 7 7 4 6 5 5 6 6 5 5 6 5 6 6 4 4 5 5 6 5 5 6 6 6 4 4 6 5 5 5 5 4 5 4 4 4 4 5 5 4 4 5 6 5 5 6 6 5 5 4 4 4 2 3 1 3 3 1 1 2 3 3 2 3 1 1 3 1 1 3 1 1 3 1 3 2 2 3 1 2 1 1 3 2 1 1 3 1 2 1 3 2 1 2 1 3 1 3 2 2 3 2 2 3 3 1 1 2 2 1 2 3 3 2 2 3 3 1 2 1
8 10 8 7 9 8 10 8 7 10 7 10 7 8 7 8 10 7 10 9 10 10 8 9 8 9 9 7 8 7 8 7 10 4 6 6 5 6 5 5 5 6 6 5 6 4 5 4 5 4 6 5 4 6 5 4 5 4 6 4 5 5 5 6 5 5 4 5 5 5 5 5 6 4 6 5 5 4 6 5 5 4 6 3 2 3 1 1 3 2 3 3 1 3 2 1 3 1 3 2 3 1 3 2 3 2 3 3 2 1 1 2 3 2 1 3 3 2 3 3 1 3 2 2 3 3 1 3 1 1 3 2 2 2 3 2 1 3 3 3 1 2 3 2 1 3 1 3 2 3
10 10 7 7 7 9 8 7 8 7 8 8 8 8 7 8 8 8 9 9 8 8 9 7 10 10 8 8 8 10 8 8 8 8 5 5 4 6 5 6 6 5 6 6 6 4 6 5 4 5 6 5 6 5 6 6 6 6 4 5 5 4 5 4 5 5 6 6 4 4 5 6 6 5 4 4 5 6 6 5 6 4 6 5 3 1 3 3 1 1 3 3 2 2 2 1 3 3 2 3 2 1 3 3 1 2 2 3 1 2 2 2 2 1 1 2 3 2 1 2 2 1 1 3 3 3 2 3 1 3 1 2 1 2 2 3 3 2 3 2 3 3 3 1 1 3 3 2 1 1
9 9 10 7 10 7 7 8 7 7 8 9 8 7 7 10 9 9 8 9 9 9 10 8 7 10 10 7 7 10 8 9 7 8 7 4 4 6 4 5 5 4 6 5 5 6 5 5 5 5 6 5 4 6 5 6 5 5 6 6 5 6 6 5 5 5 5 5 6 5 5 5 4 5 5 5 6 6 5 6 6 4 6 6 4 1 1 3 2 3 3 1 1 3 2 2 1 3 1 2 3 3 2 3 2 1 3 3 3 1 2 1 3 2 3 3 3 3 3 3 2 1 2 2 1 2 1 3 2 1 1 1 1 3 3 2 2 3 3 1 3 1 2 2 3 1 3 2 1 1
7 10 7 8 7 8 9 10 8 9 7 7 9 10 10 10 8 7 8 7 7 10 8 7 8 7 7 10 9 10 9 10 9 7 9 7 6 4 5 5 5 5 6 4 4 5 4 5 6 6 5 5 4 4 4 5 6 4 6 5 6 5 5 4 6 6 6 6 4 4 5 4 6 4 4 4 6 4 4 6 6 5 5 6 6 4 3 1 1 3 3 1 2 3 3 2 3 3 3 2 1 3 1 2 2 1 2 2 2 3 3 3 1 1 2 2 1 2 3 3 3 2 3 3 2 3 2 3 3 2 2 2 1 1 2 3 1 1 3 1 3 1 2 1 2 2 1 1 1 2
7 10 9 10 7 8 7 8 7 9 9 9 8 10 9 8 7 9 10 8 7 7 8 7 9 10 10 7 7 7 10 7 7 7 8 10 10 4 4 5 6 5 6 6 4 4 6 6 5 6 5 4 6 5 6 5 4 5 6 5 6 4 6 5 5 4 5 4 4 4 6 4 6 6 5 4 4 6 5 4 4 5 5 5 5 4 6 1 1 3 1 1 2 2 2 2 1 2 2 3 2 1 3 2 2 3 1 2 1 2 1 1 1 1 3 2 1 2 1 1 3 1 2 2 1 1 1 2 3 1 3 3 3 3 1 2 1 2 3 3 1 1 3 1 2 3 3 1 1 2
10 7 10 7 7 10 8 10 8 8 10 8 9 7 9 7 9 8 7 9 8 9 8 8 7 10 10 7 8 7 8 10 7 7 9 8 8 8 6 5 6 6 4 5 4 5 5 6 5 5 6 6 4 4 5 4 6 4 4 6 4 4 6 6 6 5 4 4 4 4 6 5 4 4 5 6 6 6 4 5 4 6 4 6 4 4 4 5 2 3 3 3 3 3 2 3 2 3 1 2 2 3 1 2 1 2 3 2 3 1 3 1 2 2 1 2 3 1 1 3 2 3 2 2 2 2 3 2 3 3 3 3 2 2 3 2 3 3 3 3 2 1 3 2 1 1 3 1 2 3
8 8 7 9 9 9 9 10 7 9 10 8 7 8 7 7 10 7 10 7 7 8 9 10 10 7 9 7 10 9 9 9 9 10 8 7 8 9 10 5 4 5 6 4 6 5 6 5 6 5 5 4 5 6 6 6 5 6 4 6 6 5 6 5 5 4 6 4 4 5 4 6 5 4 4 4 6 6 6 4 6 5 4 4 6 4 5 4 6 3 3 1 1 3 1 2 1 2 2 1 3 1 3 3 1 3 3 3 2 2 3 1 1 2 3 3 2 1 2 1 1 1 2 1 3 1 1 2 3 1 1 1 1 1 2 3 2 1 1 1 3 2 1 3 3 2 1 1 3 3
10 10 10 7 8 7 9 8 7 7 10 7 9 9 7 7 10 7 8 10 8 9 8 8 8 10 10 9 10 10 10 9 7 9 7 7 10 7 9 9 5 4 5 4 4 4 4 4 6 6 6 6 6 6 4 4 5 6 4 6 4 4 5 6 5 6 5 6 5 4 6 6 4 4 4 5 4 6 6 6 4 5 6 6 6 6 5 5 6 6 3 2 3 3 3 2 2 1 2 3 1 2 3 2 1 3 3 1 3 3 1 3 3 1 3 1 1 2 2 1 3 3 2 2 2 2 1 2 3 1 2 3 2 2 2 3 2 1 1 2 3 3 3 2 3 2 1 2 1 3
10 10 8 9 8 9 8 7 7 9 10 10 8 10 10 9 9 10 10 10 7 8 9 7 7 8 10 9 9 7 10 8 8 8 8 9 9 8 9 7 9 5 5 6 6 5 4 5 6 6 5 6 4 6 5 4 6 5 6 5 4 5 6 5 4 4 4 5 5 4 6 4 5 6 5 4 6 6 5 4 4 5 5 5 5 4 5 6 6 4 4 1 1 1 1 1 1 1 2 3 3 1 3 1 1 1 2 3 2 3 2 3 2 3 1 1 1 1 1 1 1 2 1 2 3 2 3 1 3 3 1 2 1 1 3 3 2 2 1 2 1 1 1 1 3 3 2 3 3 2
9 10 8 8 10 10 10 8 10 8 9 7 7 10 8 10 7 8 10 7 8 8 10 9 10 10 8 8 8 9 7 8 7 9 10 8 7 7 8 7 10 10 4 5 4 4 4 6 6 4 5 6 6 4 6 5 6 5 4 5 6 5 5 6 4 4 6 6 4 6 6 6 6 5 4 4 4 6 6 4 6 5 4 4 5 5 6 4 6 6 4 6 3 1 3 1 1 2 1 2 3 1 2 1 1 2 2 2 2 3 2 1 3 1 1 1 3 1 2 2 1 1 3 3 1 2 3 1 1 2 3 1 3 3 3 1 2 1 3 3 2 3 3 1 3 3 2 2 2 3
7 7 9 10 10 7 10 7 9 9 7 7 8 8 9 10 8 10 7 9 10 10 9 7 7 9 10 10 9 7 8 7 10 9 7 8 9 7 9 9 9 8 8 4 6 6 6 6 4 5 5 5 4 4 5 6 5 6 4 4 4 6 4 5 6 6 6 4 4 4 5 6 5 4 5 4 6 6 4 4 6 6 6 6 6 5 5 5 5 4 4 4 5 1 3 2 3 2 3 1 1 1 1 1 1 2 2 2 1 3 1 2 3 3 1 3 3 1 3 2 3 2 1 2 1 2 1 1 1 2 2 1 3 3 3 3 2 1 3 3 2 3 3 3 3 1 2 3 1 2
9 7 9 10 8 7 8 10 10 10 9 7 8 9 7 7 8 8 10 7 8 9 10 9 9 8 8 9 9 10 8 9 8 10 8 9 8 8 7 8 10 7 8 10 4 4 6 4 4 5 6 6 5 5 5 4 6 4 6 6 6 4 4 6 5 4 5 4 6 4 4 4 4 4 6 6 5 5 5 4 4 4 5 4 6 5 5 4 5 6 5 4 5 6 1 1 2 2 2 1 3 2 1 3 2 1 3 1 2 3 1 3 1 3 1 3 2 1 3 1 3 1 2 2 2 2 3 1 3 3 3 2 1 1 1 2 2 1 1 1 3 2 3 1 3 1 1 1 3 3
7 7 9 9 9 9 10 8 9 7 7 7 10 8 8 7 9 9 9 9 7 7 9 8 10 10 10 9 8 7 8 7 9 7 8 8 10 7 7 7 7 8 7 9 7 5 4 5 6 5 4 5 5 5 5 4 6 4 6 5 4 5 5 5 5 5 5 4 6 4 5 4 6 6 5 4 6 5 4 6 5 4 6 6 6 6 5 5 4 6 5 5 5 6 6 1 2 1 3 1 2 2 2 2 3 1 3 2 2 2 2 2 3 3 1 3 3 1 3 3 3 1 1 2 2 3 1 2 3 2 2 3 1 2 3 3 1 2 2 2 1 1 3 2 3 2 3 1 1 3
9 10 10 9 9 10 10 8 10 8 7 9 10 9 7 9 7 8 7 7 9 10 7 8 8 9 7 9 7 8 8 10 8 7 8 10 10 9 9 9 7 8 10 7 10 9 4 5 6 4 6 5 6 6 4 6 5 4 6 6 5 6 6 4 4 4 6 6 5 6 5 5 5 4 4 4 4 6 6 4 5 4 5 5 5 6 4 4 5 6 6 5 4 4 5 5 3 1 3 1 1 3 2 1 3 3 1 3 2 1 1 2 3 2 2 1 3 2 2 3 2 3 3 1 2 3 2 2 1 2 2 2 2 2 1 1 2 3 2 1 3 3 1 3 3 2 2 3 3 2
8 7 8 10 8 8 10 10 9 9 9 7 8 9 7 10 8 7 9 7 7 9 10 8 10 9 10 8 7 8 7 10 7 9 7 9 7 8 10 8 8 9 10 9 8 8 10 6 4 6 6 5 5 5 5 5 6 5 5 6 4 5 5 5 4 4 6 5 4 6 4 6 4 4 4 6 5 6 5 5 4 6 6 5 6 6 5 5 6 4 5 5 6 4 5 6 4 2 2 2 3 2 1 1 3 2 3 2 2 2 3 1 1 3 2 1 1 2 2 1 1 2 2 2 1 3 3 1 1 3 1 2 1 3 2 2 1 2 3 3 3 2 2 1 2 1 1 2 3 2
7 9 9 9 9 10 10 9 7 8 9 7 7 10 7 9 10 7 8 10 8 9 8 8 7 8 9 9 7 10 7 9 8 8 7 7 10 10 7 7 8 9 7 9 8 10 8 10 5 4 5 5 5 6 5 6 4 4 5 5 6 5 6 5 5 4 4 4 6 4 5 4 4 4 6 5 4 6 5 5 5 5 5 5 6 5 4 5 4 4 5 5 5 5 5 6 4 6 2 2 2 2 1 3 2 2 1 3 1 2 1 1 2 1 1 1 1 2 1 3 3 3 2 3 2 2 1 2 2 3 1 2 2 2 2 2 1 2 2 1 1 3 3 2 1 3 2 2 1 3
8 9 9 10 10 7 8 8 10 7 9 10 8 9 7 9 10 7 10 9 9 7 9 7 9 7 9 7 8 8 9 7 9 8 10 8 9 10 7 7 8 10 8 9 8 9 7 7 10 6 4 5 5 5 6 6 6 6 6 5 5 6 6 6 4 4 6 4 4 5 6 6 6 4 4 5 5 6 5 6 5 5 6 5 4 5 5 4 4 5 6 6 5 4 5 4 5 6 5 3 2 3 3 3 2 2 1 1 1 3 3 2 1 2 3 3 1 2 3 1 3 3 1 3 3 3 2 2 2 2 3 1 3 2 3 2 2 1 1 2 3 1 1 2 1 1 2 2 1 3