100
3 122
4 256
2 129
5 76
5 84
5 206
2 83
1 271
5 292
1 57
4 111
2 253
5 239
3 75
4 187
1 93
5 98
5 194
4 215
3 261
4 294
3 74
1 202
1 223
2 62
5 0
4 37
3 12
5 1
1 222
2 184
5 256
2 249
8 125
9 75
8 169
8 55
9 233
10 85
7 44
6 210
8 108
6 263
6 254
7 28
8 37
10 163
8 253
8 236
7 201
9 244
8 197
9 120
10 15
8 17
10 172
9 56
8 25
7 196
8 219
6 17
9 54
8 100
9 146
9 4
7 196
19 95
17 171
13 35
20 64
16 277
11 82
12 186
18 238
18 140
16 169
20 197
17 282
18 157
17 97
12 189
16 159
20 199
18 34
20 165
14 134
15 267
13 252
17 14
13 170
20 102
18 213
17 173
16 193
12 1
15 220
16 291
16 28
13 111
15 133
3 2 2 1 1 2 2 1 3 3 1 1 2 3 2 2 2 1 2 3 2 2 3 3 3 3 1 1 1 3 1 1 1 2 5 5 6 6 5 5 5 4 5 6 6 4 4 4 4 6 6 5 6 5 5 6 5 4 5 6 6 5 6 5 4 6 6 7 9 7 9 7 10 7 7 10 7 8 10 10 8 10 7 8 8 10 10 9 10 10 9 7 9 9 7 8 8 7 10 7
1 1 3 3 2 3 1 2 2 3 1 3 2 2 2 2 1 1 2 3 1 1 2 1 3 3 2 2 1 1 3 3 1 1 2 6 4 5 6 4 4 4 6 5 6 4 6 5 4 6 5 5 4 6 5 6 6 5 4 6 4 5 5 6 4 4 4 5 7 10 10 8 10 9 9 8 7 8 9 9 7 8 8 7 8 7 7 10 8 7 8 7 7 10 8 8 7 7 9 7
3 3 3 2 3 2 1 3 1 2 3 3 3 1 3 1 3 3 2 2 3 1 2 2 3 3 3 1 1 3 1 1 3 2 2 2 4 4 6 6 6 6 6 4 6 4 5 5 4 5 6 6 5 6 5 5 5 6 6 4 6 5 4 4 5 6 5 6 4 9 9 9 10 9 8 10 8 9 7 10 9 10 10 8 10 9 7 10 8 9 8 10 10 7 7 7 7 9 8 7
1 1 2 2 1 2 3 3 2 1 1 2 1 3 1 1 1 2 3 2 1 1 3 1 2 2 2 2 1 3 3 1 2 1 3 1 2 4 4 4 6 5 5 5 4 4 5 6 5 4 4 4 4 5 5 5 6 4 6 5 4 6 5 6 5 6 4 4 4 6 7 8 10 9 8 10 8 10 9 8 9 10 7 7 8 9 9 8 7 8 10 7 8 9 8 8 10 10 8 8
2 3 2 1 2 1 1 3 2 3 3 1 2 1 1 2 2 1 2 2 2 2 1 1 2 2 2 2 3 2 2 1 3 2 3 3 3 3 6 5 6 5 4 5 5 6 6 5 4 6 4 4 5 4 4 6 4 4 5 4 5 5 4 6 4 6 4 5 6 6 6 10 8 7 9 7 7 7 8 7 9 7 10 10 10 9 7 8 7 9 10 10 7 8 7 9 8 8 9 8
2 1 3 3 1 3 3 1 1 2 3 3 1 3 2 3 1 1 1 2 3 2 2 2 3 2 2 2 2 1 2 2 1 1 1 3 1 1 2 4 4 4 5 5 6 4 6 5 5 6 5 4 4 6 5 4 6 4 6 5 5 6 6 5 6 4 4 6 4 5 6 6 9 10 7 7 10 7 10 8 8 8 9 7 7 8 9 7 7 8 9 7 10 8 7 7 9 10 10 7
3 2 1 3 3 3 2 1 2 2 3 3 3 1 2 2 3 3 1 3 1 2 2 1 1 1 1 3 2 2 3 1 1 2 3 2 1 1 3 2 4 5 6 4 6 4 6 6 4 5 5 4 6 4 4 6 5 5 5 6 4 6 5 6 6 6 6 5 4 6 5 5 5 9 10 8 8 8 10 7 10 8 10 9 7 7 7 10 7 10 8 7 9 10 10 8 7 8 9 8
1 1 2 2 3 1 2 2 2 2 1 3 3 2 2 2 3 2 1 3 1 1 1 2 3 3 1 1 3 3 3 3 2 2 3 1 1 2 3 1 1 6 4 6 6 4 4 5 6 5 6 4 6 4 5 4 6 6 5 6 6 6 5 5 4 6 4 6 5 6 6 4 6 4 10 9 10 10 9 10 7 9 7 10 7 8 7 9 9 9 10 8 7 8 8 8 8 9 8 10
3 3 1 2 3 2 2 3 3 2 2 2 3 2 1 2 2 3 2 1 2 2 2 3 2 3 3 2 3 1 2 2 1 2 2 1 2 1 2 3 3 3 5 4 5 4 6 5 4 4 4 4 6 4 6 6 6 6 4 4 4 6 6 5 4 4 5 6 4 4 5 6 6 6 6 8 10 10 10 7 9 10 7 7 8 7 8 8 7 10 7 10 9 7 9 10 8 8 8 9
1 3 3 3 3 2 3 2 3 1 2 3 2 3 3 1 1 2 3 2 2 3 1 2 1 1 1 3 1 2 1 1 2 2 3 2 2 2 3 1 2 3 1 4 4 6 4 5 4 5 4 4 4 5 6 4 5 6 6 5 6 4 4 5 4 5 6 4 6 4 5 5 4 4 4 5 10 7 7 8 7 7 10 10 8 8 7 9 9 10 7 8 10 7 10 10 10 10 10 8
2 3 1 2 1 3 2 1 1 1 2 3 1 1 1 2 3 2 2 1 1 1 3 3 1 1 3 2 1 1 2 2 3 1 3 3 1 3 1 3 2 2 1 1 6 5 6 4 4 5 6 4 4 5 4 6 5 5 5 5 5 4 4 5 6 6 5 6 5 5 6 6 6 5 5 6 4 9 8 8 7 10 9 9 9 8 8 7 9 10 7 10 9 10 7 9 10 8 7 10
1 1 1 3 2 1 1 2 3 2 2 2 1 1 1 3 1 1 1 2 3 2 3 1 1 2 3 3 3 3 2 2 2 3 3 2 3 3 2 1 2 3 1 2 3 6 5 4 4 6 5 5 4 5 5 6 6 5 5 5 6 4 5 4 6 6 5 4 6 4 5 4 6 6 6 5 4 4 9 9 9 8 10 9 7 7 10 8 10 10 9 10 10 10 7 10 10 7 7 9
2 2 3 3 2 3 2 1 1 2 1 3 1 2 3 2 1 3 3 2 1 2 2 2 2 2 3 1 1 3 3 1 1 1 3 2 1 3 2 2 2 2 3 2 1 1 5 4 5 5 5 6 4 4 5 6 6 6 5 5 4 4 4 4 4 5 5 6 5 5 6 6 4 5 4 6 5 6 5 8 9 8 10 8 9 8 8 7 10 8 9 9 9 10 8 7 9 8 9 10
1 1 2 3 2 1 2 3 3 1 1 3 1 1 2 1 3 3 3 2 3 1 1 1 2 3 2 3 3 3 1 1 2 2 2 1 2 3 1 3 3 2 3 1 1 2 1 5 4 6 6 5 4 4 4 5 4 4 4 4 4 5 6 4 6 5 4 6 5 6 5 5 4 6 4 5 6 6 5 5 7 9 10 9 10 10 7 8 8 10 9 10 8 9 10 7 9 8 9 7
2 2 2 3 1 3 2 1 3 1 1 1 2 1 1 1 1 2 2 2 2 1 2 3 2 2 1 3 2 3 2 3 1 1 1 1 3 2 1 3 2 3 2 2 2 2 2 2 5 5 5 6 4 5 6 5 5 4 4 4 6 6 6 4 4 6 5 6 5 4 4 4 4 5 5 6 4 6 5 4 6 10 9 9 7 8 7 8 7 10 9 9 10 7 7 7 10 9 8 7
3 2 1 2 1 3 2 1 1 2 3 2 1 1 1 3 1 2 3 2 1 2 2 3 1 1 2 1 2 3 2 2 2 3 3 2 1 2 2 2 1 1 2 3 3 3 3 1 3 4 5 6 5 6 4 4 6 5 4 4 4 5 6 4 6 5 4 4 5 4 4 6 6 4 6 6 4 5 5 5 6 4 9 9 10 7 9 7 9 8 9 10 10 9 10 10 7 9 9 10
2 2 1 1 3 1 2 2 2 2 1 1 2 1 2 1 3 1 2 2 2 3 2 1 2 2 2 3 2 2 1 3 2 3 2 1 2 3 2 2 2 3 2 2 1 1 3 2 1 3 6 5 5 6 6 5 5 5 5 4 5 5 5 4 4 4 6 4 4 5 5 6 4 4 4 4 4 4 6 4 6 4 5 8 7 9 8 8 10 8 8 10 8 10 9 10 10 9 7 9
3 3 2 3 1 3 2 3 3 2 2 1 2 2 3 3 3 1 1 3 3 1 1 3 3 3 3 2 3 1 1 3 3 2 1 1 3 2 3 2 1 3 2 3 2 2 1 1 1 3 2 4 5 5 5 5 5 4 4 6 5 6 4 5 6 4 4 5 4 6 6 5 4 5 5 4 5 5 5 5 6 4 4 4 8 8 8 7 9 8 10 9 10 8 9 9 10 7 7 10
1 1 2 3 1 2 1 1 3 3 2 2 3 3 3 1 1 3 3 3 1 1 1 3 1 3 1 1 2 3 2 3 3 2 3 1 2 1 3 3 2 2 2 1 1 2 2 3 3 1 2 1 5 5 4 5 5 4 4 5 4 5 4 4 5 5 4 6 5 4 4 5 4 4 5 4 5 5 6 5 5 5 5 6 4 10 10 8 9 7 10 9 9 10 7 9 9 8 10 8
1 3 1 3 1 3 1 2 2 3 1 1 1 1 2 2 2 2 1 3 2 3 2 3 1 3 3 2 1 1 1 1 3 3 1 2 2 2 2 3 2 1 1 2 1 1 1 1 1 2 2 2 3 4 5 4 5 5 6 4 5 6 5 6 5 6 4 5 4 4 4 6 5 5 6 4 5 5 4 4 6 6 5 5 4 5 9 8 9 8 9 8 9 8 10 9 9 7 7 9
2 1 2 1 3 1 2 3 2 1 3 1 1 3 3 3 1 2 3 1 3 3 1 1 2 1 3 1 3 3 3 3 1 2 3 3 1 2 3 1 3 3 1 2 2 2 1 1 2 1 2 1 1 1 6 4 4 5 5 4 5 4 4 6 6 5 6 6 5 5 6 5 6 4 4 5 6 5 6 5 5 4 4 4 5 4 5 10 7 9 9 8 7 10 10 10 7 8 9 8
1 3 3 3 3 1 2 2 2 1 2 1 1 1 2 1 3 2 2 3 3 3 1 3 1 3 2 1 3 1 3 2 2 3 1 1 2 3 1 2 3 1 2 3 3 2 2 1 2 3 3 3 1 3 1 6 4 6 4 6 4 6 6 6 6 4 5 5 6 4 5 4 4 6 5 6 6 5 4 5 4 6 4 5 4 5 5 4 7 7 7 7 9 9 9 7 10 7 9 8
3 1 3 3 3 1 2 2 2 2 1 1 3 2 3 1 3 3 1 3 1 2 3 2 1 1 1 1 1 1 1 1 3 2 1 2 2 3 2 2 1 3 2 2 3 3 3 2 3 1 2 1 2 3 3 3 4 6 4 4 6 6 5 4 6 5 4 6 6 6 5 6 4 4 4 6 5 5 4 6 5 5 4 4 4 6 5 5 5 8 7 9 7 7 7 7 7 8 9 10
1 1 1 1 3 1 1 1 1 1 3 3 1 3 1 3 2 2 2 3 3 1 1 2 2 1 3 1 3 1 3 2 3 1 1 1 1 3 1 2 3 3 1 3 2 3 1 2 3 1 1 1 3 3 2 2 2 5 5 4 5 6 4 4 5 6 5 5 5 4 6 5 5 5 5 6 5 6 4 6 5 4 5 4 4 5 4 6 5 6 7 9 8 9 7 9 8 10 9 8
3 2 2 2 3 2 2 1 2 2 3 3 1 1 3 2 2 2 2 1 1 1 1 2 2 1 2 3 1 2 2 3 3 2 2 2 1 3 2 2 3 1 2 1 1 1 3 3 1 3 1 1 1 3 2 3 2 2 4 6 5 6 4 5 4 4 6 5 6 6 6 6 5 6 5 4 5 6 6 6 4 4 4 5 5 6 4 6 5 6 4 8 9 10 10 10 10 10 8 7
3 3 1 2 2 3 3 2 2 1 3 2 2 3 3 3 3 2 2 2 2 1 2 3 3 3 2 1 1 1 1 2 1 2 3 2 1 2 1 1 1 1 2 3 2 3 1 3 2 2 3 3 3 3 3 3 1 1 1 5 5 4 6 5 6 6 5 5 6 5 6 5 5 4 6 4 4 6 5 6 4 5 6 4 6 5 6 4 4 6 4 5 10 7 8 9 8 8 9 10
2 2 1 1 2 2 2 1 3 2 3 1 1 3 2 1 1 2 2 2 2 3 1 3 3 1 3 3 2 3 3 3 1 2 2 3 3 1 3 3 1 3 1 2 3 3 3 1 1 3 1 3 3 1 2 3 2 3 1 3 5 5 5 5 4 6 6 5 4 4 5 4 6 6 6 6 5 6 5 4 6 4 5 5 6 4 5 4 6 6 6 6 5 7 10 10 7 9 9 9
3 1 3 3 2 1 3 1 2 1 3 1 1 3 1 1 2 1 1 2 3 3 1 2 1 3 3 2 3 3 2 3 1 2 2 1 1 1 3 1 2 1 1 2 2 2 3 2 1 2 2 3 3 3 3 3 2 1 3 2 1 6 4 4 5 6 5 4 5 6 4 6 5 4 4 5 4 6 5 5 4 6 5 6 4 5 5 4 6 5 6 5 4 4 10 9 8 10 7 8
1 2 2 1 2 1 2 2 1 1 3 3 1 3 3 2 3 1 1 1 3 3 2 1 2 1 3 3 2 2 1 1 3 3 2 2 2 1 3 3 2 2 1 1 3 2 1 1 3 2 1 2 2 1 1 2 2 2 3 3 1 1 5 5 5 6 6 5 6 4 6 5 4 6 4 5 6 4 6 6 4 5 6 6 6 4 5 5 5 4 4 5 4 5 4 9 7 8 8 10
1 1 2 3 2 3 1 2 2 1 3 1 2 1 3 3 1 3 3 2 3 1 3 1 1 2 2 1 3 1 1 2 2 3 1 1 1 1 1 2 1 3 2 1 1 1 1 1 3 1 3 1 2 1 1 1 1 2 3 1 1 3 1 4 4 6 6 6 6 4 4 4 5 4 5 4 5 6 4 4 5 5 4 5 4 4 6 6 6 6 6 5 6 5 5 4 7 7 9 8
3 3 3 1 3 2 1 3 3 2 1 3 3 3 3 3 3 1 2 2 3 2 2 1 2 2 3 2 3 3 1 3 3 3 1 2 1 3 3 3 2 2 3 3 2 3 3 1 1 1 2 1 2 1 2 3 3 2 1 3 3 1 2 2 5 6 4 6 6 5 6 6 4 4 4 6 6 6 4 6 6 4 4 4 5 4 6 6 5 4 4 4 6 4 5 5 4 8 9 9
1 2 1 3 2 1 3 1 2 2 3 1 1 3 2 3 2 1 1 3 3 2 3 3 3 1 3 3 1 2 3 1 3 2 1 1 2 3 2 1 1 3 2 3 3 3 1 2 1 3 1 1 2 1 1 2 3 1 1 2 2 1 3 1 1 4 5 6 4 6 4 5 6 4 6 4 5 5 5 4 4 4 5 4 4 5 5 6 6 5 5 4 6 6 5 6 6 6 9 8
2 1 2 1 2 2 1 1 2 2 3 3 2 2 1 3 2 3 3 3 2 3 3 1 3 2 1 3 2 3 1 1 3 3 3 1 1 2 1 1 3 3 3 1 1 1 3 1 2 1 2 2 2 1 3 1 2 1 2 3 2 1 3 3 1 1 4 5 6 5 6 5 4 5 6 6 4 4 5 5 5 6 6 4 5 4 4 6 5 6 5 5 4 4 4 4 4 6 5 10
3 1 2 2 3 1 3 2 1 2 2 1 2 2 3 2 3 3 2 3 1 2 1 1 1 3 1 1 3 1 2 2 3 1 2 2 2 2 3 3 1 2 1 1 2 1 2 2 3 1 3 3 2 1 1 1 3 1 3 1 3 2 1 2 1 2 1 5 5 6 5 4 5 5 5 5 5 5 6 5 4 5 5 4 6 6 5 5 5 4 6 6 5 4 5 5 4 5 4 4
6 3 2 2 3 3 1 1 2 1 1 3 1 2 3 1 1 1 1 1 2 1 1 3 3 1 1 3 3 2 1 2 3 1 1 3 3 1 2 3 2 2 2 2 1 1 3 1 3 2 3 2 3 1 3 2 3 3 2 3 1 1 2 2 2 2 1 3 6 5 4 4 6 6 5 4 4 4 6 6 6 5 4 4 6 5 4 6 6 5 6 6 6 5 6 6 4 5 6 4
5 5 2 3 1 1 1 3 2 1 3 2 2 1 2 2 2 2 3 1 1 1 3 3 3 2 2 3 1 2 3 2 1 3 3 1 1 3 3 2 3 2 2 2 2 2 2 2 2 3 2 1 3 2 1 3 2 3 2 3 2 2 1 1 1 2 1 1 3 5 5 5 4 4 5 6 5 5 4 4 4 4 4 4 6 5 4 5 6 5 6 6 6 5 6 5 4 4 4 6
6 4 6 3 3 3 2 3 2 1 3 3 1 3 3 3 2 2 2 3 1 3 1 3 3 1 2 1 2 3 3 2 3 2 2 1 3 3 2 2 2 3 1 1 2 1 3 1 1 1 2 1 2 2 3 2 2 3 2 3 2 3 2 1 1 2 3 1 2 1 5 6 6 5 6 6 5 4 4 4 6 4 5 5 4 4 6 4 4 5 4 6 4 5 6 4 6 4 4 4
5 5 5 5 1 2 2 3 3 3 2 2 2 1 2 2 2 1 3 3 1 3 2 1 2 1 1 2 1 2 2 2 2 3 2 3 1 2 1 3 2 2 1 2 2 2 2 3 3 1 1 1 2 2 1 2 3 1 2 1 1 3 1 1 2 3 3 3 3 3 3 4 4 5 6 4 4 5 5 6 4 4 4 5 5 4 6 6 4 5 5 5 6 6 5 5 5 4 4 5
4 4 5 5 4 1 3 2 3 1 3 2 2 2 2 2 1 3 3 2 1 2 3 3 3 3 2 3 3 1 2 2 2 1 1 1 1 2 3 3 3 3 1 3 1 3 1 1 2 1 2 3 3 3 2 2 1 1 2 3 3 3 1 2 2 3 2 1 2 1 3 3 4 5 4 6 5 4 4 6 4 4 6 6 5 6 5 6 4 6 4 6 6 4 4 5 6 4 4 5
5 4 5 5 4 4 1 1 3 1 2 2 2 1 1 3 1 3 2 1 2 3 1 3 3 2 1 2 2 2 3 1 2 3 2 3 3 2 1 1 1 1 3 1 3 2 3 1 3 3 1 2 1 2 3 2 1 1 3 1 2 2 1 1 1 3 1 3 2 2 2 2 3 6 5 4 4 4 4 5 5 5 6 5 5 4 6 5 6 4 5 4 5 4 6 6 5 4 6 5
5 5 5 6 4 4 6 3 3 1 2 3 2 1 3 1 2 3 1 2 3 2 3 1 3 3 1 3 2 1 2 2 3 1 3 1 1 3 2 2 1 3 2 1 2 3 3 3 2 3 2 1 2 3 3 2 1 1 3 1 2 1 2 1 3 2 1 3 3 2 2 1 3 3 4 6 6 6 5 4 4 5 4 6 5 4 6 4 4 5 6 4 5 5 5 5 6 4 4 6
4 5 4 5 5 4 6 6 2 1 2 1 2 1 3 3 3 2 2 3 3 2 3 3 3 2 2 2 1 3 1 3 2 1 3 1 3 1 2 2 1 2 1 1 2 2 3 1 2 1 2 2 2 3 2 1 3 1 2 2 2 2 1 3 2 1 3 3 1 2 3 2 3 3 2 6 5 4 5 6 4 4 5 6 4 6 5 6 6 5 5 6 6 5 5 5 5 6 6 4
5 6 6 5 5 6 5 5 6 2 3 2 1 3 2 1 1 3 3 2 2 3 3 1 3 2 3 1 3 1 3 1 3 1 2 1 1 3 2 1 3 2 3 2 2 2 3 3 3 2 2 1 3 3 1 1 1 3 2 1 1 3 1 1 3 1 2 2 3 3 1 1 2 1 1 3 4 6 6 5 6 4 6 6 6 5 4 6 6 5 6 5 6 5 6 4 4 5 6 5
4 5 6 5 6 4 5 4 5 6 3 1 1 2 2 3 1 1 3 2 1 3 2 1 3 3 3 3 1 1 3 2 1 3 2 2 2 1 2 3 2 1 3 2 3 1 1 1 1 1 2 1 2 3 3 1 2 2 3 3 3 1 1 2 2 1 3 1 3 2 1 2 1 3 2 1 3 4 4 6 5 6 4 6 4 5 5 4 5 4 6 4 6 5 6 5 4 6 4 5
5 5 6 6 5 5 4 4 5 4 4 2 2 1 1 1 1 2 2 1 3 3 3 2 2 2 3 2 3 3 3 3 3 3 1 1 3 3 2 1 2 3 2 2 3 3 3 1 2 1 1 1 3 3 3 3 1 2 1 1 2 2 3 1 1 3 1 3 1 1 1 3 2 1 3 2 1 1 5 4 6 6 4 4 6 5 4 5 4 5 4 6 5 5 6 4 4 5 4 5
4 6 6 6 4 4 5 5 5 6 6 4 1 2 2 3 1 1 3 1 2 2 2 3 1 2 3 1 3 3 1 3 1 1 2 3 2 2 2 3 3 2 3 1 3 2 1 2 2 3 1 2 2 3 3 2 1 3 1 2 2 3 2 2 3 2 3 1 3 2 3 1 2 2 3 3 3 2 3 4 4 6 4 5 6 4 4 5 4 4 4 6 4 4 6 5 5 6 4 6
4 4 5 4 6 4 6 4 6 6 6 4 4 1 3 1 2 3 1 3 3 2 2 1 3 1 2 1 1 2 3 3 3 1 2 2 3 3 1 3 1 1 2 3 3 2 3 1 2 3 3 1 3 1 1 1 1 3 1 1 1 1 3 1 2 1 1 2 2 2 3 2 1 1 3 1 1 3 2 1 5 5 4 4 6 5 5 6 4 5 5 5 4 6 5 4 5 5 6 6
5 5 4 4 6 4 5 6 4 5 6 4 5 4 2 1 1 2 1 3 2 2 1 1 1 3 2 3 2 3 1 1 2 1 1 1 3 2 1 2 3 1 2 2 1 3 1 2 3 1 3 3 1 3 2 2 1 3 1 1 3 2 3 2 1 1 3 1 2 1 3 3 3 1 2 3 1 3 3 3 1 5 6 6 4 6 5 6 5 4 4 6 4 6 4 6 5 6 5 5
4 5 4 4 4 4 4 4 5 6 4 4 4 5 5 2 1 3 1 3 2 1 3 2 2 1 1 2 3 1 3 1 2 3 3 1 2 3 2 2 3 2 2 2 1 1 1 1 3 2 3 2 1 3 3 2 3 2 1 2 1 1 2 3 2 1 2 3 1 2 3 3 1 2 1 2 2 2 3 3 3 2 6 5 5 4 6 6 6 5 6 4 5 5 5 4 4 6 6 6
6 5 6 6 4 4 4 6 6 5 6 5 4 6 4 4 1 1 3 2 2 1 2 3 3 1 1 1 1 3 3 1 2 3 2 2 2 1 2 2 2 1 3 2 3 1 3 3 3 2 1 1 3 2 3 1 1 1 1 2 1 2 3 2 1 1 2 1 1 1 1 3 3 1 2 3 2 1 2 3 1 2 1 4 5 4 5 5 5 6 4 6 4 6 5 6 5 5 4 5
5 6 4 6 4 4 4 6 6 4 5 5 5 6 6 4 4 2 1 1 1 3 3 1 1 2 3 3 1 3 2 3 1 3 1 3 2 1 1 2 1 2 1 2 2 3 3 3 3 2 2 1 2 3 3 2 3 2 1 3 2 1 1 3 3 1 3 3 2 1 2 1 2 2 1 2 3 3 2 3 1 2 3 2 4 5 4 6 4 4 6 4 4 4 4 4 6 6 4 5
4 6 5 6 6 6 6 4 5 4 5 5 6 4 4 6 4 6 3 3 3 3 2 1 1 1 1 1 1 2 1 2 1 3 3 1 1 2 1 1 3 3 1 3 1 1 3 2 1 1 2 1 1 1 3 3 1 3 2 1 1 1 3 2 1 3 2 1 1 3 3 2 3 2 1 3 1 1 1 3 1 2 3 2 1 6 5 6 5 6 6 4 6 6 4 5 5 4 4 4
6 5 6 5 5 4 5 5 6 4 4 6 4 5 4 5 5 4 4 3 1 1 3 2 3 3 2 2 2 1 1 1 3 3 1 3 1 3 2 2 3 1 1 3 2 3 1 1 2 1 2 1 3 2 2 3 3 2 1 2 1 2 3 3 1 3 2 1 2 1 3 1 1 3 3 1 2 2 2 2 2 2 2 1 1 2 5 4 4 5 5 4 5 6 6 5 4 6 5 5
4 6 6 6 6 5 4 5 6 5 6 5 5 6 6 6 6 6 5 6 3 2 1 1 1 3 2 2 1 3 3 1 1 3 1 3 1 3 1 2 1 1 1 1 2 1 1 2 3 3 2 2 3 2 3 3 3 3 2 1 2 3 1 3 3 2 1 1 2 1 1 3 3 2 2 3 3 3 3 2 1 2 3 1 3 2 1 5 4 6 5 6 4 6 6 5 5 6 5 5
4 5 6 5 4 6 6 6 6 4 6 6 6 5 6 5 6 4 6 6 6 2 1 1 1 3 2 2 2 2 3 2 1 3 3 1 3 2 1 1 2 3 1 1 3 3 2 2 1 3 3 1 3 2 1 3 2 2 3 2 2 1 2 2 1 3 2 2 2 3 1 1 2 1 3 1 1 1 2 2 3 3 3 3 3 1 1 1 5 4 5 6 6 4 6 5 5 5 4 4
5 4 5 4 4 4 6 5 6 5 6 5 6 5 5 6 5 6 4 6 6 5 3 2 3 3 2 1 3 3 1 1 3 2 3 3 2 1 2 3 2 2 3 1 3 2 2 3 3 2 3 3 1 1 1 1 3 2 2 1 1 3 2 3 1 2 3 1 2 1 2 1 1 3 2 1 3 3 1 3 1 1 1 1 2 3 3 1 2 6 5 6 5 6 4 6 6 5 5 6
6 6 5 5 6 5 5 5 4 5 4 6 5 4 6 4 4 4 6 6 6 4 5 1 3 3 1 2 2 1 1 2 3 1 1 2 2 3 1 3 3 2 2 2 1 1 3 3 1 3 3 1 3 1 3 1 1 3 3 2 2 2 3 2 2 3 3 1 1 3 1 2 2 3 1 2 1 1 2 3 3 1 2 2 2 1 2 2 2 2 6 5 5 6 4 6 6 5 6 6
6 4 5 5 6 6 5 5 5 5 5 5 5 5 4 6 4 6 4 4 5 4 6 5 2 2 1 2 1 1 1 1 3 3 3 3 3 3 1 2 1 3 3 3 3 3 3 3 3 1 2 3 1 1 3 1 2 3 3 2 1 1 2 2 2 2 3 2 1 1 3 3 2 2 2 2 2 2 3 1 2 3 2 3 1 1 3 3 3 3 3 5 4 5 6 5 6 5 6 5
4 5 4 6 5 6 5 5 6 6 5 5 4 4 6 5 4 4 5 5 6 4 6 5 5 2 2 3 3 3 1 1 3 3 2 2 1 2 1 2 1 3 3 2 1 1 1 3 2 2 2 3 2 2 1 2 1 2 1 2 1 1 2 3 3 3 2 2 3 2 2 2 2 3 2 2 3 3 2 2 1 3 2 2 2 2 2 2 2 2 2 3 6 5 5 5 4 6 4 6
4 5 6 6 6 6 6 4 5 5 6 5 5 4 6 5 4 6 4 5 4 4 6 5 5 5 1 1 2 2 2 3 1 1 1 1 1 1 1 1 1 1 1 2 1 2 2 3 3 3 1 3 1 2 2 3 2 2 1 1 2 3 1 1 2 3 1 2 1 2 2 3 3 3 3 1 2 2 3 1 3 2 2 3 3 2 3 3 2 3 2 3 1 4 6 5 6 6 4 5
4 5 4 6 5 4 5 6 5 6 6 5 6 4 6 6 4 4 5 5 5 4 5 4 4 5 4 2 1 3 2 1 1 3 1 1 1 2 3 2 3 3 3 1 3 2 1 3 2 3 3 2 1 2 3 3 2 2 1 1 1 3 2 2 1 2 1 1 1 2 1 2 1 3 3 2 1 2 2 2 2 3 1 1 2 2 1 1 2 3 3 3 1 3 4 4 4 5 6 4
4 4 6 4 6 5 4 4 5 5 5 4 6 5 5 5 6 4 4 6 4 6 4 4 6 6 4 5 2 3 1 3 3 1 3 3 2 3 1 2 1 1 2 1 3 3 2 3 3 2 2 2 1 2 2 1 2 2 3 2 2 1 1 2 2 3 2 1 2 2 1 2 1 3 3 3 1 3 1 3 3 2 3 1 1 3 1 2 3 1 2 3 2 1 1 5 5 6 4 6
6 5 5 4 4 4 5 4 4 6 5 4 6 4 6 5 4 6 6 4 4 5 4 5 4 4 5 4 4 3 2 3 2 2 2 3 2 3 3 1 1 1 1 3 1 2 1 1 3 2 1 2 1 1 1 1 3 3 1 1 3 1 3 3 3 1 3 3 2 3 2 1 2 3 2 3 2 3 2 3 3 1 1 3 1 3 2 2 1 3 3 3 1 3 2 3 6 6 4 5
5 5 5 4 5 4 6 5 5 4 4 4 5 5 6 6 6 4 4 5 4 6 6 4 5 5 5 5 5 6 3 2 3 2 2 1 3 3 2 2 1 3 1 3 2 3 2 1 3 2 3 3 2 1 2 3 1 1 1 1 1 3 2 3 2 3 1 2 1 3 1 3 1 2 3 3 3 2 2 1 3 3 2 2 2 1 1 1 3 1 3 3 2 3 2 3 2 4 5 6
6 6 4 6 5 5 4 4 5 4 6 4 4 4 4 6 5 4 4 5 5 5 5 4 6 6 5 6 6 4 4 1 1 3 1 3 3 1 3 1 2 3 2 1 3 1 2 1 1 3 1 3 1 2 3 2 3 1 1 2 2 3 1 3 3 2 1 2 1 1 3 2 2 1 2 2 3 2 2 2 3 1 3 3 1 2 2 1 2 2 2 2 3 2 2 2 3 3 4 6
4 6 6 6 5 4 4 4 4 6 6 5 5 6 6 6 5 6 5 5 5 5 6 4 5 5 6 4 6 5 4 5 3 2 1 1 2 2 2 1 3 2 2 3 3 2 3 3 2 3 2 1 3 2 2 2 2 2 1 1 2 3 1 2 1 2 2 2 2 2 3 3 1 1 2 1 3 2 2 2 1 2 1 1 3 2 1 1 1 1 1 3 1 3 2 2 3 2 1 5
6 4 4 4 4 6 4 6 4 4 6 5 6 6 6 4 6 4 5 4 5 6 6 5 5 6 4 4 5 4 6 4 6 3 2 2 1 2 3 3 2 3 2 3 2 2 3 1 2 3 3 1 3 1 1 3 2 3 3 1 2 2 2 3 1 1 1 2 2 3 2 2 3 1 1 2 1 2 2 1 2 2 1 2 2 3 2 2 1 2 2 1 2 1 1 1 2 2 1 2
7 5 5 6 6 5 4 5 4 5 6 5 6 4 4 4 6 5 5 5 4 6 4 6 4 5 6 4 5 6 6 5 6 6 1 1 1 2 3 3 3 3 2 1 3 2 3 3 2 3 3 3 3 3 3 3 3 3 3 2 1 1 2 2 1 3 3 2 3 1 2 1 3 1 1 1 2 2 1 1 1 2 3 3 1 3 1 1 2 3 2 1 1 3 2 1 3 3 1 3
9 10 6 4 5 6 4 5 4 4 5 6 4 6 6 4 4 5 6 4 5 6 5 5 6 5 6 4 5 6 5 4 4 5 6 2 1 3 3 2 2 3 1 1 1 2 1 3 1 3 3 3 3 1 1 2 3 2 3 2 2 3 3 1 1 1 1 3 2 1 3 3 3 1 2 1 2 3 3 1 3 2 2 2 3 2 3 1 2 3 2 2 2 1 3 1 2 3 3 2
7 10 9 6 5 6 4 6 5 5 4 4 5 4 6 6 4 4 6 6 5 4 6 4 4 6 6 4 4 4 6 4 4 6 6 5 3 1 2 3 1 3 2 2 3 2 2 1 2 2 1 3 2 2 1 3 3 1 3 1 1 2 1 1 1 2 3 1 3 2 2 2 2 3 2 1 2 3 2 2 3 3 3 1 3 3 2 3 1 2 1 3 1 3 3 1 1 2 3 3
7 7 8 7 4 6 4 4 4 6 6 5 5 6 6 6 5 5 6 4 6 6 4 5 6 5 5 5 5 6 6 6 5 6 5 4 4 2 3 1 1 3 1 2 1 3 1 1 3 1 1 3 1 1 2 2 1 1 3 1 2 1 2 1 1 1 3 3 1 2 2 2 1 2 2 3 3 3 2 2 2 2 2 2 1 2 1 2 3 1 2 3 1 3 3 3 1 1 3 3
7 8 7 9 7 5 6 5 4 6 4 5 5 4 5 4 5 4 4 5 4 5 4 4 5 5 4 4 4 6 6 4 5 4 5 4 5 5 2 3 3 1 2 3 2 2 3 3 2 1 3 1 3 3 2 2 2 3 2 3 1 2 3 3 1 2 3 3 3 2 1 1 3 2 1 1 3 3 2 2 1 1 3 1 3 1 3 3 3 1 2 1 1 1 1 1 2 2 3 3
8 8 10 7 9 7 4 5 6 5 4 4 6 6 4 4 6 4 4 6 6 5 4 4 6 6 6 6 6 5 6 4 6 4 4 6 6 6 5 1 2 1 1 2 1 1 3 2 3 3 1 3 2 1 3 1 3 2 1 2 3 1 3 3 3 2 3 1 2 3 2 3 1 1 1 1 3 2 3 3 1 3 3 2 3 3 2 2 1 3 1 3 2 3 1 3 2 3 3 2
7 8 8 8 8 10 10 5 4 5 5 6 5 6 5 5 4 6 5 6 6 4 6 4 6 5 6 4 4 6 4 4 5 6 5 6 4 5 6 6 2 3 1 3 2 1 2 2 3 2 2 3 2 3 2 2 2 3 2 2 1 1 3 1 1 2 3 2 3 1 2 2 1 3 2 1 3 1 2 1 1 1 3 3 2 1 2 3 1 2 2 1 2 3 1 1 3 2 3 2
10 7 9 10 8 8 9 10 5 4 4 4 6 4 4 4 4 4 6 6 5 6 6 4 6 5 5 5 6 5 6 6 4 5 4 6 6 6 4 4 4 3 3 3 3 1 1 2 2 1 3 3 1 1 3 3 2 1 1 1 3 3 1 2 1 3 1 2 3 3 3 2 2 2 1 1 1 3 3 1 2 2 2 3 1 3 1 2 3 3 3 2 3 3 3 2 1 3 3 2
9 9 10 9 9 10 9 10 10 4 4 4 4 6 4 5 6 4 4 5 6 4 5 4 6 6 5 4 5 6 6 4 6 5 5 6 4 4 5 6 6 4 2 1 2 3 1 3 3 2 2 1 1 3 1 2 1 1 1 3 3 3 3 3 1 2 2 2 3 1 3 2 2 3 2 2 3 1 1 2 3 2 3 3 2 2 1 2 2 1 2 3 3 3 3 3 3 3 2 3
9 7 8 7 10 9 9 9 10 10 5 6 5 4 6 4 5 5 5 5 4 5 5 6 5 6 5 4 6 5 6 4 6 6 6 5 6 6 4 6 6 5 6 3 3 2 2 2 2 1 1 3 2 2 1 3 1 2 2 1 1 2 2 2 1 2 3 3 2 2 3 3 2 3 3 3 2 3 3 2 3 3 2 1 2 1 2 2 2 1 2 3 2 3 3 3 2 3 2 3
9 9 7 9 8 9 9 10 7 7 7 4 5 6 4 4 6 4 4 6 5 6 6 6 5 5 6 4 4 5 6 5 6 6 6 6 4 4 6 6 6 6 4 5 3 3 1 2 3 2 3 1 1 2 1 2 3 3 2 3 2 3 3 3 1 3 3 3 2 2 3 1 1 1 2 2 2 3 3 3 3 2 3 3 1 3 2 2 1 1 1 1 1 2 3 3 2 3 3 1
9 7 8 10 9 10 9 8 9 8 7 7 6 5 4 5 4 6 6 5 4 4 4 4 6 6 4 4 5 5 5 6 6 4 5 6 5 4 5 6 6 5 5 6 5 1 3 3 2 3 3 1 2 1 2 2 3 2 3 1 1 1 3 3 1 1 3 1 2 2 1 1 2 2 1 1 2 2 1 3 3 3 1 3 1 3 2 1 3 2 3 2 1 1 2 1 3 3 1 2
7 7 8 9 9 7 9 7 8 8 9 8 9 5 6 5 6 4 5 4 5 6 4 6 4 5 4 4 4 5 6 6 5 4 6 4 5 4 6 5 5 4 5 5 6 5 2 1 1 3 1 3 3 2 2 2 3 1 2 3 1 2 3 3 1 3 1 2 2 1 3 1 2 2 3 1 3 3 2 3 3 1 2 1 2 2 1 3 2 2 3 1 3 1 1 3 3 1 3 3
7 10 8 9 10 10 10 9 8 8 9 10 10 10 5 6 6 6 5 4 6 4 4 6 6 4 6 4 4 6 6 4 6 4 6 6 6 5 6 4 6 5 6 4 5 6 4 2 2 2 2 1 2 3 2 2 2 1 3 2 2 3 3 1 2 1 1 2 1 1 1 1 2 1 2 3 3 2 2 1 1 3 1 2 2 3 3 1 1 3 1 3 1 1 3 2 2 2 2 1
10 7 7 9 9 9 7 8 8 7 8 9 8 9 10 5 5 5 5 5 5 4 5 6 6 6 6 6 5 5 4 6 5 5 6 4 6 4 6 4 6 5 6 5 5 5 5 4 1 1 2 3 2 2 2 2 2 2 1 3 3 3 3 3 3 3 3 1 3 3 1 2 2 1 1 2 1 3 2 1 1 1 1 1 3 1 3 3 3 1 2 2 2 2 3 1 1 1 3 1
9 7 7 8 8 9 7 7 7 10 7 10 10 10 7 7 5 5 5 5 4 5 4 5 4 6 6 4 6 6 6 6 6 4 6 6 6 4 6 4 5 4 5 4 6 6 5 6 4 2 3 3 3 2 1 3 1 2 2 1 1 2 2 1 3 3 3 1 1 3 1 2 3 1 1 2 3 1 1 1 2 1 2 1 2 3 3 2 1 2 3 3 3 2 1 3 3 1 3 3
10 7 9 7 9 7 9 8 8 10 10 10 10 9 10 9 7 4 5 6 4 6 5 4 6 6 6 4 6 6 5 5 5 4 6 6 4 5 4 6 6 6 4 4 4 5 4 4 6 6 2 1 1 1 3 2 2 1 1 2 1 2 3 3 1 3 2 1 2 2 2 3 1 1 2 2 3 1 3 3 1 3 1 3 1 2 2 1 2 2 1 1 2 1 3 3 1 1 3 2
8 8 7 7 8 7 8 9 10 7 7 9 7 9 9 7 9 7 4 4 4 6 5 5 5 5 4 6 5 4 4 5 4 6 4 5 5 6 4 6 6 6 6 4 6 6 6 4 5 5 6 2 2 1 3 1 3 1 3 1 1 3 3 3 2 1 1 1 2 3 3 2 2 2 2 2 1 1 2 3 1 3 2 2 2 2 2 2 1 3 2 1 3 3 3 1 2 3 3 2
10 7 10 9 9 8 10 10 9 10 9 10 10 8 10 7 9 9 9 4 6 4 6 4 5 5 6 4 5 5 5 5 6 5 6 6 6 6 4 4 4 5 6 4 5 5 5 5 6 5 4 5 2 2 1 3 3 3 1 3 3 3 3 3 3 2 3 3 2 1 3 3 3 3 1 2 2 3 3 3 1 1 2 3 3 3 1 2 3 2 1 2 1 3 3 3 1 2 3 2
10 9 9 7 7 10 8 10 8 9 10 8 9 7 8 8 9 9 9 7 5 4 4 4 4 5 4 5 5 6 5 4 5 4 6 6 5 5 6 4 4 4 4 5 6 4 4 4 5 4 4 6 4 1 2 2 1 3 3 1 3 3 3 2 1 2 3 3 1 2 1 1 2 3 1 2 1 3 2 1 3 2 2 2 2 3 1 1 2 1 2 1 1 2 2 2 1 2 3 3
9 7 8 8 8 9 7 9 9 10 9 8 9 8 10 10 9 9 10 10 9 4 4 5 4 4 5 5 6 6 4 6 5 4 5 6 6 5 6 6 5 6 5 6 5 4 5 5 4 6 5 6 6 4 2 1 2 2 3 3 1 1 2 2 1 1 2 2 3 1 1 3 3 2 3 1 2 1 2 1 1 3 3 1 3 1 2 2 3 2 1 1 1 3 2 3 1 2 3 2
9 9 9 7 9 9 10 10 8 9 8 9 8 10 8 7 10 7 8 10 7 10 5 6 5 5 5 6 6 4 6 5 5 6 6 6 5 6 5 6 6 4 5 4 5 4 5 4 5 6 5 6 6 6 5 3 2 1 3 3 1 3 2 1 2 2 1 3 2 1 1 1 1 3 3 2 2 1 1 1 1 1 1 2 2 1 1 1 1 2 2 3 1 2 1 2 2 3 1 3
7 9 9 7 7 9 9 10 7 7 7 9 9 7 9 10 9 9 7 9 8 7 9 6 4 5 4 6 4 5 4 4 6 4 5 5 5 4 5 4 4 5 6 5 6 5 4 4 6 6 4 5 6 6 6 4 1 3 1 1 1 2 3 3 2 3 1 3 3 1 3 1 1 1 2 1 2 1 2 1 3 2 3 1 1 2 1 1 2 1 3 1 3 3 3 2 3 1 2 3
8 8 10 8 9 10 10 9 8 10 10 9 8 7 7 10 8 9 10 9 9 7 9 10 6 4 4 6 6 5 4 6 5 5 4 6 5 5 6 5 4 5 4 6 6 5 4 6 5 6 6 6 4 4 5 5 6 3 1 3 1 1 2 1 2 3 1 3 1 1 2 3 1 1 1 2 1 1 1 1 3 3 3 1 1 2 1 3 3 2 3 2 2 2 1 2 2 3 3 1
9 10 8 8 8 8 7 8 10 7 10 9 9 9 10 7 9 9 8 7 10 10 7 9 10 4 4 4 6 6 6 5 6 4 5 6 4 4 6 6 6 6 4 4 5 4 5 6 5 6 5 6 4 4 4 4 5 4 3 2 1 2 1 3 3 3 1 1 3 1 3 3 3 3 3 2 3 3 3 1 1 3 3 3 2 2 3 2 1 3 1 3 3 1 3 1 1 3 2 2
8 10 7 10 7 9 8 8 7 10 7 8 8 9 10 10 7 8 9 7 8 8 8 10 8 8 6 5 4 6 4 4 5 4 5 6 4 6 5 5 6 4 6 6 6 5 6 5 4 6 6 6 5 4 6 5 4 6 4 3 3 1 3 2 1 2 2 3 1 2 1 2 3 3 1 1 2 3 3 1 1 3 3 3 1 2 2 3 2 3 3 1 2 2 1 3 3 3 2 2
7 8 9 10 9 10 9 7 10 10 10 8 8 7 9 9 8 8 10 9 9 9 7 7 7 7 9 4 4 6 6 4 4 5 4 4 4 6 4 6 4 6 4 5 4 6 5 4 6 5 4 4 6 6 6 5 5 6 4 4 2 3 1 2 3 3 1 1 1 1 2 1 1 2 1 3 3 2 1 1 3 3 1 2 1 1 2 2 3 3 2 1 3 1 3 1 1 2 3 1
7 7 9 9 9 8 10 9 9 7 8 10 9 7 10 9 10 9 7 10 10 9 10 10 7 9 7 10 5 6 4 4 5 5 4 5 5 5 4 6 5 4 4 6 5 6 4 5 4 5 6 5 6 6 4 5 6 6 4 5 4 3 1 3 2 3 2 2 3 1 3 2 3 2 1 1 3 2 2 2 2 3 3 1 1 1 2 2 3 2 2 2 2 1 3 3 1 3 1 3
10 8 8 7 10 9 8 7 7 10 8 9 8 9 9 9 7 9 10 10 10 8 10 9 9 9 7 9 9 4 5 4 5 4 6 5 4 5 6 5 6 5 5 5 5 5 5 6 6 5 4 4 4 6 6 6 4 4 5 6 5 4 2 3 1 3 2 2 2 3 1 2 1 2 2 3 1 3 1 1 3 2 2 3 1 3 2 3 3 2 3 2 3 2 1 1 1 3 3 2
7 9 10 9 8 7 8 9 9 10 9 8 7 7 8 8 9 10 9 8 7 8 10 9 7 9 8 10 9 9 4 6 5 4 5 4 6 5 5 6 5 5 6 5 4 6 6 5 6 6 6 6 4 5 5 4 5 6 5 4 6 4 5 2 1 2 3 2 1 2 3 1 3 1 3 2 2 3 2 3 2 2 3 2 1 3 3 1 3 2 2 2 2 1 2 3 2 2 2 2
9 7 9 7 10 8 9 7 7 8 8 9 8 10 7 10 9 8 10 8 8 7 9 9 7 10 8 10 9 9 7 4 5 5 4 5 6 5 5 5 5 6 5 6 4 6 5 5 5 4 4 4 5 4 4 5 4 4 5 4 4 6 4 5 2 1 2 3 3 2 3 1 2 3 1 3 2 3 1 2 1 2 3 1 1 2 2 3 1 3 3 2 1 1 3 2 2 1 1 3
10 9 10 8 9 9 9 9 7 7 8 8 7 10 7 8 9 10 7 7 7 10 7 9 8 10 7 8 7 9 9 9 5 4 5 4 6 6 4 5 5 5 5 6 6 6 4 6 5 5 6 5 5 4 6 6 4 6 4 6 4 5 5 4 5 3 2 2 3 3 2 3 3 3 1 1 1 3 3 2 1 2 2 3 1 3 3 3 3 3 2 1 1 3 2 2 1 2 3 2
7 10 10 10 8 10 9 9 8 7 7 7 7 9 8 7 10 9 9 7 8 8 7 8 9 10 10 7 10 10 9 10 8 5 6 6 4 6 6 6 5 5 5 6 6 4 4 6 4 6 6 5 6 6 5 4 4 5 6 5 6 6 4 6 6 5 2 1 1 1 2 1 1 1 1 2 2 3 3 1 3 1 3 1 3 2 1 1 1 3 1 3 2 1 1 2 2 2 3 1