200
49 0
15 48
30 52
11 0
34 48
25 140
46 120
39 70
43 320
23 297
33 20
19 121
41 336
31 299
30 546
17 525
21 688
11 799
45 288
39 456
22 240
28 21
23 704
31 69
16 720
48 75
32 858
20 783
25 1204
11 145
31 1080
50 1054
48 64
38 66
43 612
47 420
18 612
48 37
25 722
18 1911
44 1440
43 1681
23 1302
28 1720
24 748
15 990
10 1656
49 423
36 1728
12 588
20 0
43 102
50 1924
35 1166
25 972
23 0
37 1344
27 2166
32 2784
48 2714
39 2280
18 2684
23 682
30 1575
25 2240
30 1170
43 2244
18 2144
47 1564
30 2967
38 2800
11 2556
42 2808
42 2993
19 1554
42 0
31 2356
34 2849
41 3120
19 3476
37 720
47 3402
22 1968
28 2407
34 3780
14 1105
40 2666
18 4176
15 3344
21 3738
27 1080
43 819
10 736
23 465
39 1692
48 1900
44 3648
17 0
47 4802
21 396
44 3900
26 3434
40 510
23 721
26 4472
14 3360
12 3074
21 3317
26 1944
26 2398
14 5280
27 3996
50 336
34 339
11 456
43 920
13 1740
45 1521
27 3540
20 4998
23 5520
34 5324
14 5002
48 3690
44 5828
27 375
14 3780
41 635
18 4992
32 5160
25 2990
47 5109
29 2112
17 2660
16 3618
50 5940
47 3536
38 2740
15 1656
42 2919
30 2100
33 5781
29 5396
49 2288
40 5760
30 3915
46 3796
36 735
41 3700
28 3576
35 750
41 151
42 7448
46 2754
10 0
10 1395
15 7332
42 1099
21 2528
27 159
41 4160
43 6923
20 2916
46 4727
27 7216
37 0
23 6640
32 4843
11 5544
45 3887
43 1360
12 1881
41 860
42 6055
42 7134
37 7350
23 7744
36 7965
47 4450
35 4296
41 4860
35 724
22 8736
22 6771
32 184
44 2220
10 6510
12 4301
48 564
20 9261
37 5700
15 2101
48 1920
41 3281
24 1746
17 195
45 5880
47 3743
44 2574
16 9154
0 6 8 4 8 3 7 8 2 1 7 8 9 7 6 2 1 5 6 6 5 3 6 10 7 6 3 7 10 2 3 6 1 5 5 4 2 8 8 7 3 6 2 8 0 0 10 3 2 6 4 0 6 0 8 9 8 10 0 3 5 5 8 1 8 2 3 5 3 4 0 3 3 2 0 5 6 2 0 9 7 10 10 9 2 5 10 7 6 0 0 3 6 3 7 4 9 0 3 8 5 7 2 2 10 4 7 2 4 1 5 3 3 7 7 3 2 6 7 9 5 3 6 6 8 6 10 5 7 3 3 6 0 2 10 9 6 10 1 10 8 8 4 2 1 1 6 4 7 7 7 8 7 2 4 0 0 8 4 4 5 2 5 2 1 0 1 7 10 6 7 9 2 7 3 6 7 5 0 4 0 4 10 3 1 7 4 7 2 4 1 7 1 10 5 5 2 5 4 5
0 0 1 5 2 1 6 5 1 2 6 9 6 9 8 10 10 2 10 6 4 8 5 7 5 3 2 4 7 0 2 4 0 1 7 8 5 6 7 1 7 7 3 7 3 10 2 4 7 3 9 8 7 10 3 8 4 3 8 10 8 5 3 8 3 3 9 4 1 6 6 6 3 9 2 0 1 3 4 9 4 4 2 8 6 7 7 3 9 2 3 1 2 7 1 0 0 6 8 7 8 4 0 10 1 0 9 4 7 2 4 9 0 3 4 4 6 6 5 10 7 9 0 4 2 9 5 8 4 4 2 4 7 7 0 5 4 5 5 5 5 10 7 1 8 3 10 3 10 0 2 3 5 7 2 9 6 7 4 6 5 3 2 9 2 10 5 3 4 10 3 6 6 4 9 0 7 8 1 5 6 4 4 10 2 10 0 0 6 0 3 0 7 10 4 7 8 4 0 6
4 1 0 5 3 6 4 0 1 2 3 0 3 7 10 1 6 8 5 5 8 2 7 9 5 1 5 2 0 5 1 0 4 10 3 7 10 6 9 9 9 6 8 5 9 3 8 10 9 2 0 2 6 7 10 2 3 5 0 1 8 3 4 9 8 7 5 7 0 5 3 8 6 5 4 4 3 1 9 4 1 6 0 9 2 5 3 10 1 0 0 4 8 5 10 6 7 3 3 9 9 8 3 2 7 2 3 4 6 3 2 8 0 0 4 9 0 1 4 7 1 5 2 9 8 0 6 4 3 5 4 10 9 3 5 4 8 7 0 10 1 5 5 3 10 1 1 7 0 8 10 6 8 7 2 5 9 6 4 10 3 0 8 8 2 8 9 2 9 6 2 3 6 1 3 8 6 1 7 3 4 6 2 1 3 2 5 2 4 2 7 1 9 1 3 8 2 3 8 9
4 6 1 0 8 3 1 4 5 10 5 3 9 8 9 6 3 0 1 0 4 6 6 8 1 9 6 8 7 0 8 4 9 7 9 5 1 0 1 10 7 8 9 10 1 5 8 3 1 1 3 5 6 8 3 5 7 0 6 4 3 1 3 6 10 9 3 0 4 9 2 4 2 1 9 3 8 2 9 4 1 0 9 6 10 8 0 8 9 4 4 2 2 4 0 0 3 2 1 2 2 7 1 1 3 6 4 9 4 1 5 7 0 8 1 3 7 3 6 7 8 6 5 0 9 3 6 10 5 9 7 9 1 4 3 0 3 3 3 7 3 9 6 3 3 4 2 7 8 0 8 7 2 5 0 3 6 5 0 5 4 10 10 10 6 7 5 9 1 6 5 6 7 5 3 8 2 3 5 4 10 3 6 4 1 8 7 2 5 5 1 4 2 7 7 10 8 8 3 10
0 7 1 1 0 7 7 0 8 9 5 5 8 9 0 2 4 9 3 0 9 6 1 1 1 5 0 1 0 7 10 8 8 4 8 2 7 1 3 3 9 4 9 8 10 0 3 6 10 1 6 8 7 7 6 1 8 2 1 0 3 2 5 8 9 1 0 1 1 8 0 2 3 2 6 9 7 8 1 2 1 10 3 8 0 4 7 6 5 4 9 1 2 2 7 4 1 4 5 1 3 3 9 8 4 6 8 6 5 2 5 3 5 7 1 8 1 4 5 6 7 9 4 1 2 3 5 8 6 9 4 8 6 1 10 1 7 5 1 8 6 5 2 3 7 0 6 8 7 9 9 8 9 5 6 9 5 8 4 2 5 2 8 4 0 5 5 6 7 7 9 4 10 4 4 7 6 2 4 0 2 1 8 7 0 5 3 4 8 0 4 8 4 0 6 8 8 4 8 7
5 0 7 5 4 0 7 8 2 2 4 10 6 10 1 10 10 0 6 5 9 8 3 7 2 1 5 10 7 1 0 7 5 1 10 5 0 2 10 2 5 1 5 7 9 10 9 3 4 3 7 1 2 5 4 1 9 4 8 10 8 6 0 5 9 1 8 3 4 5 4 6 6 8 6 2 9 8 9 8 7 2 10 9 9 0 1 10 5 6 0 2 10 2 1 10 2 10 8 9 8 0 5 6 0 10 1 10 3 8 10 10 9 5 2 6 1 1 3 1 6 10 0 9 4 6 9 5 6 5 1 8 6 6 0 10 0 4 8 0 8 1 5 6 1 10 5 0 5 1 2 7 1 1 5 8 0 2 5 6 4 7 7 0 3 3 3 5 6 7 7 3 7 7 7 6 1 10 0 0 4 2 5 5 10 9 9 8 1 5 2 7 10 9 1 2 7 0 8 8
2 1 5 7 0 1 0 6 4 7 8 5 2 6 3 1 5 1 3 8 7 10 10 1 1 0 5 1 0 2 7 3 7 7 2 9 7 5 3 1 9 5 10 10 1 7 8 0 7 4 7 2 3 9 6 0 4 7 1 2 2 8 6 2 5 9 10 0 4 0 7 4 3 5 2 8 7 6 0 4 8 4 4 6 5 3 6 7 9 3 8 5 2 1 0 8 1 9 4 4 3 6 6 8 7 9 7 6 2 1 0 9 6 1 2 4 9 9 10 7 8 1 7 2 10 2 8 1 9 5 9 10 5 4 7 8 2 4 5 6 6 5 7 9 0 1 10 7 10 2 6 4 5 5 10 4 6 3 4 4 5 1 9 8 3 6 0 7 7 4 2 1 2 6 2 9 8 6 10 9 8 0 9 10 1 9 2 9 10 3 2 3 3 9 0 4 7 5 5 7
4 1 4 9 5 7 9 0 2 7 4 3 8 8 4 1 6 1 9 4 0 5 6 2 6 0 3 6 8 7 4 7 10 0 0 10 0 1 1 5 9 2 9 8 2 6 10 3 2 4 1 3 8 7 4 2 9 8 6 5 0 7 9 8 2 7 5 1 10 5 1 8 9 4 9 10 8 8 9 10 5 4 4 3 1 8 3 7 2 2 5 1 9 5 6 9 0 0 2 0 5 10 3 10 10 5 2 0 0 10 2 6 2 10 7 7 6 4 9 8 10 5 4 1 10 3 0 8 3 2 6 3 7 8 2 2 9 3 0 1 2 4 3 1 9 6 7 1 10 9 4 3 3 1 3 5 8 0 1 8 2 10 6 9 10 7 5 0 10 4 0 8 7 9 3 5 6 10 7 7 2 5 9 10 0 4 8 0 9 7 6 2 9 0 9 4 2 8 9 1
5 4 6 4 1 7 9 3 0 5 2 6 2 0 6 0 1 9 6 10 2 0 0 5 10 5 1 6 3 6 3 3 8 9 6 7 1 9 2 2 6 9 4 10 0 2 6 8 9 5 8 6 4 9 2 8 4 0 3 5 0 5 7 7 5 9 8 8 0 1 0 0 5 4 7 7 10 8 5 0 8 1 5 0 5 7 10 7 2 2 10 0 0 10 1 10 3 3 0 1 4 8 3 0 7 7 7 6 4 3 7 10 6 2 6 3 1 6 1 3 1 6 9 1 3 10 8 4 5 1 1 4 8 0 3 1 5 4 6 8 5 7 3 8 3 10 6 8 6 8 6 2 2 7 6 3 8 0 8 1 9 8 2 0 9 3 7 10 1 8 0 3 4 1 6 6 10 0 1 7 2 1 0 6 7 7 10 9 10 2 4 5 5 4 8 8 6 4 2 7
3 1 0 5 6 0 7 9 2 0 4 9 9 8 4 2 1 9 10 4 2 2 6 6 0 9 5 0 3 2 6 5 1 7 4 2 4 5 6 5 2 4 9 4 4 8 2 9 3 6 3 6 1 4 8 6 1 0 1 5 7 2 3 6 7 6 7 7 7 1 7 2 10 7 6 10 2 4 0 7 8 7 5 8 3 2 6 4 2 1 0 2 6 1 6 6 5 0 6 10 7 4 1 9 9 8 1 6 0 10 10 3 6 4 3 8 1 1 3 10 3 7 0 5 3 9 3 9 10 6 9 8 9 8 6 4 7 3 7 2 9 7 2 4 4 7 2 8 0 4 6 3 0 1 8 4 9 4 3 2 4 8 7 10 0 7 6 10 1 3 0 6 2 4 9 5 3 7 7 5 6 6 2 6 3 6 7 4 5 1 4 9 5 9 5 1 1 6 6 3
2 10 3 10 6 0 8 0 3 5 0 8 0 0 5 7 3 1 9 1 3 6 6 7 10 8 4 4 7 5 10 6 3 0 9 2 10 8 7 3 8 6 7 6 0 3 4 3 7 4 5 0 6 6 2 10 3 0 3 4 7 6 4 10 0 6 3 0 4 2 5 3 1 5 0 10 6 10 2 4 6 6 8 5 10 9 3 0 0 0 10 2 1 2 6 0 2 1 7 4 3 1 3 8 6 4 3 8 1 1 7 0 6 8 6 5 7 3 8 1 0 7 10 7 1 6 0 1 8 10 5 6 3 0 8 2 5 6 8 4 9 3 4 9 7 2 9 3 7 2 2 10 2 10 5 10 8 9 5 3 2 5 6 4 1 1 9 4 3 7 7 4 1 10 3 10 7 5 6 8 1 9 0 4 5 10 8 7 9 4 2 5 7 2 1 1 6 4 7 6
3 4 8 10 0 10 6 7 2 1 3 0 0 7 8 1 8 7 9 1 0 5 6 2 5 6 8 10 2 2 3 8 10 10 5 6 2 9 6 5 7 0 7 7 5 4 1 5 8 6 0 3 9 3 0 10 8 8 7 0 5 10 7 9 6 5 6 4 2 6 0 7 10 9 0 3 0 2 9 4 3 2 7 1 2 6 2 3 10 9 9 6 3 0 4 7 4 2 8 2 6 7 10 9 9 1 9 5 5 0 3 4 8 0 5 8 7 9 10 0 1 4 1 0 0 5 6 3 2 3 1 9 1 7 5 1 1 7 1 2 8 4 7 2 8 9 10 4 9 1 10 2 7 1 4 10 8 5 10 0 6 2 7 6 2 1 6 8 10 0 9 3 3 5 3 6 4 5 6 8 1 0 1 4 2 6 9 10 6 8 0 6 9 8 6 6 2 8 7 1
5 8 0 1 6 7 6 7 10 4 3 4 0 10 5 4 9 10 1 6 5 2 8 8 5 4 4 0 7 2 9 8 9 6 2 1 8 8 1 3 9 1 5 9 4 0 0 0 6 3 5 7 6 3 0 9 8 3 1 7 5 2 10 5 9 4 0 0 2 0 1 8 9 1 2 2 10 6 6 9 5 10 1 8 9 5 8 3 6 7 10 9 3 3 4 0 3 2 8 5 0 4 7 1 2 1 1 4 5 4 7 6 9 0 2 0 10 0 8 1 3 0 1 1 2 10 7 2 5 0 6 8 6 4 2 8 0 10 8 6 4 9 0 2 0 0 4 1 9 3 0 5 7 4 5 3 8 9 1 4 10 7 1 6 9 9 4 10 6 7 6 9 10 8 0 4 9 7 1 6 5 2 1 5 3 10 1 10 7 2 2 7 5 9 6 5 7 2 8 5
3 8 3 8 7 1 4 3 10 1 5 0 6 0 7 3 8 5 4 0 1 9 5 0 5 10 3 4 2 4 9 0 7 8 0 2 4 3 2 7 2 5 10 0 6 4 5 9 2 4 5 0 6 3 7 10 3 7 1 8 7 4 8 5 5 9 4 7 5 1 1 5 2 8 8 10 9 0 1 10 8 5 6 1 5 8 6 1 6 0 9 10 10 4 1 9 5 8 5 1 6 0 6 10 7 4 9 4 0 2 2 10 8 4 5 1 0 3 10 10 8 7 3 4 8 1 6 3 9 10 0 0 3 7 3 10 10 0 8 8 0 5 8 8 2 2 9 10 3 3 6 4 9 4 7 10 6 10 1 5 2 5 2 5 6 6 8 5 7 8 3 1 0 0 0 10 5 10 2 3 7 1 9 9 5 4 5 2 3 0 1 6 1 6 4 0 2 7 4 3
4 7 8 7 5 7 0 2 9 1 1 0 8 6 0 0 1 8 10 7 10 5 10 9 2 2 10 6 7 0 0 5 4 7 2 4 6 7 2 5 0 0 1 7 9 7 7 3 6 4 4 3 5 5 3 7 4 2 9 10 9 2 0 0 5 5 9 5 9 10 0 10 1 2 10 2 4 5 6 5 0 8 6 1 10 8 4 6 9 1 9 9 7 10 1 8 4 7 7 0 6 10 1 1 9 4 4 2 5 6 6 7 8 8 6 8 1 0 0 7 4 8 3 2 3 5 1 7 10 2 6 6 9 3 4 3 10 0 10 0 8 9 3 3 5 0 3 8 3 10 0 4 6 3 3 2 10 0 9 2 9 1 10 1 7 9 3 5 5 3 9 8 9 2 8 0 4 5 3 5 3 1 6 8 3 8 7 6 6 2 8 0 6 7 1 9 0 4 0 10
4 9 10 4 2 7 7 1 3 10 2 0 1 7 0 0 8 1 5 10 10 4 5 10 0 1 0 10 4 8 8 6 3 7 0 0 8 5 2 8 9 2 8 9 6 8 5 0 10 9 7 5 8 4 5 4 8 8 7 3 10 9 0 7 3 10 5 3 4 3 0 0 2 8 8 1 7 1 5 1 3 9 0 0 5 6 8 7 8 6 9 5 4 1 4 7 7 3 10 9 10 10 4 5 0 0 6 4 5 9 1 7 0 9 8 6 0 9 4 10 2 7 3 6 6 5 9 7 8 4 5 7 7 10 8 10 2 7 1 2 1 0 4 5 8 2 7 1 8 2 1 4 6 8 4 4 4 6 9 7 6 2 6 1 9 8 5 7 2 5 2 0 3 3 9 4 1 9 2 3 2 7 0 7 3 4 3 8 2 6 9 0 6 2 5 4 4 10 1 8
4 2 1 1 1 6 10 9 9 8 7 6 4 0 1 3 0 10 1 4 6 9 8 4 1 3 4 2 7 2 6 3 0 2 8 5 4 8 5 10 10 1 9 4 8 5 2 7 5 5 0 10 1 0 3 9 9 9 1 1 2 1 2 9 1 7 5 1 1 10 6 8 4 0 2 9 9 3 0 10 1 1 10 6 9 4 6 10 0 7 5 2 10 7 0 4 4 7 3 9 1 9 10 10 10 8 3 6 1 7 1 2 9 6 0 9 6 4 2 5 0 1 6 2 6 1 5 1 6 0 5 4 0 6 9 5 9 3 5 3 2 0 4 0 0 6 8 7 0 2 1 5 1 8 5 3 2 10 7 9 5 4 0 0 9 0 1 2 0 1 3 10 6 0 6 0 7 8 2 4 4 2 7 7 0 6 5 2 1 9 8 9 5 3 2 6 0 3 2 1
3 0 8 1 2 7 3 8 5 5 0 4 0 10 6 3 3 0 6 2 4 10 3 0 1 9 1 7 4 7 6 7 2 10 2 2 10 3 2 3 0 1 0 1 2 6 8 2 3 3 7 1 10 2 7 7 0 4 8 9 7 7 8 1 8 5 0 10 3 1 7 1 7 8 5 1 3 6 0 1 1 2 4 7 4 10 8 7 1 6 5 3 9 10 0 0 2 4 7 1 7 3 7 4 6 3 8 7 5 3 3 9 1 5 3 3 9 5 0 3 7 10 1 3 3 4 6 8 8 6 10 9 10 6 0 8 8 4 8 4 4 9 10 9 5 10 9 6 2 1 9 4 4 3 2 4 7 6 3 9 10 2 6 5 6 10 1 8 4 5 9 2 10 6 1 4 9 3 3 6 9 5 1 1 10 5 6 8 5 10 3 7 3 3 4 8 0 8 2 9
9 6 7 4 0 2 9 10 10 10 6 9 7 3 2 4 10 8 0 3 10 8 2 1 4 6 8 10 2 8 2 7 5 1 6 5 8 9 7 2 10 3 1 5 7 4 8 6 3 5 6 9 0 10 4 5 7 5 10 1 5 4 2 4 1 8 10 5 6 3 10 7 6 10 4 0 3 10 0 4 8 3 7 1 7 3 7 5 6 8 0 6 9 7 6 3 3 5 10 7 6 10 5 0 0 6 8 5 10 2 7 7 5 6 7 1 6 7 6 8 5 5 0 10 1 4 2 10 2 5 6 9 1 7 6 4 10 3 9 6 0 6 4 1 6 5 10 7 5 4 6 0 6 8 6 3 5 4 8 1 4 8 6 7 9 3 2 5 1 1 3 5 3 10 0 9 8 1 4 3 0 3 6 6 10 5 9 1 6 7 4 10 1 10 1 8 9 0 3 10
10 2 3 1 5 8 9 10 9 10 0 5 9 0 8 9 0 1 2 0 2 5 6 2 10 5 10 7 4 9 8 10 0 6 10 9 7 2 3 2 3 6 2 1 5 9 10 2 7 8 10 1 9 9 8 0 10 0 8 8 9 9 10 6 3 0 7 5 10 10 3 5 8 8 6 0 5 1 4 7 4 4 1 3 1 9 0 0 0 9 5 1 2 5 5 9 7 6 7 6 5 4 9 9 8 1 7 6 5 7 1 9 6 10 5 0 3 10 3 6 9 2 1 0 4 8 1 6 3 1 8 3 8 9 0 10 10 2 0 4 3 7 8 6 9 3 5 0 1 2 3 4 2 2 10 5 0 2 3 9 8 9 4 4 1 2 3 2 3 9 6 10 5 9 10 10 8 9 9 1 5 10 5 4 2 10 6 1 8 8 4 9 1 6 5 5 9 6 9 0
3 7 2 1 7 5 8 6 9 2 3 7 9 3 6 4 6 6 1 5 0 1 0 2 2 4 5 7 6 9 6 2 2 6 0 10 10 3 2 0 10 9 6 10 8 8 7 1 9 1 2 3 7 2 7 6 7 4 3 0 9 1 5 9 6 2 8 8 9 3 2 10 9 3 8 4 2 5 9 2 4 0 10 7 6 3 2 1 10 10 1 6 10 1 10 5 2 7 1 10 10 10 1 5 4 6 7 0 5 3 3 7 5 0 6 9 9 2 5 0 3 3 8 3 2 8 9 7 4 6 9 6 4 0 10 1 9 9 2 9 0 9 8 5 2 9 2 9 7 10 8 2 2 2 10 6 8 1 0 5 8 2 3 1 8 3 2 10 7 3 2 1 8 1 6 7 8 10 10 5 2 0 10 9 1 7 7 7 5 7 3 6 0 9 10 1 4 3 1 5
5 6 4 3 2 9 5 7 4 7 4 7 1 0 2 0 10 10 7 9 10 0 2 2 0 3 5 0 10 5 7 0 3 3 8 7 8 10 4 8 6 9 3 7 7 9 2 3 5 7 7 6 7 3 0 9 10 6 10 1 4 9 4 10 1 3 1 5 0 1 3 1 10 8 10 4 6 7 8 4 1 6 9 2 9 8 6 4 7 5 10 6 1 10 7 2 4 8 4 10 8 5 7 7 1 4 3 8 7 5 9 1 9 1 0 3 10 8 7 1 2 7 2 4 0 1 5 8 2 3 5 4 7 7 4 0 8 9 3 2 4 10 1 7 10 9 6 5 8 10 7 0 2 9 10 2 10 4 6 0 2 7 10 8 6 10 5 4 4 6 3 7 0 2 5 7 4 9 8 4 1 4 10 2 0 1 4 2 9 4 6 8 6 9 3 4 4 3 8 2
2 3 0 9 3 6 5 1 8 1 10 5 10 0 6 10 2 10 9 4 10 6 0 1 3 2 1 8 10 1 5 7 8 5 0 5 5 9 7 3 6 1 1 8 5 5 3 6 8 3 7 2 0 4 0 3 5 7 0 7 1 0 0 6 2 7 9 9 2 4 1 5 1 3 4 4 10 7 6 8 3 3 1 0 4 5 8 6 5 7 0 7 3 0 10 9 10 5 10 1 6 8 0 0 0 6 6 2 2 9 10 9 0 9 2 1 6 8 2 6 0 1 2 0 10 6 3 5 1 4 1 2 2 10 4 8 4 9 8 10 10 4 1 5 2 1 2 10 6 5 8 5 2 2 6 10 5 10 5 5 8 3 1 4 9 10 10 5 8 7 1 8 5 7 6 8 5 9 4 9 4 4 4 10 8 6 5 5 5 8 10 7 3 9 8 6 9 9 8 0
8 1 3 0 1 2 3 0 0 5 5 9 3 0 7 3 9 8 4 6 3 5 7 0 7 4 1 5 8 9 0 3 5 9 9 6 6 4 6 5 3 2 10 2 3 1 2 4 2 0 7 2 7 2 9 5 9 7 10 6 4 2 6 2 6 8 1 1 5 7 7 7 6 5 9 8 5 7 9 4 8 3 0 9 8 6 5 9 6 7 6 9 3 5 1 0 2 0 10 10 5 1 0 0 5 0 2 1 6 2 8 9 10 1 8 5 7 9 5 9 1 9 3 0 5 0 10 0 5 1 9 3 0 1 8 8 7 10 10 2 8 5 2 1 10 6 10 6 2 1 5 6 4 8 3 3 4 2 8 1 0 4 8 8 5 0 8 7 5 8 3 4 8 3 2 8 3 2 9 6 1 6 8 5 2 8 9 10 10 4 2 0 9 6 4 0 4 9 1 0
3 3 4 7 5 6 10 7 7 9 4 8 5 6 4 1 3 4 8 5 2 0 1 2 0 2 8 0 2 5 9 1 4 2 2 5 3 2 0 9 8 5 9 1 8 10 2 6 4 3 10 4 8 7 2 3 8 7 6 5 3 1 3 10 5 0 1 10 5 7 6 2 3 1 1 2 1 3 7 6 2 3 9 5 7 3 4 9 4 3 2 1 9 7 1 9 9 8 4 5 10 9 9 7 7 7 0 4 3 10 2 10 10 10 3 6 5 10 6 7 10 3 2 2 4 0 7 5 1 0 0 2 5 1 7 8 7 1 3 0 0 0 5 1 9 10 9 10 5 4 1 0 5 4 6 3 9 6 8 3 1 2 0 1 0 10 7 2 0 2 3 1 2 9 0 6 0 4 6 3 5 4 2 2 1 6 7 5 2 8 6 0 10 7 4 9 9 7 4 10
0 9 9 1 0 4 5 2 0 0 7 7 1 3 9 4 4 2 8 8 7 5 1 4 8 0 6 2 4 3 6 7 6 10 2 9 1 10 5 1 8 3 4 4 2 6 4 4 1 0 9 0 5 9 1 2 0 1 0 2 4 3 3 8 3 3 10 3 8 5 9 7 10 9 10 0 3 1 9 6 9 10 8 6 7 6 2 0 1 9 9 5 2 6 10 7 1 8 1 1 6 5 10 1 0 5 0 5 1 2 7 6 4 1 0 8 9 6 7 3 7 7 8 8 7 3 0 6 2 6 8 1 3 1 1 4 9 8 7 1 3 7 6 6 2 1 7 3 3 1 8 10 7 10 2 0 4 9 1 0 10 7 9 1 5 4 7 5 6 0 10 8 0 4 4 4 4 2 5 7 9 5 2 9 4 7 8 0 3 6 5 7 5 7 1 0 3 0 7 0
7 2 7 7 3 5 6 10 6 5 0 6 8 3 10 8 1 0 6 5 0 5 3 8 5 10 0 10 6 3 6 9 9 3 0 3 7 4 3 6 1 10 8 10 3 2 3 4 7 3 2 7 1 9 4 7 7 4 9 10 3 8 0 0 9 10 9 7 0 6 7 4 0 6 4 5 5 6 8 0 10 4 8 1 10 7 7 6 0 8 10 4 3 6 6 10 7 2 9 9 4 4 2 3 3 5 6 9 5 1 8 10 6 10 5 6 1 0 5 4 9 4 8 3 10 3 4 10 10 6 9 3 10 10 0 10 9 2 3 0 8 5 7 6 3 8 2 7 10 7 9 1 7 3 9 7 1 10 1 1 5 10 4 9 2 2 3 3 5 0 1 0 6 2 3 5 7 5 3 10 4 5 3 8 5 1 9 2 1 0 7 9 8 0 9 3 5 7 6 7
10 3 5 5 5 2 6 9 3 10 10 6 6 7 0 10 10 0 8 7 10 10 0 0 6 8 2 0 7 2 2 5 9 10 6 2 9 7 10 6 10 8 3 9 8 8 10 5 4 10 0 8 5 7 5 3 4 5 2 1 3 6 5 0 8 1 7 5 8 6 6 6 6 7 4 10 6 6 7 0 4 10 4 2 10 1 2 1 5 0 4 1 8 9 9 2 9 2 3 4 2 1 8 3 7 6 6 2 7 5 10 3 5 8 6 9 4 8 10 10 1 5 6 3 1 3 9 5 7 10 2 4 5 0 0 3 9 0 9 10 10 0 4 6 5 7 7 1 6 1 4 8 3 8 10 7 6 2 0 5 3 9 5 3 5 10 0 8 8 4 8 6 8 6 1 7 6 9 3 7 5 3 8 7 5 10 0 7 2 5 4 8 4 4 0 9 9 4 6 9
6 1 7 8 5 6 10 3 5 3 0 2 10 1 10 0 6 7 1 8 6 7 4 6 3 2 0 4 0 4 4 5 10 6 7 0 8 4 3 3 8 10 0 6 6 2 7 2 4 4 1 0 8 3 4 4 10 4 8 6 0 5 1 6 8 8 4 6 3 6 3 1 2 2 10 7 3 0 5 7 5 7 0 3 8 0 2 10 4 10 7 2 6 5 6 3 1 2 7 9 1 8 7 9 5 10 1 1 4 3 5 8 2 1 3 5 0 1 7 6 6 8 2 2 7 5 9 3 2 2 8 10 4 10 9 10 9 2 4 0 10 2 6 9 10 9 6 8 7 5 3 2 5 10 9 0 3 4 8 1 2 8 0 5 3 5 9 9 10 1 9 3 4 9 3 6 10 3 10 10 9 4 7 4 0 0 0 3 7 3 5 10 8 0 6 6 7 9 2 1
4 3 2 1 1 8 4 3 10 5 7 0 0 4 1 2 6 7 1 8 3 8 10 3 5 6 8 3 9 0 4 8 6 0 8 3 7 2 6 8 2 8 6 0 2 7 5 1 5 8 1 3 1 8 2 1 5 5 0 8 8 1 1 1 8 2 9 0 4 3 10 6 5 5 10 0 7 8 0 9 6 2 9 0 2 1 1 7 4 9 9 8 4 4 2 10 9 1 2 1 6 1 9 1 7 5 6 10 8 0 5 1 2 0 6 5 2 2 8 6 6 0 5 8 4 5 2 7 7 4 9 4 10 7 7 3 3 1 7 9 9 1 0 9 0 4 7 10 0 6 1 7 9 6 6 10 2 5 8 0 2 10 10 3 8 10 3 2 8 1 7 10 5 1 7 6 3 6 6 5 9 5 0 8 9 4 8 4 7 7 6 4 8 6 5 9 1 6 6 10
10 6 6 1 4 1 5 4 5 4 0 3 10 10 5 5 0 6 4 1 1 9 9 6 6 7 3 5 6 10 0 2 3 4 6 7 4 0 8 1 7 0 4 3 8 5 8 8 7 1 4 4 0 4 3 8 6 9 7 9 9 0 0 7 7 2 6 5 9 3 4 2 5 8 0 0 7 1 2 5 10 6 2 1 3 5 6 5 2 2 2 9 7 5 8 3 4 2 1 10 5 0 1 2 1 2 4 0 2 3 6 10 1 2 10 10 8 0 5 6 7 1 2 3 4 2 7 4 9 7 10 4 10 3 8 3 6 4 9 6 5 8 8 1 6 10 3 0 2 2 8 0 6 2 8 6 5 0 8 8 7 4 2 3 5 1 8 7 2 1 4 2 4 0 3 1 2 7 7 7 8 3 8 2 10 0 3 6 7 6 3 6 8 10 3 8 8 6 6 4
8 5 9 9 0 0 5 7 3 3 2 4 0 2 6 7 4 8 3 3 0 8 8 4 9 4 4 0 6 1 0 0 1 6 6 3 9 3 6 4 5 7 4 7 1 0 5 2 5 10 10 4 1 4 6 6 10 9 4 4 9 9 0 9 6 5 6 2 7 0 10 7 0 6 6 9 5 3 2 0 9 0 10 9 1 10 1 8 5 3 4 3 10 3 6 6 4 6 7 2 4 3 8 10 8 7 8 6 8 10 3 3 7 7 5 7 0 1 2 4 3 2 0 10 0 7 4 1 9 8 7 1 3 9 7 2 6 2 9 5 1 3 1 2 8 3 0 3 6 1 7 9 6 10 10 10 5 7 3 5 10 0 5 9 10 3 7 7 8 9 9 6 1 3 2 3 7 10 7 6 5 5 2 4 2 3 0 8 5 10 9 3 0 0 1 8 4 9 2 8
1 7 10 8 1 6 7 0 8 7 0 1 10 4 8 0 0 9 1 3 4 1 9 7 8 10 0 2 0 0 9 7 0 3 5 0 1 3 7 1 6 6 7 3 0 3 0 3 5 7 3 3 4 10 9 3 7 10 3 2 0 5 6 0 8 1 0 9 6 2 3 6 8 1 0 3 9 8 7 0 1 6 10 6 4 0 8 1 0 2 1 2 1 7 1 5 7 6 0 4 3 3 9 1 4 4 5 5 9 2 5 1 1 0 7 2 8 2 3 5 2 8 0 3 6 10 5 8 9 2 6 5 2 8 0 9 4 2 6 8 9 2 6 10 4 3 7 3 2 1 0 5 5 1 10 2 8 2 2 1 6 10 9 4 9 0 3 0 0 3 8 9 9 8 1 8 5 5 5 6 5 0 5 6 6 1 3 5 1 4 10 0 9 10 2 0 4 9 1 1
0 1 3 9 10 10 2 0 7 2 5 1 7 1 0 10 1 10 0 0 6 9 2 10 2 8 7 10 9 3 9 4 9 0 1 9 6 6 4 10 5 10 4 4 7 3 4 1 3 6 2 6 4 2 4 6 7 2 1 4 2 8 10 0 4 6 5 6 4 4 0 1 6 1 3 0 9 9 9 3 10 8 6 6 7 0 0 5 5 8 4 6 5 8 4 10 8 3 2 10 3 2 1 0 4 6 7 2 5 9 10 8 8 6 8 8 9 6 2 7 9 8 1 0 1 8 10 10 2 5 2 3 8 0 2 5 4 5 5 10 2 6 6 8 5 5 7 5 1 5 8 2 0 7 1 2 0 8 10 5 6 4 3 8 1 1 2 5 10 9 10 7 1 1 8 8 8 6 8 3 6 8 8 9 7 9 7 7 7 2 2 7 7 3 10 7 0 0 6 9
9 1 9 5 2 9 1 0 9 10 9 10 6 4 6 8 2 2 6 8 0 5 1 8 7 9 7 3 9 5 8 5 2 8 0 1 9 8 5 3 7 5 1 0 5 4 7 1 4 3 4 4 1 10 5 10 1 5 5 7 7 5 4 7 2 4 8 2 7 6 9 8 10 9 5 8 6 8 2 5 1 10 10 8 0 6 0 7 9 2 6 0 2 5 8 10 10 7 9 7 3 5 10 8 2 5 0 7 4 1 6 2 0 9 9 10 9 7 4 3 1 3 10 10 7 0 0 10 2 5 6 8 6 4 2 5 3 4 6 2 8 1 1 0 5 0 10 2 10 9 10 7 0 2 2 10 6 8 10 7 0 3 1 6 9 1 0 9 6 10 9 5 4 4 7 1 9 5 9 7 9 1 4 5 7 1 9 8 6 0 1 7 10 10 3 2 0 0 3 4
0 10 7 6 1 3 9 1 1 5 10 2 5 1 4 0 1 8 9 10 0 9 7 5 9 7 10 3 4 1 8 2 7 8 3 0 5 9 1 1 8 6 2 1 5 4 0 1 8 5 8 0 9 6 6 9 0 1 7 4 8 5 9 7 6 5 2 3 9 10 5 5 4 4 10 0 3 6 7 9 8 7 9 0 5 6 4 0 0 4 8 5 0 7 4 4 9 6 9 2 4 6 2 10 4 6 3 2 9 5 5 1 2 8 9 10 0 7 9 10 10 5 8 4 3 7 3 7 1 9 10 8 4 0 7 8 9 3 6 9 5 0 5 6 8 5 7 9 2 1 5 4 9 9 10 3 9 5 1 1 7 2 1 1 3 3 0 5 8 5 7 7 4 6 2 2 2 0 4 4 10 3 9 6 3 0 3 6 10 9 6 10 1 7 8 7 3 7 0 9
9 2 1 5 6 0 0 0 0 1 1 9 7 6 8 9 10 4 3 2 2 7 2 4 2 9 8 8 1 9 9 8 1 4 8 5 0 7 7 7 7 8 6 0 5 7 2 0 7 9 5 1 9 4 9 1 8 6 9 5 2 7 3 4 3 6 0 5 7 5 2 4 5 4 3 4 1 4 5 4 0 5 8 3 9 2 0 0 0 7 3 2 9 8 9 0 0 1 1 3 9 5 1 3 3 3 10 8 2 7 8 2 6 6 7 4 4 0 9 2 9 6 10 6 1 8 5 10 4 5 5 4 4 10 9 10 3 0 3 6 1 8 1 2 8 5 4 10 3 1 4 4 6 5 7 10 0 0 1 7 4 1 10 9 8 1 8 5 7 8 3 2 9 1 9 9 0 3 5 10 10 4 10 2 5 2 0 0 5 9 10 5 8 7 3 10 5 0 4 6
8 6 4 6 1 6 0 1 8 2 1 9 8 1 4 7 1 8 9 4 0 0 3 3 0 10 4 0 5 5 1 8 5 5 3 4 2 0 5 10 9 1 1 8 9 8 9 1 4 3 6 7 1 1 8 6 5 6 5 10 8 9 3 2 0 5 3 7 6 4 1 3 10 1 7 4 10 5 5 1 7 0 2 0 10 7 6 4 10 1 8 8 5 10 10 0 7 0 6 0 10 6 7 7 5 10 7 3 1 6 2 5 2 5 9 7 10 2 0 6 4 5 10 5 10 3 10 10 9 5 0 2 6 3 2 8 9 2 2 8 7 0 5 0 7 3 8 0 2 5 6 7 1 9 5 9 10 6 4 1 6 3 6 4 8 10 5 6 9 6 0 10 8 7 5 0 10 10 9 8 9 4 6 10 8 7 9 4 2 9 5 9 9 3 6 2 6 4 1 1
4 2 9 9 0 2 2 3 7 4 0 2 3 1 10 5 9 2 1 7 8 2 1 1 9 6 1 1 5 4 9 5 3 0 9 6 8 9 0 5 9 0 8 9 9 9 10 7 3 3 6 9 4 6 3 1 4 10 1 1 8 9 5 9 3 7 5 8 2 6 7 1 4 10 3 1 2 0 4 7 10 7 8 8 1 9 3 0 5 2 7 10 2 3 10 3 8 7 2 3 9 1 3 6 0 6 7 10 6 3 5 6 1 1 8 7 3 8 5 4 9 4 6 6 1 2 4 3 5 5 2 9 4 2 3 2 4 2 6 6 3 5 0 6 3 7 1 3 3 7 7 5 3 9 10 10 7 6 7 9 3 4 3 1 10 8 8 3 4 2 10 1 9 3 3 2 1 2 7 3 9 9 2 4 10 4 8 6 3 0 1 6 10 9 10 8 2 6 7 10
9 0 0 6 4 5 6 8 10 2 0 8 0 9 6 2 8 6 3 4 1 5 7 1 4 5 4 2 2 9 6 0 4 1 3 4 3 10 10 0 10 4 10 4 2 5 4 8 9 10 3 1 6 6 10 1 9 1 6 5 1 10 6 8 2 8 0 2 4 7 10 8 9 9 5 1 3 3 0 2 9 10 5 0 5 8 6 1 1 10 1 3 4 0 1 5 3 8 7 9 10 8 5 6 1 9 8 8 4 1 6 5 8 3 1 10 1 10 5 7 0 5 7 8 4 5 7 2 8 8 7 1 5 9 8 4 1 5 0 10 8 0 10 7 10 4 3 0 6 3 9 9 3 4 4 3 8 9 10 6 7 8 1 5 10 10 2 0 4 7 1 8 4 4 1 7 7 3 3 8 4 8 2 2 1 1 10 6 5 10 0 9 3 10 9 3 3 2 2 1
2 0 7 4 4 4 10 10 0 8 3 7 5 7 10 2 10 5 6 1 9 7 9 9 7 1 1 3 3 9 2 6 5 4 9 2 3 2 9 9 0 9 7 9 7 2 10 7 8 2 8 5 3 8 5 0 2 5 7 8 6 8 6 8 6 2 8 1 9 10 1 0 4 9 6 1 8 10 7 10 9 4 6 8 2 0 1 3 4 5 2 6 1 0 9 7 8 1 6 1 1 5 0 8 3 8 5 1 2 7 9 5 10 6 3 9 4 1 3 6 5 1 2 4 5 6 3 8 5 9 8 5 2 6 2 5 10 10 9 1 6 7 5 2 3 8 6 2 3 8 4 10 0 10 0 2 1 4 0 8 8 8 8 8 3 0 7 9 5 6 6 2 6 5 4 0 10 9 6 3 0 10 1 4 9 9 10 0 10 9 0 8 5 3 5 0 10 2 6 2
10 0 10 10 1 1 8 0 3 6 10 9 6 2 10 0 1 2 6 10 1 4 1 9 3 4 3 1 10 5 9 5 8 10 10 6 4 9 1 2 1 0 4 8 4 3 1 4 2 6 7 0 5 6 0 0 10 4 1 10 0 0 0 4 5 2 4 8 8 7 4 5 10 2 9 5 0 9 10 10 4 1 0 9 6 1 2 9 8 7 4 8 9 5 10 3 1 6 0 4 0 6 6 6 3 7 1 2 4 0 2 10 8 2 10 0 0 2 4 2 2 9 8 7 10 8 9 4 4 3 1 9 3 0 9 4 9 9 2 5 8 5 3 9 1 6 8 1 1 0 7 9 0 4 7 7 3 3 6 6 3 0 2 10 1 10 8 4 10 1 1 2 10 9 7 0 10 5 7 10 7 5 3 6 6 5 6 6 7 0 8 7 0 9 4 10 9 6 4 6
4 4 7 9 4 4 9 10 1 1 10 1 2 10 0 1 6 8 7 6 2 9 8 6 0 9 8 5 0 4 1 5 8 5 3 4 1 6 4 7 2 1 0 4 3 6 1 0 1 7 0 10 2 10 3 7 0 5 4 1 7 1 2 6 9 8 9 8 0 9 5 6 6 5 1 10 1 9 8 4 3 8 5 2 7 0 6 10 9 10 1 2 1 10 8 9 3 2 5 0 8 6 2 10 10 7 0 1 2 8 9 10 2 8 2 4 5 7 5 0 7 0 10 7 9 1 2 3 3 3 4 5 8 4 9 3 10 1 1 5 0 7 6 8 4 7 8 10 8 3 9 10 3 3 6 8 5 10 10 7 5 9 0 0 0 7 1 9 9 9 8 3 3 6 5 2 3 6 8 2 10 3 0 2 3 7 6 10 10 9 4 0 5 2 10 5 5 2 7 0
8 1 6 8 2 7 2 1 7 7 2 6 1 4 1 5 4 7 2 0 7 4 7 7 7 4 10 6 1 9 6 9 8 5 2 8 4 7 6 5 10 1 1 0 0 7 0 9 8 1 6 4 1 9 4 3 7 6 10 8 8 0 6 9 6 10 4 1 5 2 7 8 8 4 7 0 7 5 2 9 5 1 1 7 0 6 4 9 9 7 2 10 4 10 3 10 6 4 3 1 3 3 5 1 8 7 4 4 0 10 4 2 3 8 7 7 2 10 6 6 7 3 8 7 8 9 3 4 9 1 1 0 10 6 6 0 6 1 1 1 10 10 8 2 4 9 4 2 4 2 4 3 1 9 0 8 10 5 6 2 7 1 3 3 6 9 10 4 6 10 4 9 8 10 3 1 1 7 5 3 6 2 3 7 1 7 10 10 7 8 8 4 6 4 10 1 8 1 0 2
8 7 9 4 0 5 0 10 4 7 4 4 1 3 3 10 3 2 2 6 9 3 0 2 6 8 9 3 4 8 2 7 2 6 7 6 6 0 3 1 1 3 8 8 0 0 2 7 5 3 5 9 6 0 0 1 0 0 3 2 6 2 9 1 1 3 8 6 6 8 2 2 0 9 10 10 3 1 0 6 7 6 0 6 8 6 6 3 8 4 7 1 2 4 10 3 2 0 5 7 10 0 3 4 10 4 10 9 7 0 7 8 3 3 9 8 7 8 7 6 0 7 10 8 2 2 10 6 9 4 2 0 0 5 10 3 4 9 6 1 5 1 1 2 2 6 2 5 5 8 9 4 3 2 8 5 4 2 1 5 1 1 9 9 9 4 1 2 1 8 3 7 8 1 0 1 9 5 3 10 1 6 10 0 8 8 10 7 2 8 4 2 2 10 8 6 3 3 8 3
1 10 3 5 4 1 6 9 5 7 1 5 4 9 3 0 1 1 2 10 10 10 2 6 8 1 9 6 9 2 7 8 5 5 7 7 8 1 4 2 7 9 0 9 4 0 3 8 10 10 9 4 9 5 7 2 8 4 2 2 3 8 4 5 0 8 10 7 2 3 10 4 1 2 3 9 2 4 5 6 5 5 5 10 0 4 0 9 10 1 0 1 5 9 8 3 5 4 4 6 5 0 5 0 7 4 8 8 6 0 7 5 2 0 1 8 3 1 3 7 4 1 1 4 7 10 10 5 9 5 7 5 10 6 2 4 8 4 10 7 5 0 0 7 3 8 1 3 7 7 2 10 4 7 7 10 8 2 7 10 7 10 6 5 8 4 8 9 7 7 3 5 7 6 8 10 3 5 1 3 0 10 2 5 6 6 9 10 5 0 2 3 5 0 10 6 8 7 2 5
5 10 2 4 3 7 4 3 6 2 4 1 5 3 2 3 3 6 9 2 10 0 0 2 4 4 10 9 3 4 9 5 9 1 8 1 2 8 9 6 0 10 3 4 2 1 0 7 0 5 6 4 6 2 9 1 3 2 7 3 3 2 10 4 7 0 4 2 5 7 5 7 7 0 10 4 7 4 4 0 7 6 1 2 1 4 6 6 1 1 7 8 0 4 8 10 7 7 2 2 6 8 10 3 1 8 9 9 3 6 6 3 0 7 4 9 4 9 3 1 1 10 8 7 9 7 9 0 9 2 0 8 0 10 9 9 1 9 6 2 9 10 3 1 9 6 2 10 4 9 10 5 1 1 3 8 7 10 10 0 9 7 8 1 6 4 9 5 1 6 9 3 6 2 5 6 10 2 6 4 9 8 5 1 1 9 8 9 5 5 5 5 1 6 3 10 1 8 2 0
0 7 0 10 10 1 0 2 10 9 5 5 5 2 4 5 0 5 0 2 1 4 9 5 0 0 0 4 3 6 9 4 3 7 5 10 3 2 6 1 3 8 5 0 0 10 4 0 6 0 6 1 6 2 10 7 0 0 10 4 6 8 6 6 2 9 6 10 10 9 4 2 1 1 1 10 10 10 6 0 6 6 9 4 9 9 6 8 0 5 6 10 4 3 6 10 7 1 0 1 1 10 5 1 1 7 4 8 7 2 8 7 4 10 7 2 4 7 6 3 2 9 10 8 8 5 2 7 4 8 3 2 1 8 8 8 8 9 0 9 10 2 8 2 7 7 1 3 10 3 7 6 1 3 6 10 2 8 6 0 5 3 1 5 6 7 0 9 4 8 7 6 7 6 3 6 0 8 8 6 5 4 6 2 1 3 4 7 3 10 9 5 8 5 0 6 8 8 7 3
5 3 9 4 4 0 6 0 8 8 10 1 3 10 9 8 6 10 6 7 2 4 0 4 1 4 9 1 2 1 9 0 1 9 7 9 10 8 8 9 2 7 2 3 1 4 5 5 0 6 6 10 7 4 8 4 5 3 9 3 10 8 0 2 7 3 10 7 0 2 6 2 8 5 9 1 8 1 2 4 2 9 2 9 7 4 3 4 0 8 1 5 4 8 3 0 6 0 8 10 7 8 7 3 5 6 4 7 1 6 1 5 7 4 2 5 10 5 7 3 10 9 8 3 9 7 3 9 6 9 0 5 5 1 7 4 4 1 5 4 6 2 7 0 2 7 6 1 8 3 2 6 9 10 10 0 10 4 9 5 5 4 9 8 9 8 8 3 5 10 1 5 3 1 3 3 10 3 5 4 8 2 2 1 3 9 2 8 3 2 0 6 8 10 8 5 5 10 6 3
4 4 7 8 7 9 6 4 7 5 10 7 1 6 0 3 1 7 7 10 3 9 9 1 6 9 8 5 5 5 1 5 8 8 8 4 3 0 10 9 10 4 1 8 7 10 0 2 7 0 0 8 8 0 10 1 10 10 1 6 10 10 7 0 6 8 3 7 7 1 8 7 1 10 1 8 1 9 10 7 6 9 6 7 0 0 10 8 1 2 7 0 4 4 8 3 6 1 10 4 8 4 5 3 10 8 3 2 0 10 0 9 5 5 7 7 0 9 6 7 9 10 3 6 4 4 9 4 5 7 7 9 2 3 1 1 7 0 9 10 9 10 4 1 10 1 7 8 7 6 6 8 4 1 7 2 10 8 9 4 4 9 10 8 4 3 9 5 5 1 2 4 0 9 0 5 1 0 5 5 6 4 6 8 10 5 1 3 6 7 5 4 6 4 5 3 9 2 10 7
10 2 7 0 4 7 1 0 4 10 4 5 10 6 9 6 10 6 0 9 4 4 6 7 4 4 7 2 5 0 4 10 2 0 6 10 3 9 3 1 1 7 10 2 2 7 8 8 0 5 0 5 10 1 3 3 4 1 3 7 3 7 10 4 5 3 3 9 8 10 1 4 7 7 5 10 5 0 6 5 0 7 2 5 5 1 4 2 4 4 2 5 4 8 4 3 6 4 2 6 5 10 2 5 9 7 7 8 7 1 2 6 2 8 4 8 9 4 3 3 0 9 2 1 4 3 10 0 3 7 10 3 7 4 2 3 6 8 7 8 3 10 10 3 9 10 4 2 6 5 5 8 0 0 10 4 6 7 5 10 10 4 9 8 2 3 5 8 0 6 4 1 7 8 1 0 7 0 4 2 2 3 2 0 6 8 7 8 2 7 0 3 3 2 6 4 7 10 4 1
10 1 9 9 7 1 5 3 1 1 9 1 0 8 1 4 6 1 6 7 6 8 10 3 8 6 5 4 9 3 6 10 5 2 10 9 2 4 9 3 9 4 7 0 4 1 10 7 10 9 6 0 5 6 1 8 0 3 0 0 9 2 2 3 1 4 9 7 9 0 4 5 4 4 9 10 1 10 2 7 9 4 0 1 5 6 5 0 1 8 3 1 9 6 6 4 0 7 3 1 5 2 8 5 4 3 9 5 3 8 8 8 8 2 0 3 3 3 0 9 3 3 4 0 2 2 3 4 2 0 7 6 9 2 2 8 3 8 7 1 2 3 6 6 7 9 9 4 10 2 7 2 1 8 10 6 5 10 10 9 10 5 2 8 6 2 8 7 8 5 10 2 5 7 4 10 3 2 0 0 1 0 8 8 0 2 1 9 2 0 2 5 1 6 4 3 4 7 6 4
2 9 10 10 6 2 6 6 7 1 10 4 1 9 4 10 0 3 0 1 8 2 9 6 6 4 8 6 4 5 3 2 0 1 5 0 7 1 10 9 0 3 1 10 7 6 2 5 4 1 8 5 0 3 7 0 1 5 3 9 3 3 1 7 4 8 7 2 0 10 7 1 9 0 5 3 3 7 3 6 7 9 3 7 10 8 1 5 6 10 1 2 5 9 6 5 8 10 8 1 3 2 8 10 4 8 3 0 1 1 6 2 4 2 9 1 2 2 5 5 9 10 6 8 3 5 0 6 0 10 9 0 7 5 9 2 1 6 3 2 7 0 6 5 6 10 2 5 6 2 8 0 8 1 1 5 1 3 5 10 4 2 10 10 0 2 7 0 2 3 2 9 10 2 9 6 5 7 4 4 0 3 6 7 2 3 7 0 7 6 3 6 0 5 4 9 7 10 5 4
6 8 7 9 8 0 6 10 3 4 0 6 4 0 8 6 9 10 5 7 6 4 1 9 5 1 4 2 8 0 3 7 0 6 1 2 5 0 0 9 0 6 7 7 3 6 2 5 1 2 2 5 2 0 4 1 7 7 6 0 2 2 7 1 8 0 4 1 3 2 4 5 0 1 9 1 6 8 1 4 7 7 4 4 8 4 4 2 8 3 7 4 1 5 8 8 5 5 3 0 4 10 3 1 0 0 2 9 3 9 3 4 0 6 4 4 10 1 0 5 2 8 8 7 6 0 2 3 0 7 8 7 9 3 6 0 9 6 2 6 8 1 2 4 1 2 3 8 1 8 4 7 10 3 3 10 0 8 8 7 0 7 4 10 1 5 1 6 9 9 4 7 1 0 4 5 0 9 5 9 0 4 8 9 1 7 2 1 3 4 10 6 1 1 7 7 8 7 6 5
3 10 10 8 5 7 2 9 5 2 8 1 4 0 3 7 10 5 9 2 0 6 1 10 1 9 6 0 5 5 2 4 0 4 3 2 4 8 1 3 8 1 3 7 8 2 10 10 8 0 6 2 2 2 0 6 7 7 8 4 4 0 5 6 7 4 9 1 6 1 0 2 4 8 7 6 1 10 4 2 5 10 4 7 1 8 3 2 2 10 0 10 0 2 9 9 10 5 1 7 2 1 5 3 6 10 1 4 7 10 6 9 1 1 2 1 8 6 6 2 7 9 1 10 2 10 5 8 8 5 3 3 6 1 3 6 3 3 1 10 4 6 4 2 5 7 0 6 0 9 2 2 5 6 8 0 2 5 0 5 4 9 10 8 0 7 0 6 0 8 4 6 7 1 6 7 3 6 10 3 8 10 2 9 6 2 8 4 2 7 10 5 4 2 3 4 9 7 2 7
2 2 8 5 8 8 2 3 2 3 0 2 7 0 5 5 4 2 0 8 5 10 0 4 0 9 2 5 2 9 8 5 1 9 7 6 7 6 1 9 9 0 6 2 7 7 5 4 8 8 0 9 10 5 3 0 6 0 9 7 10 5 3 9 0 3 10 2 5 7 0 1 5 8 4 3 2 5 3 4 10 10 8 2 9 9 9 2 3 1 6 10 10 0 1 7 5 10 6 2 1 7 7 6 7 7 8 10 7 8 6 1 9 9 2 3 4 3 4 0 6 1 1 2 0 9 3 8 7 2 4 6 6 9 10 6 9 9 1 5 2 2 1 3 0 7 4 4 3 4 8 7 3 10 4 3 0 1 3 10 5 6 6 2 6 2 5 8 4 0 10 2 8 6 9 4 3 3 6 4 10 10 9 8 3 1 6 1 1 1 2 1 3 1 10 3 0 9 1 9
5 4 2 6 9 2 6 3 0 7 1 10 9 1 0 6 1 5 5 6 10 9 7 7 7 2 0 6 2 7 6 10 2 8 8 2 1 0 2 0 5 8 6 5 10 8 6 5 2 7 7 10 2 4 1 6 0 0 9 8 7 6 6 10 1 3 2 8 1 7 5 0 9 1 5 3 9 4 10 3 1 10 4 3 10 4 9 3 0 2 2 8 5 2 5 1 10 7 4 1 3 9 10 10 2 8 7 2 1 0 5 3 1 3 1 10 0 9 1 8 4 4 3 1 2 3 3 2 10 6 5 4 2 4 0 5 10 4 1 7 7 7 2 8 7 3 6 9 3 7 2 5 0 2 5 10 2 6 10 6 2 7 8 5 2 6 3 8 9 8 7 10 9 6 9 9 8 9 2 10 10 0 1 1 0 5 4 2 0 0 1 4 4 1 5 2 2 6 10 5
1 4 2 7 3 6 5 10 2 5 6 7 2 6 9 0 0 7 5 2 5 9 6 0 3 10 1 9 2 5 6 0 0 7 3 0 1 6 6 6 2 9 9 1 8 2 0 10 6 0 3 3 7 8 2 0 1 0 2 6 0 4 1 5 0 3 0 8 1 4 9 1 2 0 1 1 9 4 4 8 3 9 9 1 9 8 9 6 0 8 6 3 5 1 2 0 3 6 4 1 1 3 1 7 6 5 7 3 1 2 6 9 3 8 0 6 5 3 4 5 7 10 5 4 10 1 4 5 7 2 8 3 3 6 5 0 2 2 5 0 10 5 9 9 3 10 6 9 6 10 2 6 7 2 8 10 3 2 9 2 10 10 10 6 1 0 1 6 1 5 3 4 4 5 5 8 8 8 2 5 1 5 1 5 10 8 6 10 6 5 1 3 3 6 6 10 0 6 10 2
0 2 0 1 9 1 1 2 3 2 3 6 7 2 7 9 5 3 10 7 7 3 1 1 8 6 1 5 8 6 10 4 1 2 1 1 7 2 0 10 5 1 5 7 2 3 6 0 3 4 0 9 1 1 10 8 5 1 0 10 1 8 3 6 7 6 10 1 10 1 10 2 7 1 10 9 8 7 5 9 9 5 4 5 9 8 6 1 4 10 10 3 0 1 7 5 6 3 4 1 6 0 6 6 9 1 0 6 3 3 5 10 6 4 5 1 3 1 8 4 1 3 8 0 0 3 4 7 6 8 7 3 5 9 8 2 2 3 1 6 2 0 2 6 8 3 2 5 4 7 10 3 1 0 7 0 1 6 5 9 2 3 3 6 6 6 2 3 3 9 0 6 0 2 10 10 10 7 2 8 9 9 3 3 3 0 9 1 1 10 5 6 8 5 6 10 2 6 10 9
8 7 1 4 5 3 1 4 3 0 5 3 8 4 7 2 9 7 1 7 0 6 10 0 8 7 6 7 2 2 3 8 10 1 4 2 1 7 5 8 5 10 10 2 7 0 7 3 7 9 7 2 5 5 3 8 5 8 0 0 4 1 3 7 5 4 5 7 6 6 7 6 2 7 2 3 3 7 4 4 1 7 3 10 9 5 5 10 3 3 3 5 6 5 0 5 9 7 2 6 5 1 4 10 1 2 5 9 3 3 6 2 8 10 2 6 8 8 5 9 1 5 4 1 1 7 5 0 9 10 7 3 10 8 10 6 5 5 8 7 8 6 5 7 3 3 4 4 10 0 5 4 6 3 8 7 2 5 2 0 0 9 7 9 9 4 9 2 3 5 0 5 3 10 4 2 7 6 0 7 10 9 6 4 5 0 5 10 6 10 4 0 1 5 7 9 10 9 4 4
1 7 4 10 9 2 2 0 5 7 5 4 6 1 10 6 1 8 9 2 1 9 6 4 4 4 6 8 8 4 1 1 9 2 0 0 9 1 5 1 4 3 10 4 1 3 2 1 9 10 9 7 1 3 2 1 2 9 4 8 0 5 6 7 7 7 2 2 8 1 2 4 10 7 4 9 10 10 3 3 1 7 4 0 0 2 0 2 10 6 10 8 5 5 5 6 4 1 7 1 9 5 10 5 10 7 5 9 7 2 4 1 3 7 3 7 8 3 10 2 2 4 1 10 8 8 7 9 0 0 0 6 6 6 2 3 0 7 5 5 1 9 3 10 3 6 10 3 2 8 6 2 2 3 5 1 7 3 3 3 2 8 10 9 1 9 2 7 3 2 0 2 1 8 5 8 1 3 1 4 0 3 1 9 8 2 1 5 3 9 7 10 1 7 8 7 3 8 7 1
8 3 7 3 10 5 4 0 9 9 1 9 3 9 9 7 5 4 3 3 4 9 10 7 0 9 4 9 5 3 8 6 0 6 1 3 7 8 6 10 9 10 7 5 1 9 9 2 6 2 10 2 3 9 5 10 5 5 8 1 0 0 8 3 0 8 5 10 3 2 7 5 0 9 6 8 10 8 9 6 2 3 7 4 6 4 2 1 7 1 2 8 4 9 8 5 5 9 3 8 3 10 7 4 10 7 10 5 5 9 1 9 8 0 10 5 1 2 8 4 7 9 10 5 9 8 0 8 0 5 3 10 5 1 6 9 2 2 8 7 10 0 7 0 4 8 7 3 5 6 9 1 9 8 0 6 5 10 2 3 10 9 3 1 3 9 5 10 7 9 10 0 6 6 7 9 5 2 8 8 6 9 10 6 2 5 1 1 6 7 7 7 4 6 4 8 10 6 9 2
1 0 6 7 7 5 8 9 10 8 5 10 2 8 0 5 0 5 1 7 3 7 7 10 1 4 10 2 8 9 6 7 4 5 7 1 5 4 7 6 0 5 4 6 4 4 3 1 4 5 3 3 1 7 3 5 3 3 9 9 6 8 0 10 9 8 0 0 3 5 8 10 2 10 2 6 8 2 0 3 4 8 6 5 5 6 8 4 4 8 6 1 2 9 1 2 7 0 0 0 10 5 7 0 8 3 7 2 0 9 0 0 3 4 10 5 1 3 0 9 0 10 6 3 5 4 4 4 7 9 6 3 6 6 0 8 1 3 10 10 7 8 1 8 6 1 3 8 10 9 2 2 4 9 0 2 0 9 10 6 6 10 5 10 2 0 4 6 0 10 3 8 0 0 0 2 3 0 10 1 5 0 6 9 8 2 7 9 0 5 8 5 10 2 4 3 1 3 0 1
7 5 1 1 2 3 10 0 3 3 0 5 4 7 6 3 10 2 7 0 10 10 5 9 5 10 3 0 2 5 10 2 4 10 1 5 8 2 1 0 3 4 8 2 2 9 8 5 4 6 3 4 9 6 7 10 5 9 5 2 9 5 10 0 4 5 10 3 0 3 2 3 4 0 5 1 1 8 6 9 5 9 10 1 0 9 6 3 3 8 3 4 4 7 4 3 1 3 8 7 2 7 2 0 4 5 3 0 2 3 0 2 2 4 0 8 7 2 0 3 0 6 6 8 1 4 7 5 5 0 1 7 4 4 10 2 1 1 1 0 10 3 2 8 2 10 6 3 1 1 6 2 2 5 0 3 5 1 2 0 8 9 5 9 9 2 5 2 6 9 9 4 0 5 9 3 0 7 9 9 7 6 7 5 5 10 0 4 1 6 6 7 9 9 9 0 1 6 7 5
5 1 0 0 6 2 1 3 1 1 4 10 8 5 7 10 9 5 3 1 6 1 4 9 5 4 8 0 6 10 8 4 6 9 8 5 0 7 6 9 7 5 10 9 3 2 5 3 5 1 3 0 1 1 0 4 3 3 3 3 6 1 0 0 0 2 4 8 5 2 6 9 0 6 4 1 9 6 4 8 3 1 4 10 1 1 10 2 3 10 10 4 2 5 3 7 3 7 4 4 9 3 0 6 3 9 9 7 7 3 2 4 8 9 6 0 1 4 10 7 9 5 0 3 4 0 0 1 6 2 4 4 6 7 5 8 0 3 3 8 7 3 5 3 9 8 0 4 3 1 4 2 3 3 0 0 8 3 8 9 3 8 10 4 1 3 0 2 3 4 9 1 4 9 3 6 10 8 9 2 2 9 6 10 6 1 4 1 3 9 9 5 3 2 4 3 10 1 2 8
9 7 0 1 5 5 4 5 6 6 4 6 3 4 7 9 4 1 6 8 5 3 7 8 4 2 4 10 9 9 0 7 2 4 7 6 9 5 5 10 8 10 8 6 5 9 0 10 10 8 1 6 8 0 5 4 9 3 2 4 8 2 8 0 5 0 4 2 1 8 9 7 5 0 2 1 6 9 8 8 5 4 7 1 10 9 3 6 4 9 8 2 8 8 6 5 2 9 0 5 10 5 4 5 6 2 6 5 1 8 0 10 10 6 2 4 9 9 1 4 5 2 10 8 3 4 2 4 6 8 10 9 6 6 1 9 6 3 4 1 5 6 10 8 6 9 7 8 8 10 6 10 9 5 10 3 1 2 2 7 5 6 8 2 6 10 2 2 2 2 5 9 4 2 10 1 10 6 0 9 9 4 2 5 8 0 5 10 8 2 8 2 6 5 10 8 8 6 6 5
2 7 8 0 6 5 0 4 7 6 2 8 8 10 9 2 3 10 4 0 7 2 4 1 4 2 9 2 5 6 1 3 1 0 9 3 6 6 3 4 5 8 10 10 8 4 7 3 9 8 4 8 4 6 0 5 9 4 7 9 0 6 2 2 2 5 0 4 8 6 0 4 1 0 2 10 3 8 9 4 9 9 9 8 4 7 10 0 1 7 1 5 3 1 1 7 10 2 5 5 5 3 1 4 5 3 2 6 2 4 6 7 9 10 5 8 0 2 8 9 0 7 3 0 9 8 2 5 8 2 9 5 1 10 0 4 6 3 6 0 8 6 1 9 4 7 7 7 10 8 2 5 1 0 10 1 0 1 9 0 5 6 8 5 7 6 7 1 1 10 8 7 2 0 1 5 4 6 9 4 9 6 3 2 4 0 1 3 10 6 6 1 4 3 0 4 0 5 1 5
10 6 1 3 2 0 6 7 0 8 3 6 3 3 5 9 5 5 1 9 0 1 7 9 2 10 5 7 8 10 1 7 0 3 5 8 3 5 7 5 0 0 1 0 10 5 3 1 4 10 7 2 5 6 0 7 1 8 5 2 10 6 4 6 3 7 7 0 8 1 7 7 6 5 3 0 3 1 9 6 4 9 8 5 3 8 0 8 4 6 6 0 3 1 6 6 1 2 10 1 7 9 9 3 9 2 8 7 6 5 4 3 6 5 5 7 1 9 4 9 10 1 9 1 3 1 0 0 6 6 8 10 1 4 6 4 7 1 5 10 1 2 9 9 3 1 6 3 3 1 2 9 1 10 3 2 0 3 1 10 7 2 7 9 0 9 1 9 8 9 10 10 0 0 2 5 2 5 8 1 8 6 3 4 4 3 8 7 8 9 1 1 3 8 4 7 5 7 4 0
10 5 3 2 1 1 8 1 9 2 9 4 7 5 5 4 2 6 3 3 1 9 6 1 0 8 10 5 5 1 6 4 7 5 2 2 0 10 5 5 4 9 8 6 5 7 8 9 8 9 8 9 10 4 9 2 4 1 0 4 7 8 10 5 7 9 1 10 0 5 7 0 8 0 0 4 2 2 7 2 1 2 7 4 9 4 6 6 4 6 10 8 10 7 7 10 5 7 0 8 0 8 9 2 3 7 4 8 0 10 0 2 7 7 9 2 4 0 3 4 2 0 2 0 10 8 3 9 4 3 9 8 2 1 4 0 7 3 5 10 3 6 10 6 2 6 8 7 3 10 7 1 4 3 2 3 2 4 8 4 5 3 10 1 6 7 10 9 6 4 7 4 2 7 4 10 9 8 4 1 1 2 5 6 7 7 6 9 9 5 3 0 4 4 9 7 1 3 2 4
0 7 6 4 3 10 3 8 7 6 10 0 3 6 10 0 2 5 6 9 4 0 10 8 10 3 1 4 4 10 8 3 4 2 4 3 1 4 6 5 10 6 5 0 8 9 6 0 5 4 9 0 1 9 1 3 1 7 4 5 10 0 4 7 10 4 9 5 8 0 6 2 7 5 6 10 8 2 5 7 1 8 8 6 7 0 7 6 5 0 6 1 3 8 2 6 0 4 2 1 9 2 3 9 3 0 10 4 9 1 10 8 3 1 9 3 8 0 8 9 3 2 3 9 10 7 7 0 9 6 7 7 0 2 7 4 8 7 1 8 4 8 5 7 1 3 6 2 9 5 5 5 1 4 8 9 9 2 5 1 1 6 2 8 8 8 3 5 4 6 2 10 2 9 0 3 9 6 0 7 8 6 2 9 9 4 1 8 7 7 9 6 0 8 9 5 0 2 9 1
0 4 5 9 3 1 7 4 2 3 8 0 5 4 7 8 1 3 7 8 8 9 5 5 9 7 5 4 8 3 6 9 8 8 4 4 0 9 0 5 4 3 6 4 2 4 10 3 0 4 3 4 0 7 1 8 2 0 9 7 0 4 10 4 7 6 0 5 4 1 0 9 5 7 2 7 0 9 10 6 1 2 3 2 9 2 4 3 4 4 7 6 3 10 8 0 5 3 10 8 8 9 6 5 8 5 3 6 1 9 2 0 5 0 6 8 6 0 1 3 1 2 0 1 6 10 4 7 7 8 4 2 1 7 10 3 3 10 8 1 7 3 9 9 0 6 5 9 7 6 10 5 0 0 3 8 7 3 9 8 5 8 3 3 3 6 2 4 3 9 1 5 0 7 5 3 7 2 0 6 3 10 1 8 6 0 2 7 6 5 5 0 7 6 7 5 10 10 5 8
6 5 0 3 2 7 2 3 10 0 8 6 10 2 0 1 10 9 6 9 5 1 5 9 5 3 4 4 8 7 3 2 5 8 7 6 1 7 2 9 0 10 1 7 5 7 8 3 7 7 3 10 3 7 7 6 7 2 7 0 5 5 10 3 7 4 10 3 9 4 10 0 7 3 10 0 0 3 7 10 9 5 3 0 8 1 1 3 4 6 4 1 8 6 3 5 8 5 2 3 2 6 7 9 3 7 2 6 2 2 6 0 4 1 1 10 8 8 1 0 3 8 9 3 4 9 1 10 9 4 1 5 3 10 6 1 3 8 1 1 2 6 0 2 10 3 3 9 4 4 8 5 2 4 5 0 10 6 10 7 8 8 4 2 6 0 7 4 10 3 8 0 0 3 7 3 8 6 3 7 8 8 9 6 10 2 6 6 9 6 0 10 6 0 10 5 0 7 4 3
2 7 8 1 5 3 0 0 8 6 4 7 0 8 7 5 8 1 2 2 10 1 5 7 0 5 4 8 4 9 8 1 2 6 4 3 4 8 0 5 9 9 2 0 9 3 5 5 2 9 6 6 1 8 9 6 1 5 4 3 10 2 10 9 9 6 6 8 10 5 7 10 0 6 10 4 5 1 2 4 4 7 2 5 3 9 9 5 10 2 1 2 9 4 8 5 0 6 3 8 9 10 5 9 0 4 2 8 8 3 1 10 8 10 0 0 4 0 10 0 1 9 9 7 5 9 2 8 4 1 8 10 0 2 6 7 1 9 5 10 0 1 0 5 8 2 0 1 1 8 3 0 6 1 8 9 2 5 2 2 8 5 1 8 5 1 7 2 7 0 9 0 3 4 4 9 5 1 6 1 10 5 3 2 3 3 1 1 3 0 6 6 0 3 2 6 9 2 6 0
2 9 0 9 2 6 1 5 7 2 10 2 4 0 3 5 1 4 10 7 5 6 9 6 0 3 8 1 7 5 10 3 8 3 1 8 4 3 8 3 7 1 1 9 4 5 5 7 4 0 5 0 5 4 7 10 8 4 9 9 3 4 7 5 4 0 8 9 9 7 9 1 7 0 0 1 4 1 5 0 9 6 9 7 6 3 2 9 7 3 5 2 8 4 5 6 2 3 7 10 3 5 0 2 9 5 2 2 7 7 9 4 0 2 5 8 10 3 1 9 8 4 10 7 5 9 9 1 1 2 6 2 6 8 1 2 7 10 5 3 10 8 6 5 6 3 1 7 8 7 6 2 3 6 3 9 2 10 9 1 10 6 1 7 3 3 1 6 6 10 8 4 4 10 5 7 8 9 0 4 0 3 2 3 5 9 8 8 8 10 1 3 6 9 2 7 8 10 3 6
9 9 8 4 4 4 2 10 9 5 0 8 2 1 2 9 7 3 5 8 5 3 8 0 9 7 9 3 9 4 5 10 10 2 10 5 4 1 1 4 5 3 3 0 8 10 9 4 0 4 3 9 4 0 1 1 10 10 9 9 1 1 8 9 1 6 7 2 10 6 8 2 0 5 0 3 7 2 4 1 10 3 4 1 4 0 10 0 10 9 8 8 2 8 5 6 9 1 1 1 9 7 3 0 2 4 8 7 10 1 10 10 3 9 5 5 2 8 3 4 1 9 5 2 9 3 0 7 4 3 8 6 10 4 2 0 6 2 4 7 3 6 2 10 7 5 3 9 7 1 7 10 10 2 9 2 4 2 9 2 7 6 0 7 4 6 4 7 2 4 8 7 0 0 3 8 2 9 5 7 6 7 6 1 0 5 3 3 3 3 10 9 10 7 3 1 9 6 1 6
0 9 8 8 4 6 4 8 5 10 0 10 2 1 10 1 8 10 1 2 3 0 6 1 9 5 7 9 3 1 7 2 9 5 9 7 5 2 10 3 7 5 0 9 3 2 9 5 6 4 4 9 5 5 1 3 2 10 0 10 3 4 0 2 9 9 5 5 9 3 6 2 0 8 10 0 10 0 1 7 0 9 3 8 8 8 3 7 0 5 2 6 8 7 6 0 3 5 8 7 5 3 6 0 7 8 8 3 3 10 5 9 9 8 7 5 8 1 9 0 10 10 6 7 5 10 10 7 2 8 8 1 3 3 8 6 2 10 7 0 2 5 5 3 4 6 2 9 0 2 9 3 4 6 1 3 0 8 9 5 2 4 2 4 2 7 1 3 8 8 10 0 2 10 4 8 5 8 10 6 9 2 9 10 9 5 3 0 1 7 9 1 5 1 7 7 3 7 0 9
5 4 0 7 2 6 5 6 4 4 0 4 4 7 9 7 3 9 5 3 6 5 4 1 3 7 7 9 6 3 3 10 10 9 2 3 7 8 10 1 6 8 5 5 3 6 4 2 9 8 3 2 8 4 3 7 5 9 10 7 10 8 5 5 0 3 1 9 3 9 5 1 8 10 7 9 0 5 4 0 6 1 3 5 5 0 1 1 0 0 2 4 3 10 7 2 7 10 6 7 10 9 10 4 2 4 0 9 2 5 3 1 2 10 2 7 6 6 10 9 7 2 2 8 0 1 4 8 10 5 9 6 1 10 2 6 8 10 3 5 10 8 6 5 6 7 9 7 10 5 6 4 1 9 8 0 5 10 6 7 8 2 10 6 2 1 0 6 8 2 8 0 4 6 2 10 3 10 9 5 4 5 1 8 4 10 2 3 3 4 2 3 1 8 9 8 2 6 3 3
9 6 4 2 2 1 5 0 3 7 2 2 6 4 2 2 6 10 1 10 8 8 1 7 10 6 5 1 6 3 4 6 8 4 2 9 2 3 2 1 8 2 8 8 0 7 0 9 10 5 10 10 6 8 3 0 6 7 7 0 8 6 0 7 4 9 2 5 6 10 0 0 1 0 5 5 8 0 9 0 8 2 9 2 9 7 2 3 7 4 3 1 5 5 0 7 3 10 0 5 1 2 6 4 10 10 1 1 6 8 0 2 9 0 5 3 0 3 7 1 1 2 0 9 0 5 2 10 1 9 7 8 10 1 10 7 9 1 10 4 6 4 4 1 2 3 10 8 0 7 4 3 9 9 1 5 10 4 10 1 1 6 7 10 9 6 2 6 6 4 1 1 10 0 8 9 8 4 4 8 4 5 10 9 7 5 8 9 9 1 4 9 9 10 2 9 0 0 6 3
0 3 7 0 1 7 0 6 9 8 6 8 0 3 3 10 10 5 6 5 4 6 6 5 6 0 1 6 10 1 1 5 1 2 9 9 0 10 7 4 6 9 0 0 8 6 4 9 8 6 6 3 3 4 9 5 3 2 4 6 9 5 8 4 2 8 4 1 3 3 2 7 6 7 1 9 4 0 0 10 7 8 2 3 9 4 8 0 10 2 9 1 8 1 7 0 4 1 9 5 5 7 10 1 2 0 4 2 5 0 6 8 4 3 7 3 7 5 8 7 6 4 7 2 9 3 5 7 8 5 8 3 8 4 9 3 3 8 0 0 1 8 6 1 2 1 0 8 4 8 0 5 4 7 4 6 7 4 9 0 0 5 7 7 1 2 5 9 8 2 3 0 10 8 2 7 9 7 10 10 6 2 2 7 9 10 5 6 7 8 4 3 1 7 2 7 5 7 0 6
8 4 10 7 0 3 2 2 7 0 9 7 7 0 3 9 0 2 0 0 6 3 1 8 5 6 0 8 1 6 7 1 1 9 10 8 7 9 1 9 4 8 8 0 2 5 3 9 2 8 8 9 10 2 0 1 1 0 4 6 6 5 0 1 0 9 4 5 10 8 5 7 1 1 8 4 8 1 7 0 7 5 6 3 5 4 4 9 3 4 5 2 3 3 9 8 8 0 0 7 5 7 9 1 1 5 9 2 7 6 1 9 1 2 3 8 6 6 8 9 8 2 2 1 4 7 2 10 6 4 10 4 7 0 6 9 10 8 4 5 8 2 4 7 9 0 1 4 4 9 8 2 2 0 8 7 6 0 0 4 2 7 5 5 2 1 8 1 2 4 8 7 4 9 4 2 4 7 9 5 2 7 7 7 7 5 3 9 0 9 1 9 8 8 1 10 8 7 3 0
6 3 5 4 2 10 9 8 9 6 7 10 10 7 9 9 6 10 0 6 3 4 3 5 1 3 2 1 3 10 1 6 9 4 9 1 3 8 7 5 6 1 8 4 5 1 9 10 8 3 3 3 1 10 4 6 5 4 5 3 1 5 2 3 10 3 5 1 4 6 10 4 5 2 5 1 5 4 3 10 0 0 6 1 6 6 7 5 9 7 5 0 3 8 4 9 6 8 6 0 1 1 7 5 1 5 8 1 3 6 9 7 5 2 5 2 0 4 9 6 7 8 3 1 2 3 4 1 4 8 3 1 9 7 0 6 9 1 6 3 7 0 10 0 0 9 2 9 7 2 7 9 3 9 5 1 10 9 4 5 5 5 7 5 4 7 1 3 10 2 10 3 8 3 8 10 7 1 6 10 7 4 3 9 7 0 8 1 10 3 0 2 4 3 7 3 3 10 10 1
9 10 1 3 7 2 8 7 4 4 4 7 5 4 10 5 5 10 6 10 9 5 1 0 4 1 6 3 8 8 7 3 5 6 5 7 5 10 0 2 5 7 4 4 8 1 6 5 1 3 8 9 4 10 5 3 4 1 2 7 8 6 3 6 7 1 5 4 8 10 9 7 5 0 6 7 2 9 2 4 6 0 7 5 9 6 2 7 10 9 0 10 5 0 3 9 4 6 7 1 5 0 2 5 2 2 9 5 6 0 0 0 9 7 2 4 2 7 3 4 7 3 7 4 4 9 2 6 5 9 8 9 9 1 9 8 3 5 0 1 1 3 7 0 5 10 3 0 2 2 7 2 3 10 4 8 3 8 10 1 6 9 0 8 8 2 4 0 3 8 10 8 6 9 10 2 3 7 8 8 7 8 0 7 9 3 5 8 9 10 3 8 6 6 0 1 6 6 9 3
9 1 8 5 0 10 5 3 1 9 7 0 6 3 3 6 6 10 4 5 7 7 8 2 5 1 10 9 2 6 2 6 4 5 7 6 1 10 5 4 10 1 6 3 0 9 1 1 3 2 0 8 4 9 7 5 4 8 0 4 6 0 4 10 9 4 8 0 10 8 9 3 0 9 1 7 4 8 1 0 7 0 0 3 5 7 5 3 3 5 9 2 5 8 10 1 3 10 3 8 0 5 10 4 10 4 0 6 6 7 7 4 8 7 10 9 2 5 4 7 8 10 4 2 5 7 3 6 8 5 1 1 3 10 9 1 0 7 9 3 3 8 3 4 7 1 6 3 0 7 1 6 3 1 10 8 1 10 8 7 0 7 6 7 2 3 4 3 4 8 5 4 2 7 7 10 1 4 9 2 3 3 7 0 10 5 2 4 7 4 7 0 1 4 2 5 5 2 8 7
8 6 5 8 3 4 9 1 6 0 7 7 2 3 1 3 4 6 0 4 7 8 9 1 9 0 1 10 3 9 10 1 0 5 7 0 9 2 4 3 3 9 6 9 0 2 8 1 2 1 3 0 5 3 4 6 10 8 4 10 4 10 5 1 6 3 9 0 1 5 10 6 7 9 9 8 7 1 3 5 3 7 8 0 3 7 9 7 4 3 9 5 4 9 9 2 3 2 7 5 1 1 5 4 9 8 7 5 1 5 6 4 9 1 1 6 0 3 8 0 9 8 0 9 1 1 6 9 8 8 6 5 6 10 6 7 7 2 5 1 5 4 10 2 8 4 5 9 1 1 0 3 6 10 7 5 5 5 5 7 8 4 9 0 6 8 6 1 0 9 4 1 5 6 9 9 5 7 7 1 10 0 5 1 9 5 4 1 10 3 10 9 1 1 7 6 1 4 0 5
10 2 5 9 4 10 10 9 1 3 8 0 10 5 0 9 7 2 0 3 9 8 5 1 10 2 1 5 0 0 7 3 10 1 3 0 5 7 2 9 7 2 10 6 5 7 8 8 10 7 6 4 4 2 5 1 6 2 5 7 10 5 2 5 0 8 0 2 6 4 2 7 2 6 6 9 5 8 9 5 8 6 7 1 0 1 7 0 9 9 6 1 9 6 10 9 4 3 3 1 8 6 5 1 5 0 10 0 2 1 10 4 7 3 2 6 2 1 5 5 6 9 9 3 6 10 0 5 3 5 9 4 6 4 3 10 7 0 7 8 2 0 6 10 4 6 4 3 1 0 6 9 8 10 3 7 1 6 9 4 9 3 4 1 7 2 2 8 7 2 3 2 8 9 3 7 0 4 6 0 9 1 2 0 1 10 4 9 2 3 0 6 8 3 10 6 1 8 7 9
3 2 0 3 7 1 7 4 8 4 2 1 3 9 3 3 4 0 5 6 5 2 6 5 3 7 3 2 4 1 9 7 5 7 4 8 3 0 3 4 4 3 7 1 10 4 2 4 7 8 10 6 4 9 0 4 7 6 5 1 2 2 1 5 5 8 5 2 0 10 7 7 8 1 5 3 10 6 5 10 3 8 9 9 10 0 0 5 0 2 2 6 4 3 3 6 0 7 0 7 8 7 7 3 9 0 4 0 5 4 4 5 9 9 3 7 3 9 9 3 8 8 4 2 0 10 9 7 6 8 4 1 3 8 2 6 10 5 9 6 1 0 5 10 10 10 0 5 10 7 10 4 4 2 9 3 5 1 7 3 4 5 9 1 1 9 1 0 8 6 8 5 1 0 4 10 4 7 5 5 0 6 3 3 8 8 1 8 9 8 1 9 7 1 0 8 5 9 0 9
6 2 5 2 4 9 5 1 2 2 1 10 10 5 7 8 7 8 6 2 7 0 4 2 7 8 8 4 7 7 3 7 3 2 10 8 9 0 10 7 7 10 4 9 10 1 1 2 0 7 6 6 6 6 9 8 3 10 3 9 10 8 1 6 7 8 3 5 5 3 9 10 9 4 2 5 5 9 2 4 1 4 2 3 0 0 0 3 2 9 5 3 4 10 3 7 10 6 5 0 5 6 9 1 2 3 6 8 8 2 7 4 7 8 10 2 2 6 0 7 10 1 3 5 10 3 4 7 0 8 9 10 1 4 8 6 8 4 4 7 8 7 3 0 7 7 7 7 0 4 0 6 6 6 6 0 7 6 5 0 1 5 8 3 4 1 8 6 9 0 3 8 5 6 6 3 8 7 9 10 4 0 1 5 5 7 7 9 5 7 2 3 3 9 2 7 4 3 2 8
7 5 6 4 9 10 5 3 6 6 2 7 8 8 0 9 1 9 2 5 2 5 4 10 10 1 5 10 3 4 3 5 3 8 1 1 9 5 1 7 1 9 7 0 7 4 3 9 8 4 0 6 0 9 0 3 0 5 3 3 0 2 9 6 0 5 7 9 4 3 10 5 2 1 4 4 8 1 2 5 0 5 0 4 8 0 8 0 3 8 6 0 5 6 3 6 3 7 10 7 0 5 6 8 10 9 9 6 6 5 5 7 7 0 3 8 2 0 1 6 1 0 8 9 1 1 5 8 2 7 8 2 0 7 5 3 5 7 4 10 6 3 7 4 2 2 1 5 2 10 2 7 5 2 7 9 8 4 8 4 2 8 6 0 0 0 3 6 7 6 1 1 8 7 0 7 5 7 5 9 10 3 9 5 0 9 1 6 10 5 10 2 6 1 0 10 5 3 5 0
1 2 4 1 1 0 2 7 1 0 9 0 5 7 5 8 5 5 9 4 6 1 4 7 9 5 0 9 7 0 5 1 2 4 0 2 7 6 10 3 3 0 0 10 3 9 6 5 8 5 6 1 10 3 0 0 0 2 5 1 9 2 10 7 4 8 5 8 8 8 8 10 1 0 4 0 9 7 8 4 5 3 6 0 7 7 3 2 0 2 9 3 2 4 4 3 5 4 10 9 5 5 10 6 10 5 3 10 8 3 7 8 2 6 4 7 0 8 3 6 8 3 5 9 8 9 3 7 0 7 6 7 2 7 3 5 4 3 9 7 1 10 7 4 2 7 0 3 0 7 7 2 10 1 8 10 7 5 5 8 2 6 4 1 10 1 1 1 9 1 8 5 0 6 1 6 4 9 7 5 3 10 6 10 1 10 9 2 1 5 6 4 2 1 7 2 1 5 8 0
9 5 2 4 7 2 5 4 4 4 4 9 0 6 9 3 8 4 1 9 3 6 1 10 5 4 2 2 1 1 1 1 4 7 10 8 5 2 7 10 8 10 6 5 1 10 10 0 6 7 7 5 0 10 7 3 4 3 3 2 9 4 5 8 6 9 1 6 2 3 10 3 7 6 5 4 1 10 8 0 6 9 10 6 9 10 9 8 9 0 3 6 6 1 3 1 4 7 1 8 5 9 8 9 9 10 5 4 9 6 3 7 2 10 10 10 9 10 4 10 7 6 1 4 8 2 10 9 5 1 2 8 9 1 8 8 9 1 6 2 8 2 8 4 6 2 6 10 10 4 3 4 5 2 0 2 5 5 0 10 5 0 10 9 3 8 3 3 10 7 8 4 9 0 7 4 3 7 6 10 10 7 2 9 9 8 2 2 1 5 3 2 3 0 8 2 4 2 2 6
6 7 4 8 3 3 5 1 7 6 1 4 6 3 9 4 1 2 9 1 6 2 1 10 5 6 1 4 9 0 3 2 5 6 2 7 8 4 4 2 9 7 9 10 0 5 3 5 2 2 8 9 5 5 0 9 0 9 1 4 6 4 2 5 5 2 4 9 8 0 1 0 2 5 7 8 2 10 2 5 8 0 6 9 10 7 1 0 9 8 0 0 9 6 5 1 6 3 6 1 7 0 1 0 10 4 2 7 0 8 3 2 6 9 8 1 4 9 4 5 2 10 10 8 6 7 8 4 9 9 7 5 8 3 6 4 5 0 10 7 6 6 9 6 1 3 0 6 8 4 1 8 3 5 7 10 1 3 7 0 6 3 10 2 5 6 10 0 10 7 3 5 2 5 4 9 4 3 7 3 10 5 0 1 4 8 1 2 5 2 2 1 10 8 1 1 2 8 7 1
5 1 7 5 0 6 0 8 4 0 6 6 2 9 1 6 0 10 8 0 10 3 4 2 10 3 9 7 4 1 5 0 7 4 2 0 10 8 8 6 3 8 8 1 6 5 8 1 10 8 4 8 5 4 6 2 10 5 2 3 5 5 4 8 5 3 7 4 8 6 1 10 5 8 10 8 4 1 5 5 1 3 0 4 3 4 3 4 10 7 6 0 0 6 6 6 4 4 9 9 8 1 10 8 5 9 6 5 3 5 0 3 0 1 6 7 1 3 6 3 1 1 2 3 2 1 2 4 5 5 5 8 8 2 6 2 7 4 9 4 1 1 2 0 7 6 0 0 6 9 0 4 4 5 8 2 6 4 4 6 10 9 0 7 5 3 7 10 0 2 0 5 6 9 3 10 2 3 5 3 5 5 0 9 5 10 0 0 10 7 3 0 8 9 2 0 2 6 1 0
4 4 0 3 9 1 0 5 1 8 0 8 5 4 0 10 0 7 10 0 10 10 8 6 8 4 3 5 5 3 2 0 0 9 5 1 0 7 4 4 1 8 5 10 8 5 4 4 8 5 2 5 0 7 4 7 6 6 10 10 7 6 0 6 6 6 6 0 9 3 6 6 3 5 9 6 7 8 6 1 2 3 9 1 4 7 2 9 8 5 6 6 0 8 6 2 6 0 3 2 3 0 0 5 2 10 10 5 10 0 9 6 9 8 0 1 5 1 4 8 7 5 2 0 9 9 3 9 3 6 1 5 8 1 8 5 5 10 2 6 8 0 9 8 2 6 7 8 8 3 6 6 2 0 5 1 0 6 1 10 1 10 8 6 4 8 1 8 10 3 10 5 9 0 4 3 4 9 10 4 1 9 7 3 7 5 5 8 1 8 6 7 6 0 1 9 9 9 0 10
4 6 4 6 7 0 3 9 4 2 6 3 1 2 2 6 3 5 0 9 0 9 1 1 4 2 10 8 10 7 0 3 10 5 3 5 1 1 2 7 8 6 5 9 1 0 6 3 8 0 0 6 2 1 5 8 9 1 10 7 10 0 2 7 6 0 8 10 2 8 1 5 10 6 3 7 4 6 4 2 9 4 4 1 7 9 8 10 10 8 9 2 6 0 9 10 4 10 10 2 5 4 10 3 0 1 7 9 3 9 0 10 4 7 1 10 8 5 0 8 2 2 7 3 2 8 7 0 7 6 7 10 0 0 7 9 3 0 10 6 4 8 6 8 10 4 4 3 8 2 5 5 0 4 2 1 1 10 9 9 1 3 8 3 6 0 7 10 9 3 7 3 0 7 10 10 0 5 4 4 9 2 0 5 5 3 7 8 0 1 9 4 8 3 5 4 1 1 7 5
10 0 8 7 9 5 10 2 8 8 10 9 4 5 1 10 9 1 4 0 0 4 9 10 6 9 8 5 6 7 1 8 5 4 1 2 1 0 0 5 9 10 10 5 0 0 4 4 4 2 0 3 9 1 6 2 10 4 8 9 4 9 3 7 9 9 1 4 8 7 8 3 4 4 7 9 6 0 8 9 10 1 7 1 10 8 1 4 10 8 1 5 7 6 0 4 3 1 1 6 9 0 6 4 7 2 2 9 7 9 10 4 7 6 6 9 1 3 1 0 3 10 8 5 7 10 4 6 4 9 1 7 0 1 6 9 0 8 1 9 5 9 6 5 10 5 7 1 7 3 3 9 2 4 9 1 4 7 7 5 3 2 9 6 3 6 4 2 3 9 10 7 9 5 6 5 0 0 5 8 1 6 4 0 5 0 1 9 7 4 2 10 4 3 7 4 3 9 2 2
9 2 5 2 4 10 5 3 8 3 6 2 1 5 9 7 6 1 5 4 6 9 10 4 10 0 2 9 1 3 3 5 6 0 2 5 7 6 3 1 6 0 5 1 9 6 5 9 9 6 5 0 2 7 3 4 4 10 1 9 4 9 1 7 8 0 4 1 10 5 8 5 1 6 2 9 8 8 8 5 5 3 3 2 4 9 4 10 1 1 4 9 3 1 4 0 8 2 7 8 7 8 1 6 4 10 8 8 6 0 7 3 3 10 1 2 1 1 2 1 3 3 1 3 2 2 10 2 2 2 7 2 3 7 1 8 0 7 10 4 4 2 3 10 9 2 10 8 10 3 10 2 4 0 6 3 2 4 4 4 9 6 9 9 5 9 10 5 0 5 5 8 4 3 6 5 7 10 10 6 2 8 1 9 9 9 8 8 10 0 4 8 7 4 1 9 9 9 3 3
2 1 9 6 10 6 7 6 10 9 3 6 0 4 10 1 4 7 8 9 5 4 2 7 2 2 5 9 9 10 0 7 0 8 2 7 10 3 8 2 8 3 5 10 7 10 9 7 3 9 2 5 3 6 9 10 1 5 0 7 10 2 10 8 9 10 7 5 9 6 0 5 1 4 4 0 7 3 1 3 1 2 1 0 3 8 9 6 8 6 8 2 7 2 0 5 0 10 10 6 2 10 6 8 10 10 4 1 3 3 10 3 10 10 2 3 10 8 1 4 0 3 7 3 8 4 0 4 2 4 2 10 5 0 3 8 10 7 0 8 9 7 10 1 6 6 6 1 10 0 7 2 6 10 2 6 5 6 9 0 3 10 8 4 3 6 0 1 9 9 7 2 5 6 8 1 10 9 5 3 0 2 5 10 1 4 4 5 3 1 9 4 7 6 0 1 6 1 6 10
0 9 10 0 4 9 1 1 3 7 9 7 4 6 5 0 3 6 5 1 9 4 2 8 3 8 3 1 7 5 9 7 3 9 2 4 1 2 6 2 8 4 9 2 4 6 8 4 5 10 7 6 4 6 10 5 4 9 7 7 10 10 2 2 9 9 1 9 4 2 7 2 1 3 0 7 5 1 4 10 9 1 2 2 0 9 3 2 1 3 3 9 3 0 3 5 6 0 8 8 8 0 9 2 1 9 8 7 2 8 7 10 6 2 2 9 2 3 3 1 6 5 1 5 2 5 9 0 6 1 2 8 0 3 6 5 3 2 8 4 9 2 7 7 4 1 5 3 0 0 6 6 1 0 2 0 10 9 7 4 6 0 10 4 0 3 2 1 9 3 2 2 2 9 2 3 7 6 10 2 3 10 6 5 8 10 6 2 9 7 0 2 7 5 0 10 10 7 9 5
2 6 7 6 2 4 5 6 6 10 2 9 6 5 7 0 6 5 9 0 4 5 10 3 2 0 10 7 3 2 8 0 8 5 10 8 5 5 2 4 4 9 2 0 5 9 3 9 3 3 3 5 4 1 8 4 6 4 9 9 4 10 10 1 2 2 3 1 5 0 3 6 6 4 1 10 9 8 6 10 1 7 4 5 6 7 1 4 1 10 4 8 3 0 4 3 1 5 0 1 6 0 2 2 8 9 0 6 3 7 10 7 2 2 1 4 1 1 3 10 8 7 4 6 6 0 9 6 7 2 0 4 6 5 3 6 6 6 6 8 3 10 5 3 5 10 3 3 1 7 6 9 4 7 8 9 2 0 1 5 8 3 10 1 1 0 10 4 10 8 4 4 6 5 6 4 5 7 0 10 6 7 1 3 9 2 3 9 1 7 8 10 8 2 2 1 6 3 9 0
2 10 10 8 2 9 7 3 0 8 4 0 0 10 9 4 8 8 3 7 2 3 7 8 10 1 7 0 6 4 1 3 3 3 2 3 9 10 6 8 8 9 8 2 9 2 9 6 9 6 4 7 7 7 3 7 3 1 6 4 6 3 1 0 6 8 0 8 5 6 1 7 5 5 7 8 1 5 5 5 5 6 4 8 4 1 1 9 3 3 2 3 4 5 0 9 7 2 6 0 5 5 6 5 6 10 7 7 0 1 6 4 1 3 10 5 7 5 9 9 9 10 0 3 1 0 9 6 4 10 1 2 7 2 1 9 10 5 10 1 0 4 8 1 1 10 0 7 2 8 3 6 5 5 8 7 9 6 0 7 9 1 7 8 5 8 5 1 0 9 5 9 7 7 9 10 1 7 0 10 10 4 8 2 1 9 9 2 4 9 4 5 5 5 2 10 8 1 5 8
1 8 1 6 10 5 6 10 2 10 4 3 0 10 10 5 2 1 0 3 2 7 6 4 3 7 3 9 5 9 10 10 10 7 2 6 2 7 10 5 10 2 6 4 8 8 2 7 7 6 9 7 2 2 0 7 2 9 5 8 2 6 10 9 7 10 9 10 2 7 7 5 10 9 4 9 2 3 7 9 7 9 0 5 4 10 8 4 7 5 3 2 3 10 2 9 7 2 2 6 0 0 2 9 4 6 3 3 3 5 6 8 0 0 10 6 1 3 9 4 3 7 9 7 9 2 4 2 8 6 10 10 1 8 6 7 8 0 9 4 2 10 1 7 4 6 0 4 5 10 7 0 9 2 3 4 10 0 4 8 3 8 5 4 6 7 6 5 6 2 7 3 6 4 0 1 5 5 10 5 0 1 2 5 2 9 0 4 0 8 6 6 7 5 2 2 10 4 5 3
5 6 0 2 1 2 8 6 0 5 4 10 3 6 1 2 1 3 4 8 1 4 3 6 2 6 4 0 1 7 9 10 2 2 1 1 4 8 1 9 9 6 4 1 2 1 1 1 5 10 5 6 6 4 0 8 3 3 7 8 3 1 9 5 8 2 3 2 6 0 6 6 3 0 7 4 6 0 7 7 3 1 7 0 1 4 1 3 9 10 10 0 7 10 2 9 3 8 7 7 6 0 10 1 7 6 5 0 10 9 7 8 1 10 10 8 6 8 9 0 2 8 5 9 1 1 5 0 7 1 3 3 1 1 4 10 2 2 0 0 5 2 1 5 2 8 4 2 5 0 9 9 10 3 0 2 9 2 8 9 8 0 8 3 8 5 1 10 2 2 9 8 6 6 6 9 2 7 1 9 3 2 6 0 6 8 2 6 5 1 7 7 8 7 5 7 3 10 4 4
7 5 8 6 10 7 6 1 2 5 10 9 8 1 10 9 9 9 8 10 3 1 0 0 0 3 10 6 3 0 8 10 1 1 8 3 3 9 10 10 5 5 3 2 3 4 6 6 1 4 9 4 6 5 3 0 3 1 0 0 5 5 2 10 8 10 3 5 7 0 1 6 4 0 5 10 0 5 2 4 2 5 2 3 8 0 0 9 0 6 0 9 9 4 10 0 1 2 10 7 9 2 0 6 7 6 7 7 10 5 6 2 4 7 4 6 5 4 9 5 5 2 4 5 0 2 8 7 3 5 1 9 6 0 9 3 4 2 3 0 1 10 4 0 7 6 6 2 10 0 7 8 5 5 6 5 6 5 4 2 5 9 7 5 6 5 1 7 4 4 9 3 5 2 5 5 6 5 10 7 9 6 2 8 6 0 3 2 3 10 6 0 7 6 2 5 2 3 0 2
8 6 8 2 8 8 0 9 9 10 1 0 2 7 8 5 1 6 7 3 0 8 5 6 2 9 3 10 0 10 3 9 10 8 3 3 0 5 1 8 10 4 6 5 9 2 3 4 9 7 7 8 5 2 8 1 4 2 6 5 3 9 1 2 0 7 4 1 8 0 6 10 4 8 4 5 7 3 6 0 10 1 9 0 8 8 2 7 7 9 3 6 5 5 10 7 6 6 8 7 9 8 5 0 10 7 7 5 1 7 0 2 8 3 6 3 5 3 10 1 2 9 10 5 6 1 6 2 3 4 4 6 2 1 2 2 10 2 0 5 7 7 5 2 9 1 1 2 5 0 1 2 5 6 5 6 0 3 9 8 5 0 6 4 6 1 10 5 4 6 0 4 9 4 0 7 1 10 7 3 0 5 1 5 0 6 10 3 5 5 1 7 0 4 2 6 7 8 7 0
1 10 5 7 6 8 1 10 7 0 5 9 1 3 7 1 5 3 5 4 4 8 3 0 8 8 8 0 0 4 4 0 0 8 9 5 3 6 0 6 1 8 6 1 6 2 8 6 0 6 9 0 10 7 4 5 3 0 8 7 1 9 10 5 0 5 0 8 4 4 4 6 10 4 4 1 10 9 2 4 9 9 5 6 2 1 6 7 1 4 8 7 1 6 2 2 5 2 7 4 1 10 10 8 0 7 4 1 0 9 8 1 3 9 7 9 4 3 6 10 4 7 9 5 8 5 2 3 6 9 3 1 5 8 0 3 7 6 8 6 6 4 4 7 7 0 4 0 3 9 0 10 8 10 5 8 3 10 3 6 8 5 10 1 3 1 1 4 5 6 0 9 5 10 3 1 4 10 8 7 3 6 6 8 1 0 10 2 5 5 2 3 6 4 5 0 5 0 0 2
0 8 2 1 9 3 10 8 4 0 0 9 5 8 4 0 0 9 6 1 0 6 5 8 8 5 9 8 8 1 1 8 0 10 5 8 8 7 8 10 10 9 7 4 2 10 5 3 4 0 10 3 6 0 6 4 6 7 4 0 3 0 0 1 10 5 10 9 7 4 1 2 4 6 10 7 2 1 10 3 9 1 1 1 7 0 8 10 0 5 0 10 0 9 2 4 8 2 9 2 2 3 6 3 4 0 2 4 7 3 4 6 6 0 4 7 6 9 9 5 9 10 4 1 2 7 10 3 0 3 1 10 0 4 5 2 10 8 6 0 0 5 5 6 3 0 4 8 3 2 5 1 1 8 8 3 4 8 1 5 5 1 6 7 2 1 4 6 9 9 5 5 8 10 3 8 2 7 10 9 4 0 0 8 5 7 8 0 2 3 6 4 2 5 5 8 2 10 9 9
9 7 6 8 7 5 3 0 4 7 9 10 8 7 10 10 8 6 4 10 4 2 6 4 8 5 8 3 3 0 2 3 1 9 3 2 2 5 8 3 0 2 2 6 6 8 0 8 2 1 4 3 10 9 1 8 9 6 9 2 8 5 7 1 5 2 7 9 1 0 9 4 3 6 5 6 0 0 5 4 8 7 6 7 7 9 2 8 2 3 6 5 3 1 4 5 4 6 1 0 1 1 9 1 6 2 0 1 3 5 8 0 1 9 3 5 3 0 9 4 10 8 8 2 7 5 1 3 6 0 2 4 8 2 4 5 2 2 10 4 7 2 2 2 0 6 8 5 7 7 0 5 3 5 9 10 2 8 9 2 6 8 5 4 2 2 1 6 5 9 8 4 1 0 8 4 2 6 7 8 0 4 2 6 2 5 10 10 3 3 0 8 6 10 10 8 3 4 3 8
6 0 8 2 4 0 3 2 8 2 1 4 7 1 1 4 8 9 7 9 2 7 4 3 5 2 7 10 3 7 10 5 2 4 3 7 5 4 6 5 7 1 1 3 10 7 3 7 1 8 7 7 3 1 1 5 6 2 5 3 9 5 2 9 0 9 10 3 6 5 1 5 2 1 3 2 0 2 6 5 7 7 9 9 7 5 4 0 7 8 8 0 3 1 7 2 8 2 9 8 8 5 10 8 0 7 0 0 9 1 8 0 6 2 0 6 0 6 1 8 3 9 5 9 2 4 0 9 3 9 5 6 4 5 1 8 2 2 10 6 6 5 8 0 9 10 3 0 2 3 1 10 10 10 6 8 6 0 8 7 2 8 8 9 3 0 8 5 3 8 9 6 6 10 3 9 4 10 1 1 7 9 1 8 8 10 10 0 9 1 9 3 5 2 1 8 6 1 1 0
4 6 5 6 0 1 0 5 10 0 3 4 3 2 2 4 2 8 6 2 6 6 1 1 6 7 0 2 1 8 9 8 6 3 10 10 10 5 3 7 3 5 6 2 0 8 1 4 9 1 10 3 4 10 5 6 8 6 6 1 8 4 0 1 2 1 4 7 3 8 9 7 7 0 7 7 4 2 4 2 7 9 1 3 1 4 5 6 4 4 6 9 10 2 3 10 9 5 4 2 5 4 3 10 9 7 0 3 0 0 8 0 7 10 10 6 6 2 3 5 10 4 5 2 2 0 7 10 10 6 3 4 3 2 7 5 8 8 3 2 8 1 3 5 8 4 9 9 4 4 7 5 10 9 1 2 3 4 7 8 3 7 3 7 10 7 3 3 4 6 8 10 1 10 10 10 9 1 5 5 0 5 0 7 1 0 9 5 6 2 6 4 5 8 4 1 9 1 6 8
6 0 8 0 4 5 3 3 3 2 5 2 9 2 1 2 10 0 8 7 3 3 5 8 10 10 9 4 8 6 10 8 6 1 3 1 1 7 6 8 9 6 6 8 5 8 4 7 4 9 3 9 6 5 7 5 6 6 8 2 10 0 6 10 0 1 10 6 9 1 3 2 3 2 4 0 0 7 7 4 6 0 7 10 9 5 9 10 3 3 3 6 4 1 2 10 5 8 6 1 3 5 7 4 9 5 3 9 3 0 0 4 0 6 5 0 10 8 7 5 0 3 3 3 5 9 3 8 6 9 10 9 2 5 1 1 4 10 2 0 5 0 9 2 0 1 2 6 3 5 5 3 10 3 10 3 1 6 1 6 1 3 3 3 6 9 3 6 9 10 3 2 9 3 10 3 6 10 9 6 2 7 10 4 8 7 10 9 6 1 9 0 3 3 2 8 3 7 2 8
1 8 2 2 4 4 10 5 0 0 4 10 0 1 1 8 3 4 4 3 1 10 7 2 5 2 10 8 1 8 6 3 1 3 8 6 4 9 4 1 7 4 10 10 1 9 0 4 6 7 8 1 2 10 3 3 7 10 7 9 1 9 4 9 5 8 1 7 2 3 7 5 4 5 0 6 4 2 1 10 5 7 7 9 2 3 6 5 4 5 4 5 5 4 0 3 1 9 6 10 5 7 1 0 4 10 6 8 1 8 0 1 6 5 0 5 10 9 1 2 7 0 10 0 3 3 4 2 9 9 9 1 8 7 2 5 1 8 7 10 7 5 10 3 9 4 6 4 4 7 2 8 3 1 10 0 9 10 6 1 5 10 9 6 5 7 2 9 10 0 7 7 2 0 10 0 8 10 1 5 10 4 9 3 0 1 1 2 4 10 7 10 2 3 9 7 5 0 2 0
0 4 2 7 2 8 7 2 0 2 0 7 8 0 4 3 2 0 2 6 5 6 9 7 2 4 2 2 10 10 1 5 3 4 7 1 7 9 8 9 4 1 6 6 0 5 9 4 6 3 4 7 4 7 10 0 3 2 5 3 2 2 9 7 4 8 10 10 6 2 5 9 5 10 5 0 0 8 6 8 3 1 10 3 6 7 10 9 4 6 4 4 3 0 9 10 0 1 10 8 5 5 10 6 2 7 7 2 0 10 1 0 9 0 2 6 6 4 6 9 7 5 6 8 6 7 5 2 1 7 2 6 1 4 5 9 6 8 8 0 6 0 3 6 4 0 0 9 10 10 1 2 9 5 2 0 7 4 9 2 6 3 10 5 6 0 0 7 2 4 7 0 0 4 1 6 7 7 3 8 3 7 3 5 5 2 10 5 6 5 5 0 9 1 3 1 2 1 5 9
5 1 8 0 9 2 10 8 10 2 8 6 10 7 1 6 8 4 7 7 0 2 1 4 7 1 4 3 3 4 5 10 5 9 6 9 5 3 1 3 3 1 3 7 1 3 10 6 6 1 2 5 1 4 9 1 6 4 1 0 5 7 7 9 0 9 0 5 9 0 2 1 6 5 8 7 8 5 9 4 7 8 6 0 8 4 7 3 8 8 1 5 0 4 10 8 9 10 7 1 4 2 1 0 5 8 4 4 1 7 2 0 0 5 3 7 6 5 10 2 3 4 4 5 4 0 2 0 9 3 1 5 0 4 0 6 2 8 10 1 0 9 7 5 8 6 2 1 5 9 1 2 3 7 2 8 1 4 9 1 0 8 3 4 8 10 2 3 10 9 3 5 8 7 8 1 8 4 5 7 7 3 10 8 4 4 10 4 8 1 7 1 6 6 5 6 3 3 9 5
9 9 8 5 0 10 10 9 8 8 4 10 10 9 1 9 2 1 6 2 2 6 5 3 9 7 4 0 8 1 7 0 6 1 10 7 7 1 2 4 6 9 8 3 5 8 7 6 1 8 2 7 0 6 5 10 9 10 0 0 1 3 8 2 5 6 3 6 7 2 4 5 4 4 1 5 8 6 5 1 2 2 1 9 7 2 3 3 2 2 0 10 0 2 8 2 4 10 4 10 0 6 7 1 4 0 10 9 1 5 3 8 5 0 1 5 3 0 10 2 10 2 9 2 2 2 5 6 5 1 10 9 2 2 7 8 2 2 2 8 3 6 7 10 10 3 4 9 4 9 4 9 3 2 6 3 3 6 0 10 3 0 0 10 5 9 5 8 9 2 5 1 5 2 8 0 1 0 1 2 0 5 9 5 2 8 4 1 0 2 3 7 4 2 7 3 4 8 3 4
3 9 9 4 7 0 10 4 0 7 8 10 6 4 9 3 1 6 6 2 9 5 10 3 2 5 10 3 1 9 9 6 9 8 3 1 4 7 3 8 2 10 2 9 10 1 10 9 0 9 10 4 8 0 10 6 7 6 10 4 5 5 0 9 7 7 9 5 1 9 9 8 4 2 9 4 0 6 6 4 10 6 4 0 5 6 7 1 5 7 5 8 0 1 1 3 5 10 2 10 10 3 3 0 5 7 9 5 10 0 1 0 6 5 0 5 10 2 1 9 7 5 8 4 10 7 6 10 4 9 8 8 7 2 3 3 0 6 2 5 4 4 4 3 10 4 1 8 5 9 10 6 8 9 7 2 0 0 5 5 0 2 7 1 3 1 2 5 5 5 3 9 9 8 5 5 4 5 3 6 5 8 5 2 9 5 7 3 6 4 1 0 9 5 4 4 7 3 3 10
10 6 4 6 1 2 10 2 6 10 3 0 0 1 5 7 5 9 1 10 4 6 0 4 2 5 10 9 3 4 9 0 8 0 5 4 10 4 8 2 6 4 4 1 9 3 6 7 3 0 9 2 0 9 5 5 1 1 3 2 3 0 3 4 6 1 2 0 6 3 1 9 5 3 10 8 3 7 2 10 5 5 4 1 5 1 3 9 9 4 4 3 9 7 3 5 7 3 2 6 5 9 3 6 3 1 10 7 9 0 5 1 7 6 1 0 4 1 2 6 0 1 5 2 9 10 7 0 6 6 2 5 2 10 3 0 4 2 6 2 2 7 9 10 5 1 1 0 7 7 2 6 3 4 6 0 2 0 6 4 3 6 3 0 2 6 8 1 5 0 5 2 1 3 0 4 3 4 6 10 4 6 9 6 9 1 0 8 9 6 7 9 10 1 2 6 5 3 8 7
4 8 7 0 3 10 1 10 5 6 7 3 10 6 6 5 8 8 2 8 8 3 10 10 0 4 1 1 5 8 4 10 2 5 0 6 10 10 5 7 2 1 4 3 6 0 1 10 10 8 6 3 10 8 8 8 2 9 6 0 1 9 5 2 2 9 7 5 0 3 7 10 10 2 7 10 0 6 3 2 9 4 9 5 4 1 3 9 10 6 7 0 5 2 3 5 9 10 8 1 2 7 1 5 4 2 5 7 4 4 1 5 4 1 7 9 0 7 2 0 9 4 10 5 5 2 6 10 6 3 6 5 4 2 9 10 1 10 3 0 10 3 2 4 4 6 3 7 10 3 1 6 9 7 9 2 7 2 5 7 5 8 4 1 3 5 2 6 10 0 5 4 9 1 3 4 7 10 1 0 8 7 4 4 1 8 9 1 6 4 8 10 9 9 4 3 1 1 6 1
2 5 0 0 2 5 10 0 3 4 9 4 2 0 4 1 10 5 10 7 8 8 8 3 1 7 0 3 1 5 5 4 6 6 0 3 5 5 5 10 3 10 9 10 9 4 4 9 10 5 0 2 7 8 3 0 10 5 4 9 2 5 5 8 5 8 7 8 8 2 4 1 4 2 1 10 10 8 6 2 9 10 4 3 3 10 7 0 6 0 9 7 2 9 10 1 1 1 9 0 3 6 7 3 10 2 0 5 6 9 5 3 0 7 10 6 7 0 7 5 10 1 4 2 4 1 5 8 0 6 8 6 7 5 3 8 7 10 9 6 10 2 1 10 0 5 5 9 9 0 1 2 8 1 9 0 0 4 7 0 6 3 3 0 6 10 0 8 4 4 8 9 10 8 0 6 8 9 7 8 0 8 3 4 2 2 2 9 7 6 9 3 4 9 8 10 6 6 1 10
7 6 0 0 9 9 1 2 7 9 7 10 8 7 1 1 6 3 4 5 2 2 3 9 10 10 2 3 8 2 0 2 10 0 7 1 2 8 2 2 2 2 6 1 3 8 2 0 8 4 10 1 10 8 9 3 0 8 5 1 0 4 9 0 5 6 4 1 9 9 4 4 6 3 7 3 8 1 2 4 1 0 6 4 0 9 7 8 2 7 4 2 7 6 4 0 8 0 0 10 6 5 4 1 6 6 6 2 2 0 3 7 10 6 3 9 10 3 0 3 6 5 10 3 3 9 6 7 9 7 5 10 7 3 7 1 3 7 3 3 9 1 3 1 8 7 10 8 9 0 6 3 1 8 3 10 2 1 0 1 9 6 5 6 1 10 3 8 0 9 7 1 7 8 5 3 4 6 0 6 8 10 8 2 6 0 7 1 9 7 5 5 6 6 6 1 2 8 8 9
1 5 3 6 8 8 8 1 4 6 1 9 0 2 6 3 1 2 3 4 9 1 0 10 4 4 5 7 8 8 1 5 7 0 8 0 7 5 3 3 2 2 5 2 10 7 7 6 0 10 6 2 10 2 5 9 10 1 2 0 7 4 5 6 5 1 4 4 1 8 7 1 7 3 10 3 9 1 2 0 2 1 9 8 8 5 5 1 4 6 3 0 6 9 4 3 5 10 9 8 8 4 3 5 3 7 2 5 9 4 3 4 1 5 0 4 10 10 2 0 6 2 3 10 1 4 8 2 2 5 7 1 9 2 2 5 5 10 4 5 10 5 6 7 5 5 3 2 8 1 5 8 0 8 3 0 9 9 7 9 9 5 8 4 3 1 2 10 2 8 4 10 9 8 8 5 6 8 4 5 10 10 0 8 1 2 1 3 5 7 1 4 6 0 4 7 8 0 3 4
9 7 10 3 2 10 2 2 1 6 0 4 4 10 6 9 2 10 1 10 1 4 10 0 8 10 3 10 3 4 8 10 0 9 2 2 6 1 1 5 2 1 5 7 9 5 5 0 5 0 10 3 6 6 10 2 4 0 8 7 2 10 9 8 5 1 8 6 10 5 0 10 10 4 2 0 3 2 1 3 1 10 10 0 9 0 1 8 5 10 6 0 4 9 9 6 8 5 6 6 4 0 3 0 1 3 6 7 3 5 7 2 10 6 3 8 4 3 4 2 0 8 2 5 1 9 8 2 10 2 8 8 7 5 10 5 6 6 6 1 10 5 9 8 0 0 3 4 6 10 9 0 3 10 10 5 5 2 10 4 8 1 9 5 5 2 1 4 3 6 3 6 2 1 7 8 8 7 10 6 9 5 3 2 8 3 0 3 7 0 10 0 2 5 7 8 7 10 7 7
9 8 2 7 6 5 3 6 3 4 9 5 8 6 10 1 6 3 6 2 6 6 10 10 9 1 0 3 5 10 5 2 2 1 1 1 8 7 10 9 1 8 10 6 0 10 5 3 3 1 9 1 4 3 4 9 9 9 6 0 1 3 4 10 3 0 8 1 0 6 0 4 2 7 3 7 7 6 0 2 1 6 7 5 2 1 6 6 4 3 3 8 1 4 6 0 10 3 10 4 9 8 8 2 8 3 8 5 7 0 2 4 0 8 0 3 9 0 6 4 4 0 10 7 9 1 9 7 5 1 6 3 4 8 1 5 4 3 3 6 0 4 1 3 8 6 1 9 4 9 6 8 0 0 8 6 4 0 5 6 5 1 6 7 10 7 9 2 9 0 7 2 1 4 0 6 8 5 4 1 10 3 8 2 8 8 1 5 8 1 9 1 6 6 7 4 7 6 3 3
1 3 8 0 1 4 1 4 5 6 8 7 8 2 6 3 0 4 0 1 1 6 3 1 0 1 2 5 9 10 5 9 4 7 9 6 10 4 4 0 8 10 6 4 5 1 8 10 1 7 0 0 3 1 0 2 4 9 4 1 10 2 6 10 10 7 3 9 0 5 9 7 9 10 9 10 10 7 1 3 4 10 10 9 5 4 4 2 2 8 0 2 7 0 2 7 4 7 1 4 5 2 0 4 8 10 5 5 8 7 8 4 6 2 3 0 5 7 10 8 3 5 0 1 0 7 4 2 1 4 5 3 3 1 1 9 7 7 9 2 3 4 1 4 3 1 4 4 2 0 1 9 5 3 3 2 3 5 5 9 1 6 9 6 0 1 1 6 4 2 6 8 6 3 3 10 1 10 9 3 7 1 10 5 0 3 2 0 1 4 9 6 9 7 2 6 7 5 1 6
8 6 4 3 6 4 9 6 8 8 0 1 10 4 1 5 0 2 3 6 3 0 9 7 3 8 5 7 4 7 7 10 8 3 5 3 3 3 2 0 0 6 8 9 4 3 4 0 9 0 9 4 1 7 2 10 3 6 6 1 1 8 1 8 5 0 9 9 1 7 7 1 0 3 8 10 4 5 0 4 3 0 1 2 8 3 4 4 8 5 0 0 4 4 1 7 10 6 0 10 10 9 1 1 5 2 4 0 4 7 0 4 7 4 2 3 8 3 3 9 5 3 2 0 5 9 8 8 6 2 7 1 3 0 6 0 8 3 4 8 8 6 8 4 2 5 5 7 10 4 9 7 5 5 5 10 4 0 10 1 8 1 3 5 7 1 2 10 1 4 2 9 10 2 5 5 0 2 9 9 1 9 6 0 2 4 4 0 1 4 3 7 10 6 3 8 6 5 7 7
2 3 1 0 0 8 10 5 9 2 10 9 1 5 8 3 9 10 4 8 5 4 8 9 9 5 0 2 1 0 7 4 10 0 5 7 7 2 1 7 9 10 5 8 0 3 4 7 8 0 1 4 7 6 2 6 10 8 4 4 8 6 3 1 3 2 10 9 9 10 6 3 3 6 1 9 2 9 8 5 7 2 1 8 8 3 7 10 9 1 8 8 5 2 3 5 5 5 2 1 1 8 1 1 1 5 8 5 5 9 0 4 5 3 1 4 0 0 0 10 5 6 7 4 0 0 9 0 1 4 5 0 10 9 1 5 0 4 0 3 7 6 8 9 10 8 9 0 6 2 10 8 5 2 6 4 4 2 0 4 9 0 0 3 5 5 0 10 10 9 3 7 0 3 3 4 5 0 5 6 3 1 6 9 9 7 0 6 9 6 10 2 10 6 5 10 7 1 6 2
4 0 7 1 0 10 0 6 0 5 8 0 3 1 1 9 2 10 6 8 6 6 1 2 7 0 6 10 0 7 7 7 7 3 3 7 9 0 5 8 1 5 3 3 1 10 10 1 6 5 0 10 10 3 5 4 6 3 8 6 9 0 5 4 8 2 2 9 3 6 0 0 4 7 6 7 9 6 0 3 3 9 9 8 4 10 6 0 4 10 6 0 3 9 9 0 4 6 7 10 0 8 2 0 7 3 1 4 4 4 9 10 0 0 8 2 8 6 4 0 2 5 4 6 9 0 7 8 7 9 6 7 3 2 2 5 10 1 8 3 8 3 0 4 0 4 6 2 2 7 8 2 9 2 2 10 8 2 9 0 2 6 9 3 7 0 8 2 6 1 7 6 5 10 4 10 10 5 1 9 1 6 1 0 7 9 5 2 1 5 8 7 9 1 3 6 7 1 0 7
3 1 4 4 9 3 1 5 0 7 9 1 1 4 3 1 2 9 2 9 1 5 1 5 8 1 1 5 1 9 3 4 1 10 2 0 8 3 8 2 10 2 0 6 3 1 6 2 6 9 4 2 7 0 0 2 5 1 0 1 8 5 7 5 8 6 10 10 10 2 5 0 1 8 5 6 3 3 9 10 10 1 6 5 4 2 3 7 0 10 9 1 7 0 6 4 2 1 8 3 0 2 7 1 6 3 5 6 4 1 5 7 5 10 6 0 3 2 3 7 2 2 9 8 9 9 0 7 2 3 1 3 5 1 5 0 3 8 9 3 10 4 5 1 9 4 9 6 1 2 10 7 9 5 7 7 6 3 5 8 3 4 1 2 6 3 5 7 8 8 9 9 1 9 2 4 1 5 6 10 10 5 6 5 0 7 2 4 7 5 9 4 5 5 0 8 9 8 5 1
0 6 6 1 3 6 6 10 7 0 0 9 7 1 6 0 6 3 1 2 7 7 9 2 5 2 10 4 7 5 8 0 4 3 1 8 10 5 8 1 0 6 5 1 5 5 8 2 4 7 5 10 4 1 9 4 9 7 2 1 9 10 9 8 4 9 1 5 0 6 6 1 5 8 3 6 5 9 9 9 10 3 1 4 7 6 0 1 2 5 1 0 8 7 5 5 2 10 1 5 1 9 7 0 4 7 1 0 9 7 1 5 10 6 8 9 1 5 4 3 1 1 5 8 4 10 8 0 3 2 5 2 4 2 4 3 7 9 10 8 6 5 6 8 8 7 4 4 3 4 6 6 8 9 6 5 2 7 4 8 0 6 4 2 10 4 6 5 10 5 7 3 9 6 1 5 9 8 3 3 6 3 8 9 1 4 2 10 5 9 9 0 6 7 7 10 3 1 7 8
3 1 8 0 9 1 2 10 0 8 5 9 1 3 8 4 1 8 3 5 3 8 0 0 5 6 5 3 2 2 2 9 2 4 7 3 9 0 5 2 2 0 4 8 6 1 7 0 10 6 3 7 6 4 8 7 1 7 2 9 3 9 6 8 0 0 4 1 3 2 0 4 5 9 5 0 1 1 5 2 8 0 9 3 6 8 2 0 9 6 10 0 1 0 5 2 8 4 6 1 3 8 9 1 3 7 6 8 0 10 5 1 8 10 7 4 10 6 1 5 9 1 4 3 10 7 8 1 0 4 5 2 8 0 2 10 8 5 10 2 1 2 2 9 9 8 1 2 3 6 9 0 4 0 8 7 10 10 0 10 7 10 5 3 0 3 8 7 5 2 0 4 8 6 1 0 10 4 3 8 4 9 4 0 7 2 0 10 10 2 9 1 8 8 4 2 10 9 10 2
0 8 9 8 5 7 4 4 9 3 5 9 4 3 10 3 0 0 6 3 7 4 1 3 3 6 2 9 10 1 8 0 1 3 1 6 3 4 2 6 8 0 0 9 4 1 2 6 10 0 6 1 8 6 7 6 7 5 9 8 3 9 9 6 9 8 7 8 2 6 0 10 3 7 0 4 2 5 0 2 4 6 8 10 1 10 4 1 2 10 4 3 1 9 0 5 3 7 0 7 10 0 1 6 2 4 9 2 4 1 2 9 3 8 5 9 7 0 0 0 7 9 5 0 9 6 9 5 2 0 0 10 4 10 3 9 2 6 2 3 3 6 0 3 3 4 8 1 9 7 0 6 0 7 0 4 4 4 9 1 2 10 0 10 6 1 7 6 7 6 8 0 2 4 7 10 4 6 4 10 2 6 2 6 3 5 3 6 3 5 6 4 6 7 10 8 4 5 6 4
0 8 9 6 4 10 7 8 10 4 4 5 2 1 3 8 5 5 1 2 4 1 1 2 7 3 1 9 7 6 10 6 3 8 0 5 4 6 0 4 10 1 3 9 2 3 1 0 4 2 10 8 7 9 3 3 3 4 4 9 9 7 10 3 10 5 3 3 10 5 3 2 7 4 6 5 6 1 1 9 6 2 1 2 10 2 1 10 9 3 8 0 9 6 0 8 0 9 0 4 9 5 1 10 2 4 4 2 10 10 0 0 9 7 6 2 6 0 0 9 5 10 7 3 3 2 1 0 10 5 0 2 5 9 5 6 10 7 0 9 8 9 4 0 0 4 7 3 5 3 1 9 4 4 1 8 6 5 10 6 2 2 7 9 7 2 5 2 8 9 7 0 0 3 2 2 5 0 6 2 7 9 8 5 1 2 2 6 6 1 10 7 4 5 4 4 7 5 10 7
8 8 9 6 2 9 3 7 10 10 1 7 4 1 5 6 3 4 6 10 5 6 10 6 5 4 4 6 6 3 4 2 4 4 7 3 4 6 2 2 9 3 2 4 1 0 9 9 4 6 0 2 10 8 8 4 7 7 3 6 10 7 5 1 9 1 8 4 7 3 0 3 7 6 6 5 8 8 7 4 8 4 1 2 9 5 5 9 8 3 0 10 10 0 2 2 7 8 6 4 10 3 6 8 0 0 9 2 4 2 2 8 8 8 3 6 9 6 2 7 8 0 5 5 10 7 10 9 1 3 3 0 4 5 9 9 8 1 1 3 7 0 9 7 9 4 5 5 0 0 10 6 4 5 1 6 2 10 3 10 4 4 6 0 4 1 1 7 7 6 6 0 5 8 7 6 6 3 5 6 9 7 0 3 5 10 4 2 8 6 5 9 7 6 6 2 3 10 4 6
3 6 0 4 5 2 5 8 6 5 0 0 5 9 7 2 10 9 4 9 0 6 10 5 9 3 5 2 8 6 6 10 8 5 3 0 1 7 5 1 9 2 3 0 10 9 4 7 1 0 4 9 2 4 2 1 4 3 6 1 2 3 8 7 6 5 1 0 8 8 6 8 5 6 4 5 1 7 3 8 6 2 8 0 8 0 8 8 4 1 1 9 2 6 10 6 6 10 6 3 8 5 2 2 9 7 7 1 0 6 3 2 5 4 0 5 7 6 10 2 9 6 5 9 10 6 7 1 10 1 9 2 0 10 4 3 1 1 8 9 3 1 4 5 9 1 0 7 1 1 0 4 0 4 7 3 2 4 8 1 3 2 3 9 3 4 8 6 1 3 8 3 0 10 4 9 6 1 10 7 5 8 7 10 2 10 9 1 1 5 4 10 1 1 3 10 3 9 9 3
5 0 8 7 1 9 3 9 7 4 7 6 1 2 1 0 10 8 9 6 10 0 6 3 4 1 7 5 1 9 8 2 5 3 7 7 2 0 5 8 7 6 9 4 0 1 6 10 5 3 7 5 4 7 6 3 0 5 3 10 0 10 9 9 5 3 6 3 4 5 4 0 2 3 1 0 10 10 8 4 7 7 2 8 2 7 7 3 3 3 2 7 4 2 1 1 3 6 5 4 9 0 4 1 2 6 0 8 5 6 0 5 1 0 7 4 5 5 7 5 8 7 6 5 10 10 9 6 8 2 1 10 10 0 5 10 9 8 9 2 5 9 4 6 3 10 0 6 4 8 3 1 5 2 4 4 1 4 0 0 6 1 5 5 0 4 3 2 7 2 9 10 7 10 0 9 2 5 8 1 10 2 9 7 5 5 1 5 2 9 3 9 10 7 10 4 9 0 9 9
8 0 7 9 5 5 4 3 5 2 2 9 4 8 1 9 5 10 2 0 8 7 4 1 8 1 6 7 10 10 6 7 6 0 9 2 7 10 10 9 6 7 3 10 10 1 8 2 8 6 3 9 10 3 8 1 3 2 7 1 4 6 3 4 4 3 10 7 5 1 0 0 10 9 0 7 0 9 2 0 6 4 4 7 4 2 9 7 0 10 0 4 10 1 1 9 3 9 4 3 7 2 1 10 4 10 6 1 4 10 9 0 5 0 8 6 9 8 9 8 1 6 6 2 1 8 7 6 6 3 3 7 0 7 0 3 9 4 3 8 0 6 2 10 5 7 6 10 4 2 9 7 2 4 7 7 4 4 10 8 3 2 2 9 0 3 7 4 8 0 5 5 8 1 3 4 8 10 1 0 7 10 0 3 2 1 7 10 6 9 4 8 6 10 5 10 7 5 2 2
9 10 3 2 2 1 6 1 3 10 3 4 4 6 8 3 1 2 8 6 4 1 0 10 2 10 1 2 8 6 0 5 1 3 8 6 10 4 0 0 4 5 8 6 2 7 10 4 1 3 10 8 3 3 10 4 5 10 5 5 5 6 5 6 10 0 10 7 6 9 2 5 3 1 5 7 9 8 4 10 9 6 5 5 10 5 5 2 2 5 1 8 1 8 9 10 10 6 6 0 6 7 8 10 5 3 5 0 10 7 7 2 3 7 1 7 10 6 1 2 6 5 7 10 9 6 10 7 4 9 1 2 4 0 8 0 7 8 7 2 4 0 4 10 2 8 10 4 7 7 0 8 0 4 7 1 6 8 2 2 8 0 6 5 3 8 2 1 8 8 7 1 7 10 7 2 10 4 3 6 4 7 2 3 2 7 0 8 0 9 2 1 1 0 10 10 9 10 7 4
1 4 3 1 5 1 6 0 2 5 2 7 8 4 4 10 0 3 6 10 9 2 1 6 4 0 8 7 6 4 9 10 7 0 0 0 5 0 3 9 5 10 10 1 4 2 1 2 9 1 4 1 10 10 7 5 3 1 5 1 6 4 3 9 10 5 2 4 5 4 10 9 5 1 10 7 0 6 2 7 8 0 8 4 5 0 7 0 9 9 0 3 4 6 6 8 3 1 5 3 3 5 9 7 2 10 7 1 7 7 1 2 5 9 1 6 3 4 9 6 8 5 0 0 7 1 7 3 4 7 1 7 6 10 6 10 0 1 4 10 7 0 10 9 0 8 3 7 0 0 0 1 9 8 2 6 5 8 2 2 5 10 5 4 2 2 0 5 10 0 6 4 5 8 7 0 2 3 2 10 2 1 8 8 8 8 4 6 2 0 4 3 3 4 2 7 1 10 1 2
5 9 5 9 2 1 0 0 5 6 2 6 10 2 4 8 4 8 2 4 7 4 7 9 4 2 2 10 7 4 6 3 5 1 0 2 6 6 4 7 4 6 1 4 0 2 10 4 8 2 7 9 10 10 4 1 3 3 10 1 4 9 10 8 1 7 2 7 5 9 8 1 1 8 4 9 7 4 0 10 9 6 2 7 9 3 6 2 8 3 8 7 0 7 2 4 8 6 6 10 2 5 4 8 7 9 8 3 2 6 7 9 10 2 7 10 10 2 5 6 8 3 0 2 7 7 8 1 10 2 5 6 0 6 4 10 7 0 6 9 3 2 7 3 7 3 2 4 4 5 10 2 5 8 7 0 3 5 1 9 10 6 7 3 7 7 4 9 1 4 10 2 0 6 10 0 0 10 5 2 3 5 0 9 6 0 6 3 4 8 6 7 1 7 7 1 9 10 0 0
9 10 1 3 8 3 2 1 4 4 1 3 8 6 6 4 4 5 8 7 10 1 8 5 10 3 1 5 2 10 10 7 7 1 7 8 7 4 4 5 10 1 4 4 2 2 6 9 7 8 1 8 1 5 10 1 6 3 5 3 8 9 1 9 5 7 5 10 0 7 0 7 3 0 0 9 7 7 7 4 0 2 1 6 0 10 7 10 7 10 4 1 8 2 10 6 1 5 9 3 5 5 7 2 6 0 6 2 0 5 9 8 7 1 4 5 1 8 8 0 7 5 10 8 3 8 9 9 5 9 6 1 3 0 5 9 7 7 0 9 8 5 6 3 10 2 1 0 2 4 5 7 3 1 9 4 6 0 5 10 5 4 2 3 0 3 1 9 10 10 1 1 10 0 10 8 8 10 9 2 4 7 8 7 10 9 5 6 6 0 4 4 4 2 1 5 2 1 3 4
0 6 4 2 0 0 9 2 3 0 4 10 8 1 6 0 7 6 9 4 9 2 10 9 5 1 6 9 0 7 0 4 5 0 1 0 4 8 8 7 2 6 0 1 5 6 10 8 7 4 9 5 4 9 8 2 5 4 5 2 7 9 1 4 10 6 7 9 2 8 5 2 3 1 3 2 4 6 5 5 7 0 4 3 3 1 6 0 1 4 4 0 6 5 6 8 6 10 3 3 9 3 9 5 4 0 5 9 9 1 7 2 7 8 8 2 5 3 5 9 4 7 7 0 7 9 6 10 10 7 6 6 3 3 10 0 2 8 9 0 4 3 10 3 3 5 7 2 5 10 8 8 6 8 7 0 0 6 1 5 4 4 5 3 9 0 2 2 5 5 1 4 0 2 1 6 3 0 1 8 0 5 2 7 7 0 2 5 6 10 5 0 9 0 1 5 10 10 1 2
8 8 7 4 9 0 5 6 3 10 4 9 8 1 0 2 8 10 0 3 2 2 5 1 5 2 9 4 8 4 7 6 3 8 3 3 6 9 7 8 6 2 1 10 4 7 2 0 1 9 0 7 3 3 4 7 9 3 3 5 10 1 1 6 9 2 10 1 0 4 6 9 8 2 9 0 5 9 2 3 8 7 1 5 9 6 9 2 6 4 9 5 9 6 2 4 5 6 6 7 7 7 8 9 9 10 0 0 5 5 2 5 7 8 4 2 10 8 6 0 2 8 5 1 10 5 5 4 6 4 3 2 1 1 5 9 2 0 6 4 0 5 5 9 0 10 8 10 4 3 10 4 0 0 4 6 6 4 10 0 3 9 2 3 10 5 7 5 2 8 10 2 1 9 3 5 7 8 1 0 9 8 1 10 1 10 7 7 4 1 10 2 9 4 5 10 8 10 9 3
3 3 6 0 5 3 10 2 5 1 3 0 4 7 3 3 4 3 5 1 8 1 5 4 3 6 8 5 4 4 7 9 2 3 2 10 10 6 9 3 8 0 8 4 4 6 1 4 4 5 9 4 8 9 1 6 0 4 3 5 0 6 4 7 8 5 4 2 9 6 8 10 8 10 10 5 2 6 7 6 6 5 0 4 0 0 2 9 4 7 8 5 9 1 10 10 2 10 9 10 5 6 1 10 3 6 2 1 6 8 9 8 10 6 8 7 2 0 2 4 3 0 3 2 3 7 6 6 0 1 0 4 6 8 8 5 2 2 9 10 2 0 10 3 5 5 3 1 2 2 2 1 6 7 3 2 4 2 3 1 7 8 8 2 0 5 5 9 4 5 3 2 7 5 0 9 0 3 7 0 10 2 3 5 10 8 6 10 8 7 4 10 4 5 0 9 4 7 8 4
4 5 5 7 3 3 4 4 2 2 0 5 10 6 6 4 0 9 4 7 4 4 9 7 2 2 3 5 0 10 1 4 2 8 0 3 8 6 7 4 1 7 8 1 3 9 6 2 2 8 5 7 3 3 5 5 3 2 4 4 8 2 7 6 9 0 7 5 1 8 9 9 9 7 1 0 3 10 0 10 6 2 2 1 6 7 0 1 4 0 5 8 1 7 8 1 3 3 9 4 8 0 4 0 10 3 1 9 1 7 4 9 5 4 10 2 6 4 0 8 9 4 0 0 2 6 7 8 6 8 1 0 7 3 1 9 5 0 7 5 4 5 0 9 10 3 6 6 1 4 4 10 9 5 5 9 5 9 6 8 4 1 8 9 8 5 3 8 8 2 4 7 7 5 6 6 5 6 1 4 9 7 2 9 6 9 2 2 3 1 6 0 9 10 9 10 5 4 3 0
6 4 2 5 10 1 10 6 3 10 9 0 7 9 1 9 5 3 2 5 6 3 5 4 10 6 1 7 3 1 6 4 5 1 5 8 1 10 1 8 7 10 9 0 5 3 10 10 6 1 9 7 7 5 7 6 3 4 3 6 3 3 7 1 1 7 4 7 9 7 6 8 3 4 1 0 2 1 3 8 2 0 2 8 5 2 5 1 9 3 0 5 5 7 3 6 0 3 6 3 8 3 4 9 4 3 0 4 0 9 8 0 7 7 4 6 4 6 7 6 0 6 5 9 9 10 6 6 6 6 6 7 5 9 2 7 7 4 4 1 10 3 3 0 1 1 5 5 9 3 5 2 2 8 1 6 1 3 2 7 0 1 10 2 8 4 3 7 4 4 10 8 6 7 7 8 2 3 8 0 9 3 4 0 0 5 8 2 3 7 5 10 8 1 1 7 10 1 9 1
10 10 0 4 1 2 10 8 7 0 0 9 2 3 10 7 1 10 6 5 8 9 9 0 3 9 6 4 10 3 8 2 4 5 9 5 0 5 2 3 4 8 6 10 8 5 0 6 3 6 3 8 10 9 5 1 9 7 5 9 10 2 4 9 3 6 8 5 4 2 8 7 1 9 4 2 8 6 7 7 0 0 6 7 10 4 7 8 9 8 5 7 2 4 2 4 1 3 3 1 9 2 0 5 6 2 8 3 9 7 7 7 1 8 1 1 0 1 9 8 4 7 9 1 7 1 8 10 6 1 9 3 6 3 4 0 1 9 8 6 1 5 3 3 0 7 3 7 10 0 0 5 3 4 2 4 2 6 10 8 2 9 10 2 2 9 2 4 6 4 7 2 1 7 1 6 3 10 9 2 5 8 7 2 3 4 10 5 5 1 0 8 10 10 3 8 0 2 5 7
10 2 8 1 8 3 0 9 0 10 2 7 2 7 8 8 6 3 7 2 4 3 8 8 3 10 0 7 5 9 1 9 6 0 8 4 9 9 5 5 8 6 4 4 8 4 0 8 6 5 8 3 0 1 4 6 1 5 4 8 5 0 5 10 10 4 8 6 9 7 8 0 1 5 0 2 1 0 10 2 4 0 1 8 4 3 2 3 5 2 4 9 9 5 3 7 10 2 4 5 4 6 10 0 10 3 3 8 3 0 4 10 10 4 1 7 7 5 4 10 5 8 3 2 9 4 2 2 4 0 8 10 4 6 6 0 1 5 6 2 8 9 7 0 7 0 5 4 2 6 0 1 9 4 4 9 10 10 0 6 7 7 1 2 10 0 8 3 10 3 1 10 2 10 9 4 8 1 1 3 6 7 2 7 1 10 3 2 3 8 0 1 0 10 10 8 5 8 1 9
4 4 5 9 1 8 4 1 3 10 9 6 2 0 2 10 3 9 4 2 8 4 8 2 8 0 4 10 9 10 6 8 5 6 4 3 8 1 1 2 9 4 4 3 4 9 1 1 10 5 6 0 7 6 4 3 2 8 6 7 1 4 6 6 2 4 6 7 9 3 3 2 0 5 0 1 9 4 4 3 4 7 7 2 8 0 10 9 9 2 2 3 7 3 9 10 7 2 10 9 4 7 2 5 4 7 10 2 10 4 1 5 5 2 10 0 4 1 3 3 2 6 10 7 9 7 4 2 1 2 6 1 0 9 7 4 3 7 1 2 8 6 5 7 10 7 0 1 9 6 5 0 9 0 5 2 1 5 0 8 1 9 1 0 4 0 8 10 4 8 1 7 1 7 1 1 9 6 0 2 9 0 3 10 1 10 5 4 5 8 2 7 9 2 6 4 9 3 6 4
7 3 6 1 6 0 3 9 9 4 3 3 6 8 7 1 0 10 9 7 10 8 8 0 10 10 7 6 4 5 5 9 6 0 9 1 4 7 4 0 7 5 1 5 0 6 0 2 2 10 3 9 4 10 10 7 8 3 5 6 1 6 0 5 2 8 9 1 2 6 3 3 1 0 8 3 7 0 0 10 7 10 7 0 9 5 1 1 7 2 7 0 9 1 0 10 0 8 10 5 10 0 0 6 2 0 2 6 2 10 6 6 6 0 3 9 0 2 9 7 0 4 7 4 6 6 4 9 1 2 5 1 8 4 4 3 5 1 3 5 4 9 7 5 4 5 0 0 7 3 4 8 7 1 6 6 1 0 5 3 6 6 2 3 1 9 10 1 10 9 4 6 6 9 9 5 7 10 7 10 1 9 10 10 0 0 10 3 4 5 7 1 5 7 1 0 3 4 1 6
6 1 6 1 9 0 10 9 2 6 0 3 2 1 3 4 0 2 5 4 2 1 9 7 8 3 8 2 2 2 6 6 7 9 3 0 4 7 1 3 10 2 10 5 2 5 8 8 10 9 3 0 6 3 10 5 3 8 1 9 5 7 0 2 8 9 1 8 9 0 6 8 4 9 0 5 9 10 9 6 8 10 6 2 3 4 0 9 10 9 4 6 3 4 10 7 10 7 10 8 2 9 8 4 0 8 0 8 10 0 0 7 7 9 0 8 8 4 10 0 4 8 0 1 10 8 6 6 6 1 6 0 6 4 8 7 5 8 8 8 1 8 1 1 3 4 7 1 0 6 8 0 5 0 5 9 6 3 3 5 3 4 6 2 6 6 4 4 2 5 9 0 8 9 5 5 3 4 10 1 4 10 4 5 9 4 8 9 0 4 2 1 10 5 7 6 7 4 9 9
8 6 10 9 5 3 0 4 5 4 3 1 5 0 7 8 1 5 7 1 1 0 0 1 6 2 10 2 6 0 4 0 3 0 9 3 4 9 9 5 7 7 6 4 10 8 5 1 4 6 10 7 2 4 1 1 6 3 10 1 5 4 3 6 3 1 6 6 8 1 9 10 7 2 9 6 0 9 0 3 2 3 6 7 6 1 8 0 4 10 9 8 8 0 9 4 1 1 10 10 7 2 0 8 6 3 10 9 10 2 3 8 0 6 2 7 8 5 1 8 10 6 5 6 0 9 4 4 5 4 6 6 8 7 5 3 10 7 8 0 4 1 4 5 7 8 10 9 5 0 5 7 5 10 9 1 1 2 1 1 6 1 3 4 0 4 0 2 6 3 0 2 2 8 0 0 0 1 8 1 7 2 1 4 9 10 10 0 1 3 0 0 10 5 10 1 0 8 6 0
3 3 9 2 6 2 0 5 5 8 1 8 9 6 10 8 6 2 5 6 1 8 8 8 10 9 1 4 10 7 6 1 8 1 8 6 5 8 2 4 7 10 6 5 0 5 10 5 5 3 0 2 0 9 2 10 8 7 9 0 7 8 1 0 7 0 7 0 3 0 5 9 10 4 7 9 0 3 3 2 3 2 10 0 9 7 3 2 9 8 4 5 9 3 9 0 5 6 10 3 4 3 5 6 3 10 5 7 6 4 4 6 2 0 7 3 5 8 5 1 6 2 5 5 6 3 8 5 4 3 3 2 4 7 10 5 2 9 4 4 7 3 3 0 1 10 10 4 0 6 0 3 2 8 2 4 6 8 5 4 7 7 1 7 5 10 9 10 2 8 4 10 7 5 9 1 3 4 6 1 3 9 4 2 1 8 2 3 3 5 2 10 10 9 2 5 7 9 4 0
6 10 1 6 10 2 1 7 6 10 6 7 2 0 10 2 0 9 9 10 3 1 8 9 2 6 0 6 5 9 7 1 4 7 8 5 7 8 4 6 7 5 0 5 4 3 9 5 10 3 0 5 9 7 10 2 1 2 10 7 5 0 4 3 4 3 4 4 5 8 2 4 7 1 0 7 8 7 3 8 7 5 10 3 6 8 4 9 5 9 10 5 3 3 2 1 0 0 1 5 8 6 3 4 3 7 10 10 5 0 5 9 1 3 9 4 9 8 5 8 7 0 8 4 5 8 8 5 1 0 6 1 10 7 5 10 7 6 4 0 5 0 1 0 3 0 2 5 0 3 1 0 3 8 9 9 10 5 8 9 6 0 0 2 2 3 9 10 0 4 7 3 4 9 4 5 0 9 9 10 4 5 10 2 1 7 3 6 2 8 5 4 0 7 4 0 9 3 5 0
5 5 6 6 5 5 10 10 9 8 10 10 8 7 5 1 6 6 4 7 10 9 4 0 7 4 10 0 6 1 8 4 1 5 6 7 4 5 8 4 8 6 0 3 7 7 9 2 7 5 5 9 5 0 0 10 8 7 0 6 0 2 2 9 6 4 3 9 2 4 7 2 5 2 5 8 8 9 10 1 6 4 8 4 1 10 10 10 10 10 10 2 5 8 1 3 1 8 1 0 7 5 10 10 10 3 8 7 8 5 7 7 10 3 7 5 8 7 8 10 0 9 3 7 5 10 5 2 1 4 0 1 9 4 9 6 7 7 10 9 0 8 4 2 7 9 7 8 4 7 4 3 0 5 5 2 8 8 10 3 8 8 8 4 0 8 9 7 10 0 7 5 6 9 9 1 8 2 3 3 10 7 2 6 0 8 7 8 10 8 10 1 9 9 8 6 4 3 8 9
4 5 3 6 1 3 0 4 2 9 2 5 10 3 5 3 10 10 4 2 5 8 1 2 1 2 7 1 8 4 9 9 2 0 9 0 9 4 1 4 10 10 8 6 10 6 9 9 9 2 1 7 10 8 6 10 1 7 4 4 8 5 8 3 2 8 10 0 7 10 3 9 2 6 3 9 6 9 5 1 9 4 1 9 3 10 2 0 8 5 1 4 5 1 4 0 2 4 1 7 3 6 9 3 0 6 10 9 1 2 5 4 10 2 7 9 6 10 3 10 10 1 7 5 3 5 1 7 5 7 0 4 1 7 6 3 10 7 1 1 7 7 10 1 0 5 10 6 10 7 7 6 1 0 8 2 9 6 8 7 1 1 2 7 3 5 9 4 8 4 6 10 4 3 8 0 7 3 3 2 4 9 4 4 8 5 3 4 1 10 9 7 4 10 1 1 1 10 10 5
6 6 8 7 1 2 6 9 6 0 2 4 3 3 6 3 3 1 9 5 7 3 7 8 7 4 8 2 2 3 4 6 7 2 3 2 4 10 2 5 5 0 2 0 1 0 3 4 2 7 9 10 3 8 7 2 0 8 1 7 3 8 6 8 1 9 5 0 1 1 1 9 2 0 3 9 8 2 9 5 7 6 10 0 6 8 7 7 7 0 2 5 2 3 7 7 0 8 2 10 2 9 5 9 3 3 3 3 0 2 9 5 0 9 7 2 4 8 8 7 1 8 6 4 9 7 9 2 8 10 4 0 8 1 5 7 9 8 9 10 7 7 2 3 4 4 0 6 5 6 3 5 8 4 0 10 2 8 4 9 4 7 0 6 3 1 6 6 0 9 2 5 3 1 3 4 5 3 8 3 6 3 1 2 7 0 2 8 6 4 6 6 7 2 5 4 9 5 5 10
10 4 2 4 9 4 2 9 10 1 1 3 2 4 8 4 5 6 8 1 4 7 2 5 10 9 5 1 4 3 9 8 0 8 9 10 10 5 7 8 3 6 7 9 10 4 8 5 2 3 8 2 2 9 6 1 10 2 8 10 3 10 7 7 4 9 1 1 0 2 0 6 3 1 0 5 6 2 9 3 4 0 4 9 8 1 4 7 2 0 0 10 10 3 2 8 7 5 5 8 6 10 1 7 7 7 6 9 6 6 8 0 1 5 7 2 4 2 5 3 6 2 5 10 5 7 10 2 7 10 4 6 10 4 8 4 10 2 5 0 7 7 8 10 8 9 4 6 1 2 8 10 5 7 2 0 8 6 0 6 8 1 8 0 1 3 4 0 10 8 6 7 3 4 4 10 2 3 1 10 5 0 0 5 5 6 2 9 8 3 1 0 5 8 7 0 10 2 0 4
1 6 8 7 7 3 0 1 8 1 6 4 4 1 1 2 4 5 1 8 6 1 1 3 7 2 3 10 1 6 9 3 10 1 10 7 9 7 6 9 3 4 6 6 4 5 5 4 3 6 6 4 4 10 8 10 10 1 8 9 8 10 4 6 10 8 5 0 6 4 8 0 5 1 3 1 6 9 7 0 6 5 9 3 4 3 5 4 6 10 6 9 9 2 5 1 9 0 7 1 4 5 7 10 8 5 4 4 6 5 1 2 4 6 3 4 3 0 3 5 8 5 2 7 1 8 7 3 7 3 9 8 7 7 0 10 7 4 4 3 3 10 4 3 7 2 4 8 0 7 8 1 4 2 5 5 0 2 6 10 6 9 1 6 8 7 10 4 8 0 10 1 6 3 3 0 9 3 9 7 5 2 0 0 7 4 7 7 5 8 0 2 5 2 7 5 3 3 2 7
10 2 4 0 9 9 2 9 6 0 0 10 5 4 3 10 5 3 1 1 6 8 9 5 8 1 5 3 9 6 1 3 9 7 2 2 1 2 7 8 4 6 8 10 0 8 4 8 3 9 3 3 0 6 2 10 9 7 8 9 9 2 5 6 7 3 8 7 2 6 3 6 8 0 6 3 5 5 7 6 9 1 5 7 4 1 1 9 8 9 7 10 3 7 3 3 8 6 8 2 10 7 1 4 8 9 7 1 7 7 7 7 4 7 0 9 5 4 7 4 2 9 8 8 10 6 10 7 10 0 0 0 6 5 5 5 3 10 3 6 2 2 7 6 2 0 3 4 10 9 6 2 9 2 1 1 3 0 0 4 7 0 6 5 6 1 3 2 7 1 6 7 6 5 5 4 8 9 7 8 2 3 1 10 6 6 7 9 3 5 3 10 10 3 8 10 0 3 9 10
7 3 1 10 5 6 4 10 6 0 9 5 0 6 7 5 3 8 6 0 7 8 2 6 5 1 9 2 8 8 4 4 6 1 5 1 4 3 2 9 1 7 7 9 1 7 6 3 9 7 4 1 6 4 7 7 0 10 2 9 3 5 0 0 1 0 0 6 0 1 0 4 7 10 10 1 3 1 10 10 3 10 10 0 3 10 3 10 0 7 0 9 4 7 8 5 7 10 0 2 8 2 1 9 6 5 4 5 7 2 7 4 3 4 6 9 7 4 6 8 2 3 0 7 6 6 3 2 2 7 6 2 1 6 2 4 3 7 9 0 8 1 5 3 0 2 8 5 1 7 8 8 2 2 0 0 9 9 0 4 7 1 4 10 4 0 10 1 6 4 5 7 10 6 3 1 4 3 7 5 1 5 3 1 3 1 6 8 6 9 7 6 4 6 5 7 0 10 6 4
1 6 10 0 3 9 3 9 4 6 0 10 6 6 4 6 10 6 2 8 9 7 5 2 10 5 7 6 8 0 7 7 7 3 4 2 2 9 2 10 0 9 2 8 10 4 10 1 10 9 0 1 5 5 0 5 3 9 7 1 8 0 0 0 0 9 3 2 8 5 0 7 8 7 1 9 0 9 8 4 8 8 3 3 10 3 6 5 3 9 6 7 7 3 1 7 5 8 3 8 10 3 3 9 4 4 9 6 8 1 1 0 7 10 10 9 8 6 10 10 0 8 6 5 7 8 3 7 0 3 5 6 6 0 2 4 2 7 8 6 10 4 1 3 1 4 9 2 4 4 9 8 9 8 2 8 3 7 5 0 6 9 4 9 1 8 7 0 0 1 10 6 8 4 10 8 5 2 8 8 5 2 5 8 5 10 6 2 1 6 6 4 4 7 4 0 10 4 4 3
10 3 2 0 6 9 3 4 8 5 3 6 6 7 3 7 5 8 4 5 5 1 8 5 4 9 5 4 10 4 10 8 8 5 10 2 5 2 9 4 10 8 10 6 8 2 3 5 10 2 2 10 3 8 9 9 0 10 2 8 6 6 9 2 6 10 4 2 7 1 1 9 9 7 10 0 2 0 5 8 1 9 4 4 2 2 4 2 4 2 9 4 3 7 2 9 5 3 3 5 5 2 10 3 1 9 5 8 0 5 7 8 10 4 0 10 3 10 2 4 6 3 3 2 2 5 4 2 3 5 0 10 4 3 0 2 1 9 1 6 1 8 6 5 2 4 7 8 9 9 0 6 6 3 9 0 6 0 9 7 0 7 5 7 3 8 8 2 9 1 5 1 5 2 4 4 5 5 5 8 6 7 5 8 7 10 8 6 3 0 9 3 2 2 0 5 9 9 4 4
10 5 1 3 9 0 3 1 3 3 2 10 8 7 4 5 5 3 8 1 0 8 5 2 7 4 8 7 7 3 8 8 1 1 5 1 2 8 9 0 1 0 1 9 8 3 1 4 4 1 9 7 3 0 10 4 6 5 7 2 5 1 3 4 8 8 8 5 3 10 1 4 8 7 6 4 3 4 1 5 8 6 10 0 5 5 6 9 1 4 4 1 1 10 6 6 8 1 9 0 0 6 1 7 7 4 3 1 2 0 0 1 3 9 5 6 2 2 1 4 2 2 7 6 6 5 0 6 0 7 8 9 7 7 1 2 4 0 3 3 4 5 2 7 7 8 5 4 1 8 1 9 6 7 1 9 10 8 0 9 10 0 0 2 10 6 10 0 6 9 2 5 8 5 8 0 7 1 1 2 9 3 6 1 7 6 3 4 3 7 3 2 0 5 1 2 5 3 3 1
6 7 7 8 0 10 8 0 6 8 8 7 2 1 10 7 9 2 9 9 4 5 8 7 5 9 0 7 6 7 9 0 0 4 5 10 9 4 1 5 2 3 10 0 4 9 3 2 9 4 2 6 6 2 5 0 2 7 9 3 7 10 3 0 6 2 2 9 0 0 5 8 2 3 10 1 7 0 2 1 1 7 10 7 6 10 8 3 9 10 1 8 0 1 8 9 3 10 8 0 8 9 2 1 4 9 2 3 0 9 0 10 10 1 9 9 10 1 4 0 3 1 6 1 5 8 1 5 2 4 0 6 6 4 5 9 10 0 4 2 8 1 1 10 0 10 8 4 10 0 9 4 5 8 4 8 1 7 3 9 4 6 0 8 9 0 3 5 1 6 3 7 2 4 5 2 6 0 7 4 0 10 6 2 5 8 3 2 8 1 7 2 7 3 8 7 10 0 3 2
3 7 1 6 8 5 1 5 1 9 8 2 9 5 8 6 7 0 1 8 2 10 0 0 9 0 6 1 1 2 6 2 4 3 5 5 1 3 10 5 10 3 4 8 6 2 6 2 1 8 1 3 3 7 0 7 1 1 8 5 1 7 5 3 6 9 2 0 9 10 0 10 2 2 3 1 2 6 7 6 9 0 8 6 3 10 2 10 2 0 2 10 6 1 4 9 0 9 9 4 0 7 4 1 1 8 2 4 4 7 6 4 9 8 7 1 10 3 5 1 9 5 0 4 1 10 2 3 9 6 5 6 3 9 5 5 9 1 2 4 1 3 10 1 4 0 8 5 6 6 8 1 7 10 9 6 0 0 8 5 1 7 2 0 6 4 1 0 10 8 6 4 10 0 4 1 3 6 9 10 10 8 2 3 10 4 4 10 2 1 0 1 8 6 0 8 10 2 8 10
6 9 4 5 7 10 0 1 7 1 8 7 8 1 4 6 8 8 8 4 9 4 10 8 8 5 3 3 5 4 6 10 2 3 0 10 0 2 5 8 7 2 6 2 10 10 7 4 5 1 10 2 0 9 5 5 2 8 3 1 6 5 2 7 4 1 1 9 2 0 9 5 9 7 3 4 3 6 4 4 1 1 10 6 6 4 1 8 7 2 1 10 5 4 6 5 6 3 10 1 4 6 7 3 2 5 0 2 8 5 5 10 1 2 1 10 9 8 5 10 4 10 8 2 5 3 6 0 2 9 7 4 5 8 1 3 9 5 8 8 5 0 4 3 1 1 5 3 6 9 3 1 8 7 5 5 3 3 3 4 4 10 9 10 0 3 10 0 0 6 6 8 3 1 5 1 9 2 1 7 1 6 5 6 8 8 1 5 4 10 4 7 9 3 3 5 9 7 8 8
10 3 6 3 8 10 0 5 5 0 7 10 10 3 5 10 7 2 2 0 9 10 6 0 4 6 10 4 8 8 7 4 9 6 1 9 5 10 2 7 3 2 2 10 10 2 5 7 8 10 9 7 3 10 1 7 10 10 8 10 1 2 3 4 10 7 2 9 9 0 10 4 3 9 1 4 7 8 3 8 0 5 6 10 7 2 4 10 1 0 6 1 4 0 9 0 2 9 3 9 9 0 7 3 0 6 7 8 0 9 5 7 0 4 0 4 0 10 10 4 2 3 2 3 2 4 9 0 3 3 2 6 2 6 2 2 2 0 2 0 0 4 10 2 2 8 2 10 9 2 2 7 2 8 6 8 2 0 8 6 9 10 7 9 3 0 0 0 10 6 5 0 3 8 4 9 4 5 0 4 2 4 8 4 2 8 9 2 1 8 8 9 9 8 7 2 3 3 8 10
6 2 3 3 2 9 3 2 2 7 7 4 1 7 5 10 0 4 1 0 9 1 1 3 2 1 9 5 3 1 10 3 0 5 5 4 2 9 7 3 7 0 10 9 8 4 9 1 8 1 6 7 7 9 4 8 0 3 3 10 5 3 6 9 8 9 2 3 3 8 10 9 0 2 1 2 3 1 4 2 7 1 7 7 2 5 1 1 8 10 0 2 4 2 4 8 6 1 10 2 8 5 0 2 3 8 1 9 8 10 2 2 4 7 0 10 4 3 0 10 10 7 5 9 10 8 1 10 2 1 5 4 1 8 1 0 3 5 8 5 5 8 6 8 6 4 8 9 1 3 3 0 4 6 4 2 5 8 3 4 9 2 2 8 9 7 0 1 4 2 7 7 5 10 2 2 7 0 0 1 1 4 0 7 9 7 8 9 9 7 8 2 10 3 7 7 6 4 3 6
0 7 5 8 3 5 5 2 3 3 5 1 2 5 8 7 3 8 9 4 0 10 7 2 4 9 2 7 6 6 4 1 0 3 5 9 4 9 8 9 6 6 2 6 5 6 9 10 9 6 4 8 2 9 7 3 8 5 5 5 0 1 4 1 0 9 5 5 10 6 8 8 7 8 5 0 9 9 0 6 2 3 2 1 8 0 4 3 8 9 8 8 8 8 5 8 10 1 5 6 4 4 9 4 6 2 0 2 3 7 7 9 6 7 5 8 0 6 9 10 1 0 0 5 8 6 7 3 5 2 7 2 0 2 4 7 5 7 7 3 5 8 1 8 8 5 5 8 2 1 4 0 9 9 1 9 9 7 3 4 7 9 5 9 1 0 2 0 9 1 10 6 7 8 6 4 2 1 5 8 1 6 7 8 7 3 7 5 5 9 0 10 10 8 6 4 3 10 9 0
5 8 1 0 1 5 10 2 7 2 6 0 4 3 5 3 5 5 3 1 3 10 10 5 7 7 1 6 10 5 7 0 6 9 8 5 9 10 4 9 9 3 9 2 6 8 5 4 3 8 4 3 9 5 8 9 9 10 1 8 1 3 9 4 5 9 3 9 3 5 0 5 1 10 3 6 6 10 3 9 2 0 0 2 6 5 10 4 8 4 10 5 9 2 8 10 5 0 8 0 3 3 7 10 7 2 3 6 1 0 10 4 9 6 10 5 5 8 10 3 7 5 0 1 1 5 7 1 1 8 6 2 0 7 4 10 5 7 10 7 0 0 0 3 0 3 4 10 0 9 4 6 6 9 10 4 6 2 2 1 2 4 8 8 0 8 6 6 0 7 5 8 9 7 1 2 8 3 5 5 7 9 5 0 10 2 8 5 4 2 3 10 0 7 0 2 4 2 7 1
10 8 0 2 0 5 4 10 6 9 8 5 7 9 3 5 6 2 0 1 2 3 10 5 4 4 2 2 10 7 8 7 7 4 3 9 6 4 7 1 1 10 6 5 7 7 1 9 7 1 9 2 3 2 0 8 7 10 7 5 4 0 9 4 3 0 10 3 10 8 1 5 10 5 3 5 2 9 3 0 10 4 9 3 0 10 5 6 9 7 1 7 1 1 2 0 0 10 6 4 10 0 4 0 7 6 3 4 3 5 4 1 10 1 3 7 5 0 3 9 9 10 2 8 6 2 9 2 5 4 7 9 5 2 8 7 1 7 1 5 10 10 1 2 0 4 7 3 8 9 4 8 2 9 3 5 5 10 8 4 6 0 2 9 7 6 9 8 7 0 4 10 9 6 2 8 7 10 0 2 7 8 3 5 4 1 3 5 1 9 1 9 8 5 0 3 2 9 9 6
1 5 2 2 7 6 0 10 9 5 10 2 10 2 9 7 0 7 3 8 5 9 0 1 10 0 7 10 3 7 9 8 5 5 3 0 7 8 0 10 1 0 5 0 6 9 1 4 2 4 3 1 0 7 4 6 0 3 9 2 0 9 2 2 9 0 9 10 2 3 10 3 1 7 3 9 0 6 1 8 0 9 0 6 10 1 0 0 2 6 6 10 0 6 2 6 1 4 6 9 9 2 0 3 5 3 4 9 3 4 0 3 2 1 7 10 6 10 4 3 5 2 3 3 5 10 1 8 6 9 5 2 3 10 6 3 10 3 1 4 5 8 8 7 4 0 5 5 5 1 10 3 2 10 9 0 1 5 2 3 10 8 10 9 4 2 5 7 2 2 0 3 2 0 1 1 9 2 3 5 7 4 0 9 7 8 4 1 1 4 9 1 9 0 8 7 1 10 9 9
7 3 7 8 0 3 6 8 1 7 0 5 8 7 0 2 3 7 0 9 3 1 0 10 2 9 10 8 1 10 10 4 4 3 7 0 3 7 9 1 4 6 2 3 2 3 9 10 9 5 8 7 5 10 0 1 8 1 2 6 10 5 9 7 4 1 5 8 6 10 3 3 0 10 7 5 1 0 5 10 1 9 5 10 3 9 4 4 2 1 2 9 4 9 0 10 4 1 3 2 6 6 4 8 6 8 10 5 0 0 9 7 7 5 7 10 7 7 3 7 0 8 0 7 8 10 1 10 10 6 0 6 5 5 7 3 9 4 0 5 9 10 5 6 2 1 7 8 3 8 10 4 8 4 10 5 8 4 2 3 10 9 1 9 0 6 1 10 10 0 9 0 7 0 4 0 0 2 10 1 2 10 1 1 5 8 5 5 10 5 6 5 4 6 5 0 8 4 8 9
0 6 1 1 9 7 3 0 2 4 8 10 1 1 10 0 0 7 3 2 4 8 0 3 7 8 10 7 3 3 10 1 6 1 1 0 10 10 1 6 10 3 10 4 3 6 8 1 3 7 3 3 0 5 4 3 1 7 0 8 7 8 7 5 5 10 5 6 4 8 1 10 2 4 5 6 10 7 10 1 3 4 3 7 10 6 4 3 10 3 4 9 6 4 8 8 2 3 0 7 0 5 0 6 6 0 8 3 6 4 8 8 10 10 10 0 10 8 7 3 10 5 10 0 0 3 9 10 8 8 5 8 8 9 4 1 8 9 1 2 3 10 5 4 9 9 0 4 9 8 5 6 7 4 7 1 1 10 1 3 1 4 7 10 10 2 9 4 8 3 2 3 0 0 10 1 10 8 1 4 1 2 5 6 8 7 6 6 10 10 2 4 10 8 7 6 2 7 3 3
6 2 5 5 10 6 9 1 3 0 4 1 10 5 5 1 3 6 3 8 8 1 9 10 9 7 6 2 2 8 3 7 10 8 0 9 4 8 2 9 0 9 5 2 2 10 7 2 4 2 1 6 4 3 6 9 7 8 6 6 2 7 8 7 0 7 2 8 4 0 2 9 0 4 9 9 3 7 4 3 0 0 10 3 9 9 9 7 6 0 6 1 4 1 1 8 7 4 1 3 9 9 4 8 7 6 6 3 0 7 6 7 7 6 5 2 6 2 4 4 9 9 1 0 4 6 6 8 7 7 3 4 7 3 0 1 3 2 8 1 1 7 6 9 8 0 6 1 8 4 8 10 10 7 10 8 10 1 5 3 4 8 8 2 5 5 7 10 4 0 6 5 10 0 3 1 2 2 5 10 3 4 4 7 6 7 0 2 8 0 10 4 3 2 2 10 7 6 5 1
10 10 2 10 1 5 2 6 8 0 9 1 7 9 1 3 2 10 8 0 9 9 8 1 8 7 8 8 1 8 8 2 2 10 5 0 7 6 6 7 10 4 0 9 0 9 3 6 5 10 3 5 4 9 5 5 9 6 8 4 1 10 0 9 8 9 6 9 9 9 6 7 8 9 5 9 1 2 2 6 4 10 0 5 3 5 7 0 2 2 7 0 9 6 8 2 9 9 10 3 5 5 4 1 1 10 9 5 1 10 4 0 7 8 10 10 7 9 9 5 8 8 4 8 9 7 3 5 5 9 0 3 5 5 7 3 0 8 3 6 10 3 0 1 8 0 3 8 2 9 1 6 2 6 1 6 9 2 5 10 4 9 10 9 9 5 3 7 7 2 1 4 9 7 0 0 3 3 10 8 0 1 10 7 7 6 7 5 5 5 8 7 5 8 8 8 9 9 8 9
6 2 9 1 7 1 0 5 8 1 7 2 4 5 4 7 8 8 8 5 4 7 7 4 5 1 2 3 9 6 6 5 4 10 0 4 7 0 0 0 1 10 8 1 8 7 2 8 10 10 0 3 5 3 10 4 5 2 6 5 0 3 9 6 2 4 6 5 0 0 0 1 3 8 8 10 0 9 10 7 1 4 9 6 5 2 2 1 0 9 9 6 1 5 10 4 6 10 5 10 9 8 0 4 8 7 9 9 9 8 3 8 5 3 10 2 2 8 1 0 7 7 10 3 7 7 2 5 4 4 0 0 8 9 1 0 7 7 9 0 9 6 1 5 6 1 0 4 7 9 8 2 7 8 1 7 6 2 8 0 1 1 6 3 0 0 8 0 2 0 4 2 0 3 5 0 0 9 2 3 0 7 10 1 8 6 9 10 0 4 1 1 4 6 1 8 3 10 0 1
6 5 1 9 5 9 3 9 6 8 5 8 0 10 5 8 4 8 5 10 0 10 10 8 0 2 2 5 6 9 9 2 2 7 3 2 1 1 7 4 9 4 2 0 7 2 7 1 0 6 4 1 8 8 7 9 2 10 4 8 4 10 5 9 7 8 10 3 9 2 2 4 5 5 5 8 6 4 3 2 0 2 3 7 7 4 1 3 3 10 7 0 5 4 0 2 5 0 10 5 8 9 10 3 3 0 10 10 9 0 9 7 0 2 2 7 4 5 4 7 1 1 4 7 2 4 7 8 10 0 5 1 3 6 10 8 5 5 7 6 8 9 3 1 0 6 10 10 0 6 8 4 6 6 5 5 2 1 8 0 3 4 10 10 2 0 5 9 4 8 6 1 2 3 3 9 0 3 9 8 1 9 1 3 2 3 2 6 4 1 7 9 10 4 5 7 10 4 4 8
6 0 4 1 0 0 2 10 7 9 8 6 3 9 7 4 1 8 0 0 6 3 2 0 5 1 7 0 10 6 4 2 2 5 4 0 1 8 1 1 3 2 9 10 6 0 5 6 4 5 9 4 6 2 8 1 9 3 5 8 4 2 3 3 6 5 0 3 6 10 6 9 1 1 0 9 5 9 2 3 4 6 6 2 8 9 3 9 8 4 2 2 0 7 7 6 2 7 3 7 4 10 0 7 2 0 6 2 7 2 1 2 9 10 0 3 1 5 9 9 6 9 2 6 3 3 7 8 2 5 3 2 1 9 10 8 4 4 5 2 10 0 5 10 5 9 1 3 7 6 3 1 5 10 7 3 4 10 8 6 10 2 10 1 3 8 10 4 2 2 8 7 5 9 7 3 7 0 7 5 5 7 2 8 5 5 5 2 5 5 8 3 9 6 1 6 4 0 6 1
2 9 4 4 2 6 5 10 2 3 2 1 5 6 7 0 10 2 7 6 0 10 3 2 5 0 1 8 7 3 9 1 9 4 10 5 8 6 3 8 7 3 7 4 6 2 5 9 8 8 1 4 4 5 2 2 6 0 2 10 1 3 3 2 8 5 6 8 0 5 5 0 9 1 7 3 9 5 8 3 1 4 6 5 3 8 9 2 4 8 9 6 2 9 1 8 10 3 7 5 3 2 2 0 9 10 10 2 8 4 6 0 4 9 3 4 4 1 6 5 10 4 7 9 5 3 9 10 2 5 8 2 5 8 4 0 10 8 8 0 5 4 9 10 10 5 8 10 0 7 5 0 7 8 2 4 9 0 1 3 5 3 10 10 0 8 8 1 5 1 9 2 8 0 4 6 4 7 0 10 4 7 10 6 2 10 4 5 3 9 0 3 6 10 8 2 3 9 7 2
4 10 5 7 4 8 3 7 10 2 2 10 6 10 9 6 9 3 3 7 2 5 8 9 5 7 10 7 4 6 5 7 9 9 10 10 10 7 10 3 4 1 8 6 9 5 0 2 2 2 7 6 9 7 8 7 9 9 8 0 8 7 1 1 6 10 1 9 5 7 3 4 8 0 8 5 8 10 0 10 2 6 1 1 0 4 10 10 10 10 2 8 2 7 9 3 7 9 9 7 4 10 0 2 8 8 1 2 8 5 9 1 9 1 10 8 4 9 5 0 10 3 5 3 4 2 4 4 9 4 1 3 3 5 5 5 7 2 10 0 3 8 4 10 0 7 2 10 7 4 5 2 8 5 9 0 0 2 1 1 3 7 0 8 4 1 8 5 4 6 4 3 7 1 3 4 8 2 9 0 0 5 1 5 3 4 1 1 0 6 2 2 4 8 7 1 7 1 0 8
4 2 0 10 9 5 5 7 3 8 9 5 3 3 7 4 2 1 0 10 3 10 6 8 4 2 3 0 6 9 7 1 0 8 7 5 8 8 3 8 5 2 7 2 3 1 4 10 8 8 9 7 5 3 0 2 10 6 0 7 9 10 10 2 5 5 1 6 6 0 7 1 4 7 1 0 2 10 0 3 0 2 5 1 6 7 9 10 0 5 10 10 10 6 6 9 2 8 8 8 1 5 3 4 6 0 3 6 7 7 1 0 10 4 0 3 8 0 0 10 7 9 7 4 6 1 0 0 0 10 10 2 7 4 4 5 1 0 9 5 0 6 8 5 3 3 7 6 5 3 4 2 9 3 4 2 0 6 9 10 10 6 5 5 5 9 0 6 2 5 2 8 7 3 5 8 3 8 4 2 0 9 7 9 0 5 7 0 6 8 4 6 0 6 9 0 4 7 3 4
10 7 1 10 1 9 10 6 6 8 5 6 0 0 8 2 8 9 7 1 10 7 5 3 9 7 1 5 10 1 6 8 3 5 4 0 3 6 3 10 4 6 3 7 6 9 6 10 1 8 9 3 1 0 2 7 4 3 6 8 4 8 1 6 3 0 1 0 6 7 4 9 7 1 2 10 3 0 0 8 1 0 9 6 10 2 4 8 6 2 7 9 3 2 6 3 0 10 10 10 0 0 9 5 1 10 6 1 3 2 9 5 7 4 4 0 3 4 4 6 10 0 4 9 2 9 5 6 7 3 4 9 2 0 7 4 5 3 2 9 3 6 8 1 4 4 10 5 10 5 0 5 9 10 1 10 0 0 5 10 8 6 0 8 7 2 4 8 1 4 0 8 9 5 8 4 6 0 0 2 1 0 3 3 3 0 5 9 6 9 0 9 5 9 6 3 10 5 8 10
4 3 9 3 9 0 0 2 7 1 9 2 5 8 7 3 9 6 8 8 10 0 8 3 7 9 2 8 6 8 8 9 7 4 10 10 10 10 2 1 8 10 5 10 5 7 10 10 3 5 8 10 6 1 1 10 10 0 0 9 2 8 2 10 6 5 8 4 1 2 8 0 3 5 2 5 8 3 6 0 2 2 0 5 2 10 9 5 10 5 8 0 0 0 10 8 8 5 4 1 6 1 3 8 4 10 3 6 9 9 7 5 2 4 7 4 2 3 3 1 0 10 5 6 0 7 5 0 4 4 6 7 3 9 2 5 7 1 6 4 3 2 6 2 2 10 9 6 7 7 1 3 3 0 8 10 6 3 3 1 1 0 0 6 9 3 10 1 4 8 3 3 9 10 9 10 7 8 0 1 2 2 0 3 2 3 9 3 5 4 4 9 8 5 9 4 3 5 7 5
1 5 0 9 6 3 6 3 4 10 3 3 9 10 8 1 2 3 5 4 5 5 2 1 4 3 6 8 1 9 6 1 0 5 2 10 7 7 10 8 6 6 8 9 9 8 0 5 4 10 4 3 1 8 7 2 6 2 6 5 7 4 9 4 2 4 9 0 6 7 9 3 10 0 1 4 8 10 2 0 2 7 2 1 9 2 3 10 6 4 1 6 1 8 1 1 2 0 7 4 8 7 10 5 4 3 3 9 5 7 6 4 6 4 10 9 7 1 6 1 1 4 7 0 8 10 10 9 4 5 7 0 2 8 3 3 2 8 2 6 10 3 6 1 10 8 4 1 8 5 5 1 2 7 0 4 0 7 2 10 1 6 0 9 3 1 9 7 5 7 4 2 9 2 0 4 1 9 0 7 3 8 10 0 3 6 1 0 6 0 10 0 5 8 9 1 8 0 1 3
4 5 6 5 8 0 10 9 4 4 5 3 9 5 2 3 1 2 3 0 7 1 9 8 8 8 4 6 5 5 3 0 2 0 1 1 5 10 0 1 1 6 9 10 1 3 6 10 4 8 3 4 1 5 4 8 5 1 9 3 2 9 3 0 6 4 10 4 1 5 3 5 4 1 1 0 5 10 4 7 2 0 9 8 9 2 1 1 5 4 3 3 6 10 7 1 9 2 6 6 8 2 5 2 9 6 7 6 2 1 3 1 2 9 2 10 1 5 0 5 4 7 7 9 4 9 0 10 1 9 2 1 8 9 5 6 1 1 6 0 7 1 1 9 1 9 4 0 3 4 9 2 6 1 3 3 1 8 5 7 5 10 5 8 9 0 2 0 3 7 5 10 0 9 6 9 3 6 8 4 5 0 10 5 0 4 10 4 7 1 3 8 3 9 7 7 2 0 0 10
4 10 1 0 2 3 0 10 0 10 0 3 3 9 5 0 3 8 3 3 7 6 6 10 4 8 6 8 7 8 6 6 9 8 3 9 8 4 9 0 9 3 3 10 8 0 6 8 1 10 2 5 7 6 3 1 4 9 9 0 5 8 1 6 2 10 0 5 1 0 0 1 5 3 5 8 5 8 6 10 3 5 10 5 8 9 6 4 7 6 0 7 3 2 2 2 3 10 1 1 5 8 3 5 0 9 7 8 8 5 2 5 10 2 2 9 7 5 10 4 7 1 0 3 8 5 2 0 5 5 5 3 7 1 6 4 3 5 8 2 0 8 5 5 7 6 3 6 2 5 3 3 1 6 6 2 9 2 6 5 9 0 6 4 7 0 6 3 5 9 0 3 7 5 2 9 1 9 0 1 4 9 6 5 4 0 9 4 3 9 9 6 2 1 9 4 2 5 9 1
9 8 0 0 7 7 0 4 0 3 3 5 7 5 5 2 8 3 8 2 9 2 6 6 0 0 8 4 3 6 3 8 6 1 6 10 5 0 0 6 0 2 10 3 0 10 6 10 8 7 9 6 0 4 3 9 8 8 0 6 7 4 4 4 3 10 3 4 8 10 5 10 4 5 7 8 6 5 1 6 1 10 8 0 4 5 3 9 2 3 4 10 10 9 6 5 8 7 2 7 7 0 7 9 6 5 1 3 3 10 10 6 10 1 6 5 2 6 0 6 5 3 6 8 4 9 4 8 10 2 8 2 3 9 2 4 0 2 10 1 6 4 4 8 10 3 5 2 3 7 1 5 8 1 8 1 9 9 0 7 7 4 9 1 5 3 3 10 6 5 6 7 7 4 3 4 3 9 6 0 0 6 10 6 10 2 0 5 7 8 10 9 10 2 7 8 10 2 6 1
4 8 8 1 0 2 2 9 3 2 3 7 0 4 10 1 1 8 1 10 10 2 1 7 9 8 0 7 5 2 1 6 3 7 3 7 7 8 0 2 9 8 5 3 1 0 8 3 1 3 5 1 5 8 1 4 0 6 4 9 3 1 3 5 3 1 0 3 4 9 4 3 5 5 2 1 3 2 1 10 7 1 9 7 4 5 1 7 10 0 6 0 4 7 0 4 9 0 6 8 8 4 8 2 6 7 9 5 4 5 5 4 0 9 9 6 5 6 4 1 0 6 8 1 0 7 2 10 7 7 4 6 6 1 5 3 7 8 8 7 4 6 4 7 10 0 5 3 8 10 4 10 7 10 10 8 2 2 1 4 0 2 6 3 3 0 4 5 2 7 8 5 10 1 9 0 6 6 2 2 9 0 10 5 2 4 9 0 5 0 0 3 10 8 0 9 2 7 4 0
9 4 8 4 0 1 8 7 0 10 3 0 5 9 1 1 8 10 2 1 4 5 5 4 4 0 5 8 4 10 10 9 8 6 1 1 0 5 9 4 8 9 1 9 2 2 5 2 8 2 9 10 9 8 6 0 0 3 10 7 0 9 2 10 3 1 5 10 0 0 10 2 2 1 1 5 4 10 10 3 0 3 5 0 9 7 9 6 2 0 3 3 9 8 2 10 3 1 10 6 5 1 5 0 2 10 3 1 9 5 10 3 4 4 0 1 1 3 5 3 7 5 10 6 5 3 9 5 5 9 5 7 6 9 4 9 8 9 2 8 9 8 2 10 0 7 7 8 4 5 1 7 6 1 8 10 6 7 0 6 8 6 2 3 5 4 2 6 10 8 9 2 2 3 4 4 4 5 6 7 3 1 1 5 5 1 8 3 0 4 4 10 4 1 5 7 4 2 9 0
7 8 4 9 1 1 9 9 8 5 8 2 9 1 10 5 7 1 8 8 7 1 6 10 3 3 6 0 7 6 5 5 9 10 6 7 4 7 8 1 9 5 8 8 9 1 1 7 4 8 2 8 6 0 10 10 1 1 0 9 3 1 1 1 7 10 10 9 2 10 8 6 1 9 5 10 8 4 1 8 3 8 9 0 2 8 3 6 5 7 8 6 8 3 0 8 4 4 3 2 1 6 3 2 7 7 10 2 7 8 9 5 7 3 6 10 7 2 4 3 6 7 0 9 5 7 9 8 1 5 3 4 4 3 10 4 6 0 3 4 0 0 10 1 6 2 9 6 7 1 0 7 5 0 8 6 2 1 0 4 3 4 3 4 2 8 0 5 3 5 4 1 4 9 3 8 1 4 5 5 6 6 8 4 0 0 10 6 1 0 9 0 3 8 10 2 2 4 2 1
0 5 1 3 5 9 6 4 7 4 4 8 3 6 0 4 1 7 2 4 6 2 8 1 8 1 1 4 10 3 9 5 4 9 1 10 2 2 6 0 10 0 7 6 4 7 8 4 9 3 5 1 7 0 4 9 7 8 4 5 7 4 9 7 4 5 1 1 6 0 10 5 3 8 8 1 9 2 5 6 5 3 2 0 0 0 6 5 4 9 5 9 7 5 9 8 7 7 1 7 7 4 7 10 0 5 6 1 1 8 1 2 10 9 0 9 10 6 4 4 1 0 6 1 3 2 9 2 2 10 3 6 7 6 5 2 10 4 4 7 4 2 4 3 6 7 10 6 6 0 2 8 5 1 0 5 0 0 3 4 8 8 4 5 0 1 2 5 7 10 7 7 5 3 6 8 3 5 1 8 4 4 2 10 8 10 7 7 5 1 0 6 4 5 3 5 3 2 3 2
7 0 5 7 0 5 6 3 6 10 3 3 3 9 8 1 10 8 9 6 8 3 1 10 4 5 6 8 7 8 5 10 8 8 0 5 6 7 2 6 10 3 5 7 10 6 10 10 3 9 2 3 3 1 9 6 8 10 0 0 2 2 5 4 6 1 6 8 2 3 10 4 4 5 5 3 4 2 0 1 9 2 7 5 5 7 3 5 3 1 2 2 9 3 7 10 1 10 4 5 6 8 8 8 0 7 8 2 0 6 2 2 9 4 10 5 6 1 7 3 6 6 9 7 0 10 6 2 2 6 10 1 5 5 7 3 7 8 5 1 10 5 6 3 3 6 4 7 10 3 5 8 3 6 0 2 5 9 0 10 7 1 10 2 8 0 9 6 1 3 8 6 3 10 2 9 6 7 2 10 6 5 4 4 8 10 9 8 7 3 10 0 9 4 2 3 9 0 1 1
0 1 7 8 3 0 0 5 7 2 1 9 5 9 8 2 4 8 1 10 10 1 3 7 1 10 10 0 2 10 5 9 0 6 3 1 3 4 8 10 7 7 8 2 9 9 4 0 10 7 1 9 3 6 0 3 2 2 2 6 2 1 9 5 4 10 8 6 1 0 5 3 5 6 2 10 8 7 9 5 2 10 7 6 10 3 8 8 2 8 4 6 10 2 3 8 2 3 7 3 3 2 6 7 6 1 9 6 7 5 6 6 10 9 9 1 4 9 8 8 9 5 4 7 5 8 8 6 3 10 9 4 2 8 4 1 5 10 3 2 0 3 2 7 8 1 5 9 3 7 8 4 2 9 10 10 10 4 4 10 2 8 3 2 1 8 3 1 2 1 0 8 10 0 3 4 5 10 1 2 10 0 0 0 8 6 1 6 1 5 6 2 0 5 1 7 4 9 7 2
5 10 5 0 7 2 10 8 0 1 7 6 1 8 4 6 1 10 10 8 1 6 6 3 2 2 9 1 0 6 9 8 8 5 8 7 4 9 8 3 9 2 6 5 6 3 1 10 2 0 10 1 1 1 1 2 3 9 3 8 0 7 7 7 5 7 8 2 0 5 5 10 10 7 10 1 6 0 4 10 8 5 7 2 4 8 7 8 9 3 0 1 8 2 3 9 5 0 3 6 0 7 0 9 6 6 10 1 8 3 6 6 2 10 0 7 2 10 4 5 8 3 5 0 8 0 2 3 6 10 0 10 1 10 3 0 3 4 0 0 6 0 10 0 7 5 0 6 9 5 6 2 10 6 2 3 8 9 3 2 4 9 7 2 2 2 1 7 1 0 1 6 10 2 5 1 2 9 6 6 9 6 9 5 5 7 5 3 8 5 0 7 10 0 7 8 1 5 9 2
1 9 8 6 6 0 6 7 4 10 2 6 0 9 8 3 4 7 10 9 7 8 1 5 9 3 5 1 6 3 4 4 0 9 0 2 0 0 10 4 10 7 4 7 10 10 7 3 9 3 8 4 9 4 3 6 3 2 0 1 4 3 1 4 6 4 9 4 7 5 5 10 4 10 4 0 9 2 7 10 8 0 0 9 1 2 9 9 3 7 0 6 10 1 1 1 7 4 2 0 10 2 7 3 1 10 3 2 8 2 1 6 6 1 6 0 10 0 1 10 6 2 10 8 0 10 1 0 8 6 1 3 7 10 7 5 6 7 0 1 5 5 10 2 3 5 3 5 5 10 5 1 7 4 0 4 2 10 2 8 8 1 10 10 5 0 5 7 9 8 3 4 2 10 5 1 5 9 7 4 9 1 1 3 4 8 5 9 6 6 8 1 6 2 0 4 1 4 10 7
7 3 5 9 9 10 5 1 3 2 7 4 0 1 3 1 5 5 6 4 5 9 5 5 5 2 8 9 8 1 10 4 6 1 1 10 10 2 6 9 9 5 3 4 3 5 9 1 6 0 8 7 8 3 7 5 6 6 0 3 7 0 2 8 2 1 5 0 6 9 8 8 9 6 2 0 6 5 0 1 5 10 1 10 1 8 2 1 9 1 5 0 7 1 7 5 6 5 0 1 0 8 5 6 4 2 4 1 9 5 9 3 3 3 10 7 9 8 3 1 9 9 10 9 8 7 4 4 3 3 10 2 4 2 10 1 2 5 0 6 4 1 7 4 5 4 4 4 3 3 7 7 10 3 2 5 6 10 1 9 6 9 3 2 6 9 2 8 6 0 10 0 8 8 0 3 1 5 2 3 6 1 0 1 7 8 5 5 0 7 6 6 10 4 10 0 7 7 5 7
0 1 10 1 10 6 5 9 4 10 0 0 5 2 5 4 2 3 0 0 1 8 9 4 6 2 6 10 1 7 9 10 10 9 4 0 8 3 8 2 4 7 5 3 10 2 1 9 3 3 5 6 0 6 6 0 0 0 8 7 10 5 7 9 8 5 4 8 5 2 9 1 1 0 4 7 2 10 6 10 6 1 0 8 0 0 2 6 8 4 7 0 4 1 3 4 0 1 4 3 3 9 4 3 0 8 5 0 2 2 9 3 0 8 4 9 2 10 10 8 8 8 10 4 3 3 5 8 10 4 7 2 0 7 10 3 10 5 5 9 3 6 6 8 8 9 5 7 3 7 3 3 4 9 5 2 8 1 6 6 7 0 7 9 4 10 3 0 9 8 4 2 7 9 10 4 3 4 5 1 10 2 6 4 3 1 1 4 4 1 7 5 10 8 1 2 0 0 9 0
6 10 3 10 0 5 2 9 6 4 6 2 6 6 6 6 10 7 3 10 9 8 5 6 4 9 4 5 2 1 0 2 5 2 6 4 9 9 7 6 6 3 8 2 1 7 7 8 7 9 10 1 8 3 6 0 3 7 6 7 3 1 3 8 0 5 3 9 0 5 1 3 6 7 0 5 7 2 10 3 1 5 6 7 4 3 3 3 7 0 8 3 8 1 4 8 2 4 7 5 4 1 7 4 2 2 5 6 7 2 9 5 2 8 6 0 7 9 3 6 2 0 8 6 4 9 10 4 9 6 5 6 10 3 3 2 8 2 3 0 7 9 6 8 1 2 4 5 1 8 5 8 4 2 0 3 10 4 6 0 3 2 10 8 1 3 7 6 5 2 3 2 4 4 9 0 0 4 7 6 2 1 1 6 5 1 2 8 8 1 1 7 9 6 6 4 10 0 5 9
9 3 2 8 0 9 8 8 4 6 6 6 8 9 2 2 2 7 10 8 1 10 6 10 1 4 7 7 2 4 9 6 8 7 3 6 0 3 10 10 1 6 2 6 9 9 7 10 3 2 1 0 7 2 0 9 8 7 5 7 9 1 1 9 2 10 1 7 3 0 6 4 6 9 10 9 4 7 9 1 4 10 2 8 8 2 9 0 3 7 6 9 0 4 2 2 2 2 8 10 6 8 6 7 2 8 1 0 6 6 9 2 2 8 7 0 1 3 8 3 4 8 9 5 9 4 7 6 5 0 4 5 0 4 7 8 6 5 2 1 1 3 8 7 6 5 7 5 0 3 7 1 10 6 2 9 1 7 10 6 4 1 5 10 9 0 10 0 0 10 10 3 0 7 2 9 4 10 1 4 5 9 4 8 8 7 5 1 0 10 3 0 9 3 4 3 0 7 0 8
6 9 10 6 0 6 10 2 5 6 1 1 0 0 5 3 8 0 2 2 6 8 3 9 3 5 10 0 4 2 2 8 6 1 4 7 2 9 2 1 5 2 2 2 7 7 2 10 6 6 3 9 2 6 8 5 3 4 2 3 10 6 2 0 2 3 8 10 3 2 3 2 7 5 10 2 9 2 0 3 2 10 3 7 3 7 9 0 4 2 7 2 6 8 8 10 5 2 5 8 1 2 6 10 0 9 5 3 4 10 3 7 4 2 10 10 10 9 0 2 5 4 3 9 2 3 8 3 4 0 2 7 8 2 5 3 2 4 4 10 7 10 6 10 1 8 10 6 1 3 3 4 8 8 10 2 4 0 9 0 2 6 0 5 5 8 9 1 0 9 2 0 10 3 5 6 10 0 5 1 10 0 7 0 9 10 0 2 8 6 5 7 5 6 0 5 1 7 2 0
