100
311 0
193 1674
131 1030
246 5507
207 2991
169 6867
291 1005
169 4508
229 5464
148 7677
305 4978
204 6096
253 6929
453 131
284 54
283 6748
161 6813
199 7067
326 4162
279 4892
201 4937
265 4623
160 5786
232 6515
401 4363
360 5799
67 6092
230 2429
292 2976
415 7989
86 4107
449 19
118 7422
433 2882
296 5353
359 6407
435 810
266 1965
358 3580
193 888
163 4427
287 1231
128 4020
329 7327
408 1731
352 5779
384 2710
406 3380
345 6845
389 2893
115 4362
133 7737
195 3436
62 3401
421 2457
153 2109
167 379
249 1491
390 6297
179 2120
419 4538
375 1852
69 3987
140 7461
103 1253
341 4806
283 6194
399 5462
61 1621
92 3955
154 2038
435 5500
436 5802
433 7334
296 472
63 1454
281 5961
190 3597
338 6135
366 3663
351 1643
89 3219
464 6423
451 5855
185 7003
352 6243
147 1193
286 6191
266 163
151 31
440 7954
422 1218
313 1275
320 1304
443 7567
159 1427
307 3780
153 6746
265 859
462 4492
0 42 6 41 42 45 34 40 41 56 32 45 11 10 39 24 43 50 8 9 33 12 60 16 30 9 45 31 33 14 35 38 60 48 49 41 18 21 43 36 44 52 39 20 60 19 57 16 26 58 51 57 6 30 51 14 59 46 30 41 39 50 14 32 41 28 51 59 31 7 5 7 59 33 5 46 53 16 23 53 41 16 6 56 45 59 44 60 7 60 55 13 50 12 7 36 60 20 31 44
46 0 49 14 40 42 33 45 12 32 5 32 60 54 32 51 30 8 31 43 46 38 47 56 53 31 13 15 39 57 59 39 52 14 10 46 56 49 5 54 6 36 31 42 51 40 12 35 54 51 40 7 60 6 50 43 14 33 15 8 56 7 30 8 49 56 8 51 41 58 43 40 33 49 51 11 42 60 51 43 10 56 54 44 58 7 50 44 56 58 48 60 57 43 42 6 10 55 14 45
14 41 0 37 34 55 37 37 60 35 48 56 10 7 30 19 46 53 11 10 42 6 49 22 18 11 59 49 36 8 60 50 58 59 55 45 15 27 39 30 49 37 38 22 54 26 40 21 20 42 40 54 6 38 35 14 57 44 48 53 36 56 5 42 41 16 52 43 55 14 12 11 53 43 13 47 46 21 23 46 36 17 13 50 48 33 59 39 9 53 32 10 44 12 10 30 30 22 49 43
59 13 45 0 56 33 40 46 15 38 13 52 40 59 30 38 59 15 58 40 49 48 32 56 52 51 6 5 34 51 32 35 31 9 10 46 56 35 9 38 14 32 31 60 48 32 5 60 40 55 39 10 57 9 37 51 9 48 15 5 45 12 57 12 32 40 12 43 54 50 54 35 39 54 45 5 40 39 55 55 9 51 36 36 37 5 43 52 36 53 50 44 50 56 51 15 13 57 9 41
55 31 50 47 0 15 10 24 56 9 38 16 47 47 29 48 26 42 39 59 9 47 10 31 35 45 54 35 14 34 20 19 17 52 40 7 52 52 56 30 47 18 24 36 16 43 31 43 42 27 22 45 57 30 27 43 54 17 50 35 15 55 33 32 20 39 41 19 8 38 36 39 25 13 57 33 29 42 33 16 43 35 30 9 21 49 26 23 39 14 13 46 15 47 58 60 42 54 45 30
47 31 47 60 10 0 10 30 46 7 42 26 49 41 23 56 21 50 47 35 14 48 13 49 46 39 40 58 15 46 28 16 28 45 37 12 30 44 34 21 48 16 24 56 21 32 57 58 60 16 25 55 39 55 23 57 47 17 59 30 24 45 30 59 17 31 54 29 8 45 44 51 23 15 58 55 21 51 51 29 35 41 30 5 27 51 16 15 46 13 15 34 14 35 60 45 34 38 38 19
57 57 50 58 14 11 0 25 50 8 38 20 39 35 23 31 24 46 46 30 8 32 10 45 30 34 46 45 14 50 18 15 19 49 43 6 40 32 45 17 30 18 24 33 28 52 33 39 43 16 27 43 34 36 27 42 30 16 47 52 21 58 36 37 25 55 48 18 15 50 58 34 15 8 48 59 18 55 30 20 35 41 34 13 21 38 30 29 59 13 12 40 6 57 55 37 30 56 45 18
48 31 50 36 17 24 22 0 39 24 47 6 38 56 11 33 10 44 37 37 30 40 30 32 32 58 60 38 29 43 15 14 10 59 57 22 54 30 60 6 50 8 11 49 13 51 42 58 39 7 9 60 43 60 15 47 58 8 38 40 11 43 30 55 10 31 30 7 18 51 39 58 13 28 45 49 15 42 54 6 54 36 34 28 14 59 13 6 41 15 19 56 21 59 50 48 32 48 52 8
58 10 35 11 32 56 32 58 0 52 12 54 36 54 57 42 41 11 35 52 49 45 32 51 47 32 12 15 37 52 58 32 47 8 12 49 40 35 11 56 11 47 34 31 36 34 8 58 37 53 52 5 33 9 40 38 6 39 7 8 38 5 52 12 60 54 10 47 33 49 33 53 49 45 44 12 45 33 54 40 15 32 50 36 59 5 39 47 32 55 44 32 53 55 49 12 15 42 11 52
48 35 58 39 14 12 14 16 47 0 45 19 53 52 22 50 20 48 54 30 9 34 15 44 56 48 47 58 12 47 24 30 23 38 35 6 40 32 31 25 55 18 28 43 18 31 41 32 36 19 20 31 59 31 25 45 43 20 45 51 23 33 55 52 17 60 55 24 12 59 31 31 24 10 56 55 24 33 45 25 50 46 45 10 26 48 16 19 43 13 11 51 10 60 33 31 39 51 59 24
46 10 30 7 38 56 34 50 5 30 0 42 54 55 34 49 40 11 46 33 37 48 54 55 42 37 6 10 31 50 51 43 46 11 6 53 48 36 15 60 6 50 52 50 42 50 9 58 38 43 37 11 49 15 42 59 11 40 5 10 41 7 46 14 35 58 7 49 40 40 36 52 51 55 48 6 30 55 30 58 10 42 51 51 36 10 58 54 42 30 49 42 59 34 49 15 11 58 15 32
33 45 30 48 17 26 26 9 33 16 47 0 37 46 10 50 10 41 32 43 19 33 19 59 50 36 48 34 16 43 6 12 5 32 49 26 42 37 54 13 55 13 8 59 7 31 38 37 35 11 8 50 37 54 5 42 43 13 35 52 13 60 34 52 6 49 47 13 29 36 43 60 7 23 58 54 8 30 34 11 54 39 37 27 9 37 7 10 54 24 22 45 25 52 59 59 44 46 44 12
14 36 8 46 55 50 54 54 39 43 59 59 0 14 41 30 51 41 12 14 55 9 43 27 26 11 50 57 31 6 55 39 59 57 58 56 26 29 55 45 31 37 30 20 41 23 58 20 26 52 43 44 15 60 41 6 41 54 45 49 58 50 14 34 55 27 46 47 40 6 6 11 32 45 13 49 51 16 28 47 38 20 6 42 37 48 37 45 7 38 48 14 51 13 13 37 58 24 59 50
10 37 11 34 58 47 33 39 35 38 59 43 6 0 30 19 49 57 14 11 50 13 40 29 29 11 42 32 54 14 44 41 46 35 54 36 18 17 58 47 34 45 33 21 60 30 42 29 27 57 37 48 12 34 46 5 35 52 42 53 48 60 15 33 46 30 37 49 42 15 13 7 48 46 15 58 44 19 24 36 45 20 6 34 39 51 49 54 5 40 34 7 33 14 8 44 40 21 58 52
52 35 47 47 22 26 30 11 46 26 34 15 42 43 0 38 13 39 33 46 15 39 19 48 35 55 30 37 24 55 5 13 14 51 34 26 58 30 44 12 57 9 14 45 13 38 54 52 57 11 8 57 50 60 11 50 42 5 44 60 5 53 40 32 12 40 48 13 26 38 54 60 15 23 30 50 8 59 37 12 31 37 40 21 9 34 7 11 52 26 19 54 29 43 57 60 38 45 41 10
27 56 25 30 34 51 46 41 36 43 48 56 20 20 54 0 37 33 29 20 57 20 36 5 15 15 38 55 54 18 50 39 40 36 44 50 12 14 38 60 42 58 36 15 30 8 46 5 13 49 36 56 26 52 54 19 45 33 44 49 55 49 17 37 35 5 49 54 43 29 25 29 43 52 26 36 37 12 7 46 48 11 30 35 60 49 46 59 19 35 54 15 57 27 16 46 46 5 54 58
52 57 49 51 19 24 30 8 37 19 54 12 33 49 5 48 0 34 40 34 30 37 27 47 51 54 55 51 16 45 5 15 12 47 54 28 45 51 58 11 60 13 7 51 13 59 56 39 32 13 11 34 51 39 13 54 44 11 51 42 15 33 37 35 13 45 33 11 15 40 56 31 7 21 32 57 11 59 32 5 58 41 42 15 5 33 12 6 30 26 23 58 16 60 49 53 41 37 32 11
47 5 32 8 41 50 53 52 8 51 12 49 34 48 49 54 37 0 36 36 46 37 45 38 58 51 15 12 45 54 41 58 36 11 10 45 58 44 14 35 6 42 54 43 35 40 12 60 40 39 57 12 47 6 54 57 14 49 8 11 30 11 44 10 31 60 13 55 51 53 38 58 52 38 43 9 41 60 30 34 13 43 37 39 44 5 39 45 41 45 44 39 50 41 48 11 13 32 15 46
11 40 9 49 52 42 58 38 40 48 52 55 12 5 30 17 30 34 0 7 57 9 35 23 27 15 55 50 39 15 52 39 39 41 41 47 22 26 42 58 45 55 32 22 45 24 39 22 29 59 39 60 14 54 43 10 44 32 37 51 48 30 13 55 48 27 41 44 59 14 6 5 52 48 6 60 35 16 22 60 49 28 13 54 43 41 34 49 5 41 47 9 59 14 6 30 40 23 53 41
15 44 8 58 55 54 38 58 54 50 33 56 10 12 55 29 40 37 15 0 31 11 35 23 27 15 31 43 43 12 36 58 40 49 38 32 15 18 32 53 40 59 40 21 53 29 51 24 17 42 48 37 8 44 39 14 35 52 38 54 52 49 14 58 44 24 54 30 52 13 10 12 34 47 14 44 48 25 18 54 46 20 11 58 44 53 32 58 6 39 35 14 36 5 9 48 57 19 42 47
34 39 60 33 5 13 15 29 42 9 32 24 39 50 25 46 22 33 50 53 0 30 5 41 52 53 30 31 6 39 19 23 18 58 54 12 41 32 42 29 31 26 19 60 19 57 47 45 60 21 15 31 40 33 16 31 54 22 45 57 28 39 47 43 19 52 51 16 15 60 37 38 21 5 52 44 19 49 50 18 38 55 46 14 29 39 21 21 50 14 8 35 15 34 30 40 30 33 51 16
15 41 13 52 42 38 43 35 59 32 55 41 14 12 58 15 40 49 6 12 39 0 60 29 26 9 57 60 49 15 49 55 50 45 47 34 30 19 30 32 44 40 35 17 55 28 54 20 27 51 31 37 11 53 51 15 46 41 56 56 42 59 7 38 37 27 43 32 49 8 13 13 37 58 5 33 56 18 23 35 55 23 8 30 59 36 38 30 7 36 58 15 47 12 9 58 38 18 39 40
49 45 30 30 15 12 9 18 57 10 54 30 32 60 24 45 30 43 31 37 15 34 0 40 39 45 38 45 5 49 17 21 29 43 32 11 45 43 41 27 32 19 21 36 21 49 46 51 37 19 16 31 37 50 30 38 42 25 45 40 25 34 48 34 24 60 54 25 15 59 58 57 19 5 44 49 27 44 48 30 58 46 33 11 22 33 20 26 43 5 14 59 8 38 41 53 49 38 57 23
21 46 25 44 51 49 52 31 56 35 58 33 17 24 60 5 40 45 26 20 30 19 36 0 11 17 55 40 48 24 44 60 52 51 51 55 13 14 32 58 45 55 33 11 41 9 38 14 14 41 59 56 21 42 59 19 39 40 40 50 40 42 16 50 42 9 30 43 56 17 30 23 58 43 29 49 32 13 13 31 58 10 25 48 55 40 46 40 27 48 47 29 30 29 17 48 44 7 50 42
22 43 26 56 47 56 51 32 41 46 35 33 19 22 60 12 48 53 16 29 31 15 35 13 0 30 60 47 53 19 38 60 39 36 56 48 6 13 44 35 31 60 60 7 39 13 42 14 8 45 30 40 18 31 57 21 47 38 33 31 50 37 27 55 35 13 34 34 38 26 23 26 39 59 17 40 40 13 6 39 55 11 15 48 60 53 38 46 20 37 36 28 54 23 18 31 40 15 58 41
13 57 15 53 34 37 45 31 56 39 49 52 13 10 50 26 50 49 12 15 45 13 31 26 15 0 55 57 40 15 41 31 47 37 47 42 19 28 54 47 49 51 34 15 57 19 33 20 27 50 43 55 9 49 53 6 53 54 35 41 38 58 7 31 57 28 34 44 50 8 7 8 59 48 10 47 32 24 17 42 48 22 10 33 50 49 55 59 8 55 45 12 34 11 6 36 52 27 35 56
58 7 52 13 48 42 55 56 12 55 14 54 58 40 59 36 47 12 38 59 55 55 30 47 50 45 0 15 31 46 58 47 53 14 11 57 38 33 13 39 7 41 38 36 49 40 6 50 32 45 53 6 51 13 60 46 14 43 6 5 53 15 51 12 33 53 15 48 33 33 39 60 37 37 54 14 46 39 53 56 13 33 60 46 49 10 54 52 46 56 35 59 45 60 58 7 14 40 8 60
59 9 60 11 57 56 33 44 6 48 14 48 58 41 55 34 37 14 33 38 46 37 37 34 49 38 7 0 40 42 58 33 32 10 5 54 60 55 14 47 10 43 52 32 43 41 5 31 38 32 32 8 31 9 31 35 6 33 5 13 31 8 39 14 52 43 14 59 34 46 39 42 47 59 58 7 30 48 31 56 5 48 43 38 52 9 49 36 34 32 53 51 54 38 47 13 9 42 14 55
33 58 55 41 12 10 7 19 37 10 54 19 59 42 23 56 28 36 33 37 5 44 7 55 55 58 48 55 0 58 27 15 16 50 49 5 42 45 38 30 45 18 21 59 23 43 49 57 33 28 15 42 47 38 18 37 44 22 40 30 23 52 31 56 27 49 30 21 13 51 58 41 24 14 41 31 26 55 57 24 42 39 37 13 24 55 16 15 50 13 15 31 13 30 55 46 50 37 59 26
8 33 14 56 34 48 47 34 60 30 59 56 14 8 55 18 55 52 6 5 54 8 41 18 30 9 31 45 55 0 44 40 48 37 42 36 25 15 42 59 31 56 44 16 50 19 34 17 15 32 48 31 6 38 52 14 32 45 56 50 49 38 14 49 48 21 38 56 39 5 9 11 53 50 12 39 41 20 17 30 46 16 8 34 39 42 30 33 6 53 41 12 50 12 7 30 59 28 56 30
50 55 30 59 21 17 17 6 59 18 55 7 58 49 5 32 15 56 51 34 29 50 30 52 35 59 55 60 25 60 0 12 5 50 30 16 46 51 58 15 56 7 14 40 13 60 44 36 41 11 9 33 33 47 9 48 45 7 37 46 6 32 32 56 11 36 30 10 20 52 55 60 8 23 45 47 5 51 35 12 60 55 44 15 10 37 5 8 54 23 19 46 16 54 36 56 45 31 56 12
49 35 34 31 28 28 25 7 52 18 39 9 58 30 11 42 5 37 37 48 21 31 23 56 57 40 41 48 15 60 12 0 5 55 34 15 42 55 34 7 50 8 6 44 10 50 60 51 42 13 12 56 60 55 10 39 57 7 54 43 14 49 40 45 9 40 59 9 19 38 44 34 12 16 53 42 6 57 44 12 58 49 49 28 9 52 15 5 40 17 26 32 24 31 55 59 57 44 33 6
48 47 42 30 29 29 20 11 33 30 40 15 33 52 12 47 5 54 44 50 17 57 20 39 48 31 32 32 16 41 7 12 0 48 42 17 38 57 32 6 44 6 7 57 7 57 36 39 31 6 13 36 39 35 9 31 51 8 34 41 15 55 37 59 15 33 37 13 21 36 49 30 7 17 53 52 13 41 52 9 37 39 50 28 7 59 15 14 57 15 27 60 30 52 39 48 42 42 56 10
36 13 37 5 36 31 44 43 7 37 6 33 50 60 37 34 40 10 52 55 43 55 48 33 42 36 9 5 34 30 50 53 43 0 14 33 58 42 10 54 6 46 51 42 53 51 10 58 44 46 56 9 43 12 40 36 11 36 14 6 35 11 32 15 58 30 10 39 55 48 36 31 38 45 44 7 53 32 52 39 8 48 30 56 33 11 34 30 60 40 60 44 52 38 31 8 6 42 12 56
31 5 31 6 48 35 30 30 13 45 7 51 55 34 53 43 52 10 38 33 56 60 59 44 46 55 8 12 49 52 59 32 50 7 0 54 30 48 6 49 15 57 38 45 53 57 11 34 35 46 31 8 38 7 45 38 14 60 15 13 35 14 35 13 50 37 11 60 34 60 50 38 30 53 40 11 36 47 47 33 7 42 35 51 59 9 53 34 55 60 53 31 57 47 38 6 12 34 9 40
55 44 47 41 10 6 15 19 53 9 36 20 47 45 21 54 29 58 39 40 10 41 15 57 51 41 36 39 5 48 27 21 16 51 33 0 51 52 46 22 30 21 30 57 17 59 42 30 41 27 26 46 57 36 29 54 30 16 55 58 27 48 41 35 22 57 40 29 15 53 45 52 29 8 53 55 24 48 53 16 43 41 43 15 20 50 15 28 45 8 9 32 9 56 51 36 49 56 52 22
21 52 18 34 47 50 47 38 45 53 38 38 28 22 30 10 59 54 21 15 33 15 34 14 10 20 36 48 43 22 39 51 46 35 38 42 0 15 45 33 56 43 41 13 47 6 40 7 11 33 36 51 21 40 46 22 33 53 59 45 44 53 16 38 52 15 50 42 48 18 27 16 53 35 24 50 56 14 9 52 30 6 25 42 52 48 50 45 16 50 46 18 54 29 28 39 38 15 60 45
25 56 28 53 33 34 51 56 49 30 51 60 23 15 54 7 31 43 16 23 39 16 34 9 10 19 36 48 56 24 35 48 34 42 43 32 6 0 58 33 40 46 45 5 60 14 43 7 12 39 53 47 17 41 40 22 47 42 57 45 48 32 20 52 60 10 44 46 43 30 18 27 46 49 29 60 31 13 9 40 41 11 27 56 58 56 58 44 27 43 33 26 54 27 24 57 33 9 49 36
41 5 47 11 36 52 35 30 11 52 12 33 60 54 51 32 50 9 50 48 52 53 58 36 57 60 5 9 49 40 47 49 37 7 11 53 59 50 0 46 11 55 52 57 58 34 12 52 33 50 36 5 59 10 33 35 9 58 14 14 46 12 30 13 32 51 6 41 42 37 52 58 37 31 33 9 32 35 59 47 9 37 39 60 50 10 37 56 51 41 44 40 30 48 50 8 13 51 11 32
34 31 56 58 20 27 19 7 40 17 47 6 38 52 5 48 8 60 59 39 16 59 17 45 52 36 43 31 22 45 11 5 13 54 44 27 43 30 34 0 59 13 6 39 12 60 44 46 50 7 5 41 58 52 13 51 58 7 60 56 12 52 33 52 13 53 40 5 16 48 60 36 8 18 30 30 15 38 42 9 32 41 38 30 9 58 14 7 44 25 28 60 26 43 31 37 58 33 45 13
44 6 58 13 43 54 43 36 6 44 6 49 56 31 32 34 30 9 39 48 40 56 35 41 31 40 15 8 40 54 31 32 48 10 8 53 41 58 9 52 0 40 60 50 55 45 6 32 57 39 40 5 34 5 51 37 8 47 7 5 33 14 51 6 54 51 14 36 44 37 49 38 36 58 54 13 60 52 30 54 6 34 31 53 52 10 33 38 48 39 50 41 37 42 36 7 8 49 12 44
48 36 30 34 18 18 16 5 37 30 47 10 38 55 5 44 12 41 50 45 29 43 29 35 37 53 59 41 21 48 6 7 13 42 41 22 39 38 41 13 32 0 15 37 11 52 38 48 35 13 5 58 46 46 15 51 47 6 32 50 11 49 52 50 5 40 30 14 20 49 31 45 9 17 32 49 13 34 55 5 36 38 44 28 8 38 12 10 49 16 16 33 24 51 40 44 51 54 60 15
31 40 47 31 16 22 25 11 56 30 32 15 34 53 11 53 7 32 42 37 16 44 30 52 57 60 31 43 24 40 13 7 6 50 31 23 45 42 60 6 57 11 0 58 15 30 45 52 36 8 9 56 39 53 10 43 34 6 46 50 5 60 37 41 15 53 55 9 29 51 58 56 14 15 38 38 8 38 60 7 31 57 38 29 13 36 11 12 45 17 15 50 30 39 34 37 52 45 40 15
25 38 30 44 54 38 59 51 47 45 31 58 27 23 50 11 49 60 19 18 53 19 36 14 8 30 41 31 49 26 55 41 43 32 51 51 9 10 31 39 35 53 41 0 40 9 35 11 9 48 41 55 25 34 45 16 40 53 58 42 50 42 21 52 58 7 55 57 34 18 17 29 51 33 22 44 40 10 10 59 55 12 21 44 31 34 53 50 24 42 50 17 42 15 28 35 37 7 50 37
44 56 35 60 23 23 30 7 32 24 47 15 33 52 12 46 13 53 43 52 30 39 18 49 37 52 53 50 30 45 8 6 11 33 31 28 36 37 49 11 59 7 10 45 0 31 50 33 57 10 12 54 32 41 5 54 49 6 53 54 10 42 46 42 12 60 56 6 25 55 47 50 11 23 39 59 13 49 35 15 52 45 37 29 15 39 11 11 52 17 24 60 16 49 42 34 32 31 42 14
18 45 18 51 43 50 56 41 32 36 38 40 28 23 40 6 47 34 20 26 32 26 36 7 12 21 30 54 41 27 48 58 38 31 49 44 9 8 39 49 31 45 56 11 30 0 48 15 6 36 37 53 15 57 36 16 31 47 55 49 38 53 17 41 36 11 40 51 46 22 28 16 50 40 26 47 52 9 6 57 34 15 15 33 60 34 52 40 19 50 52 22 47 28 21 50 32 10 32 58
49 12 52 8 38 60 58 60 6 56 11 57 52 43 40 45 36 11 56 60 60 53 50 43 49 54 14 15 41 56 45 56 31 8 8 47 56 40 13 60 7 33 40 30 52 39 0 57 36 45 52 11 56 6 55 30 7 53 11 6 53 9 48 5 56 43 11 30 52 45 58 49 50 39 48 7 53 50 47 57 6 32 42 59 33 12 59 46 31 53 30 39 55 51 55 7 8 30 6 49
19 57 30 41 38 57 43 52 54 50 44 39 20 22 43 11 52 42 17 30 58 28 40 9 7 25 57 35 59 22 57 40 32 49 52 58 5 15 46 50 50 39 37 11 59 11 50 0 7 54 37 54 22 60 49 16 34 34 46 55 36 45 24 53 30 14 58 55 39 28 22 24 34 49 27 44 34 13 10 52 34 8 15 45 57 39 55 48 28 40 35 28 40 17 18 52 59 15 54 54
20 52 30 60 54 35 40 37 54 36 55 42 24 30 53 9 49 60 23 21 38 27 43 11 11 17 59 45 56 24 51 42 33 34 31 51 11 14 49 57 34 33 55 12 50 14 58 15 0 41 38 44 17 38 43 15 38 38 58 30 39 55 15 31 60 11 56 50 36 15 30 17 50 55 18 39 53 6 5 59 45 13 21 37 47 53 47 34 27 40 49 24 46 23 17 44 46 11 59 37
57 60 52 43 26 16 28 10 57 16 55 10 41 55 8 37 12 57 47 57 21 57 22 60 56 34 41 42 16 60 9 8 8 31 44 25 44 53 33 12 35 6 9 56 9 39 44 35 32 0 6 48 45 43 10 57 53 12 41 51 12 55 41 60 8 33 49 8 30 50 47 33 9 16 31 56 11 33 56 8 56 46 44 25 9 59 9 9 54 17 18 42 20 38 36 56 52 42 55 5
59 45 50 41 24 24 24 7 32 29 44 8 32 48 6 60 12 31 41 39 26 55 29 44 30 57 44 48 30 32 13 9 15 39 32 19 43 55 59 14 58 14 11 47 12 51 48 46 49 9 0 34 40 42 6 37 57 15 39 36 14 55 53 42 13 36 35 5 24 47 58 31 10 26 59 53 7 56 31 15 48 43 33 30 6 48 14 13 43 22 17 47 16 30 59 57 44 57 53 12
30 7 39 13 60 57 59 33 12 41 10 40 34 58 37 55 57 9 51 43 31 36 50 43 43 51 11 7 58 39 57 32 58 6 14 45 45 49 13 43 5 32 32 53 45 42 8 52 48 58 30 0 34 12 41 60 10 57 15 12 33 7 48 15 32 33 9 52 57 52 48 52 45 36 53 8 60 56 51 37 13 34 39 34 50 15 54 31 39 58 60 34 35 46 49 7 13 42 15 34
15 43 15 49 53 33 56 51 46 59 55 60 6 7 47 16 48 59 14 12 54 14 54 27 20 10 43 52 53 7 34 44 37 38 48 33 25 15 52 37 32 55 50 24 48 21 35 15 23 57 31 46 0 52 40 14 56 44 33 50 58 44 7 44 30 20 55 31 30 15 7 5 59 45 15 44 44 28 19 31 51 28 14 58 34 53 31 51 15 59 45 11 43 7 12 39 55 29 47 32
39 9 32 13 49 49 53 44 12 55 15 54 32 54 58 54 45 9 54 51 55 49 39 33 56 60 5 9 44 37 51 48 53 12 8 46 57 48 13 41 7 58 46 52 55 47 13 30 43 43 35 9 54 0 56 31 14 44 10 5 50 13 55 13 56 34 12 35 52 40 36 33 45 34 47 10 42 49 49 46 11 41 41 49 32 11 36 40 51 33 54 52 56 55 57 6 9 57 5 38
53 41 32 50 28 17 28 11 33 17 58 5 57 58 15 48 5 52 47 41 15 40 25 54 54 54 37 31 22 59 7 5 8 36 50 25 45 58 39 7 60 13 13 52 7 57 51 59 35 15 6 41 39 36 0 32 42 13 37 37 5 43 34 40 9 51 48 12 25 50 41 46 11 19 57 43 5 51 51 9 41 49 54 21 10 40 14 10 40 30 24 40 26 57 43 31 50 53 44 11
6 53 13 39 54 41 43 51 38 58 57 40 6 7 60 22 59 54 10 7 54 6 40 16 25 6 60 51 58 11 46 33 35 48 47 40 16 24 59 46 34 57 34 29 42 16 32 16 27 59 45 36 5 37 37 0 39 39 49 56 41 32 7 45 49 23 56 60 45 9 14 6 55 44 6 57 48 28 30 38 60 29 10 46 43 49 41 45 13 58 55 14 36 13 9 36 57 21 32 46
42 6 51 8 57 55 50 40 5 39 13 39 57 36 46 52 39 12 31 52 51 54 50 48 40 55 10 5 33 52 47 34 35 5 6 58 57 33 9 39 7 44 40 42 31 56 5 42 30 41 43 12 57 10 30 53 0 48 12 12 35 6 31 5 54 60 6 39 51 44 35 40 38 41 35 6 49 43 36 48 12 31 59 39 51 8 34 32 40 45 55 46 56 33 45 12 5 47 6 32
36 35 50 59 29 20 19 7 53 24 45 11 31 49 14 48 15 52 30 54 25 35 29 53 38 57 50 53 19 51 12 10 5 48 44 22 43 59 54 15 36 13 15 51 11 45 44 56 52 5 12 44 41 56 9 48 36 0 44 51 8 58 59 31 12 53 48 11 16 47 36 51 5 19 38 34 13 39 31 9 57 30 55 27 14 30 9 12 54 24 18 33 18 41 58 42 38 48 40 10
48 11 32 8 42 44 39 30 11 58 10 38 57 47 37 35 38 12 44 33 54 35 48 39 53 52 9 15 45 41 37 51 53 15 12 43 35 38 5 39 11 34 44 42 33 35 6 46 47 34 32 13 50 11 36 55 15 58 0 11 43 13 51 13 47 42 6 30 45 31 59 48 31 30 43 14 30 45 33 54 5 46 57 58 34 6 49 39 42 37 45 34 36 41 45 10 13 55 15 56
55 11 50 10 31 30 39 54 6 36 15 40 45 32 43 59 51 6 33 37 33 41 31 30 58 43 8 10 41 41 48 54 55 12 8 60 42 44 13 49 12 38 45 41 52 41 14 37 40 52 58 8 56 12 42 30 5 32 5 0 59 8 40 15 54 50 10 38 56 31 47 33 59 59 60 9 46 36 59 41 9 48 38 45 30 7 41 48 42 58 54 36 53 46 33 15 11 34 14 40
44 57 55 47 29 17 30 7 50 18 31 15 58 48 8 48 8 59 57 36 28 37 23 36 31 33 53 42 29 51 5 10 11 30 45 22 57 44 51 14 34 15 13 37 5 48 52 33 31 13 15 43 40 51 10 32 39 7 57 53 0 54 36 34 11 37 50 12 20 49 50 43 10 21 47 47 5 39 32 15 36 39 53 22 6 45 5 6 40 25 24 38 17 50 41 35 31 60 50 15
56 5 36 11 43 53 40 59 6 31 13 57 46 53 45 39 53 10 45 32 60 43 58 31 58 33 15 9 41 42 57 35 55 15 14 57 34 41 13 40 10 53 53 58 32 35 15 47 43 30 48 11 47 13 35 31 14 55 6 15 59 0 55 6 60 60 15 54 43 34 40 57 38 55 34 13 51 46 54 60 11 58 57 59 46 14 38 30 55 36 30 38 40 41 36 6 5 48 11 37
15 40 5 43 45 54 50 32 59 34 56 46 15 7 60 16 40 57 7 9 41 11 50 16 20 15 38 30 45 11 49 51 49 56 34 30 28 20 40 58 33 38 39 16 48 22 54 18 25 41 38 53 11 50 46 6 37 43 51 56 40 54 0 58 39 27 54 51 56 11 12 13 59 41 13 43 47 22 18 37 59 20 11 55 58 57 44 59 5 41 45 10 31 5 14 38 40 22 41 53
37 5 43 15 36 59 33 41 10 48 7 48 51 41 37 55 56 8 33 37 59 34 57 36 54 40 15 10 42 57 36 36 56 14 10 43 37 56 15 60 5 57 32 33 34 34 11 45 31 55 48 10 53 13 49 58 11 32 9 10 39 10 30 0 52 34 15 50 43 55 38 53 30 42 43 13 44 57 47 56 13 37 34 57 54 11 51 40 60 53 58 57 40 39 44 11 11 58 11 35
50 45 33 43 25 17 18 10 48 15 34 9 59 54 15 58 12 40 42 33 30 39 17 45 30 60 52 58 22 30 8 8 9 55 44 25 49 49 51 9 57 10 15 38 11 36 44 36 57 8 15 44 57 50 6 35 49 8 51 50 15 53 51 49 0 45 53 8 26 56 60 37 7 30 31 44 10 32 57 12 46 39 57 26 12 32 7 9 57 20 29 41 21 51 57 57 48 35 37 11
28 40 15 40 50 34 46 36 39 56 40 31 27 21 49 10 46 41 16 28 50 18 45 12 11 20 53 54 38 15 30 46 57 46 44 55 5 7 40 56 47 51 53 11 43 9 31 9 6 42 53 35 24 45 38 18 45 60 37 30 59 54 17 51 40 0 59 50 40 20 29 29 49 54 21 54 43 13 7 50 53 13 28 45 52 40 52 33 22 55 31 18 58 25 16 36 50 5 51 36
55 7 32 9 35 48 43 37 7 49 13 40 56 43 47 56 45 9 60 49 57 51 45 58 55 37 12 6 51 30 60 59 50 6 11 58 46 48 6 38 7 48 56 41 51 42 7 33 54 54 44 11 33 15 48 50 7 36 10 7 60 13 58 8 53 40 0 60 31 42 60 53 37 51 46 9 50 54 31 36 5 44 45 41 56 7 46 51 39 53 53 54 57 41 44 15 15 34 11 31
54 31 31 36 22 25 20 15 49 28 41 15 58 36 11 36 9 39 54 57 16 31 28 43 58 42 53 49 29 47 8 5 13 43 59 23 59 50 37 8 43 8 12 47 13 53 35 35 52 14 10 55 31 51 14 33 54 13 52 47 14 35 36 58 13 48 56 0 18 49 60 38 13 21 51 31 14 40 54 10 39 42 53 23 5 54 6 11 45 29 15 36 24 48 56 33 50 42 38 6
56 54 32 60 9 9 11 17 46 12 52 21 41 38 20 57 19 40 34 37 5 40 9 60 34 54 54 51 10 60 28 30 16 48 57 11 51 46 57 18 57 18 26 41 19 30 31 56 47 18 22 44 46 37 20 53 30 30 50 60 21 37 31 57 15 30 35 26 0 42 48 42 24 12 57 52 16 47 37 25 36 40 58 12 21 50 20 27 47 11 10 38 11 36 31 51 48 53 50 23
10 49 10 43 54 37 38 32 41 34 30 30 8 15 41 21 50 48 9 11 42 13 49 16 15 11 30 35 60 7 58 52 42 39 38 49 17 26 37 50 57 35 41 15 58 15 55 27 28 56 38 41 12 38 50 13 43 46 47 33 36 46 10 52 33 26 43 33 59 0 6 12 40 39 7 58 52 21 29 44 55 30 15 56 30 36 58 35 7 59 40 9 38 5 7 50 33 21 43 47
14 60 12 44 31 44 59 31 37 49 58 48 6 5 46 28 42 42 11 11 48 15 34 19 15 8 55 39 53 11 52 54 30 52 37 43 29 16 42 60 58 31 47 30 42 17 40 16 25 41 40 33 14 40 33 7 41 44 53 31 45 45 11 51 44 15 50 48 44 7 0 15 60 52 8 55 42 21 21 57 40 23 10 41 53 45 57 60 6 34 36 15 44 11 5 38 35 17 51 31
11 59 15 30 43 42 48 56 32 53 36 56 13 12 41 26 42 53 10 8 45 7 39 30 21 10 42 50 47 6 38 57 51 44 54 30 27 16 33 55 30 53 31 29 47 25 37 15 18 43 40 49 14 46 49 11 57 30 40 35 46 33 11 39 39 25 41 56 57 7 10 0 30 47 8 49 59 26 21 33 32 26 15 51 44 60 43 37 8 56 37 8 51 5 15 40 60 15 41 52
34 41 53 42 17 21 24 8 44 27 48 5 43 57 15 49 5 40 34 55 16 60 15 49 33 36 46 51 28 49 9 15 9 44 32 22 39 32 58 9 45 10 7 39 10 55 31 56 32 9 9 31 46 43 10 39 39 9 38 58 14 38 51 40 6 50 53 8 16 52 53 32 0 19 59 32 6 41 53 6 41 52 53 17 14 34 14 12 38 28 26 40 17 49 31 58 57 58 40 12
41 53 36 40 5 12 12 18 32 12 35 15 42 37 22 50 17 54 45 51 10 56 10 60 48 36 42 46 14 39 29 28 17 54 51 8 42 50 59 24 52 19 23 57 19 43 33 53 32 29 23 34 50 60 21 49 41 26 46 42 17 50 58 60 17 48 30 16 11 41 59 57 19 0 46 39 21 40 56 26 50 54 41 7 19 56 30 16 34 8 9 46 15 32 47 51 47 40 38 30
13 50 11 51 60 56 50 58 49 47 33 36 7 12 45 20 55 60 11 15 55 9 45 29 22 12 58 50 48 12 41 32 37 51 49 46 28 16 35 55 38 33 44 28 54 23 33 15 19 42 58 60 7 58 43 5 58 31 60 57 55 54 7 56 51 23 59 33 60 5 13 12 37 33 0 36 58 26 26 60 47 22 13 57 40 54 36 60 13 35 33 13 54 13 5 40 57 15 46 52
60 14 37 8 31 38 31 49 6 32 7 30 58 41 43 47 57 10 49 51 42 48 59 38 56 31 7 5 60 60 50 48 38 10 11 32 60 58 12 53 14 44 35 33 33 34 9 30 41 45 55 14 35 9 59 44 13 31 14 15 36 9 44 15 42 36 12 57 41 40 50 52 55 41 48 0 46 45 47 33 13 51 51 52 58 11 50 48 57 30 34 55 45 60 50 7 15 31 13 36
57 47 51 43 17 23 18 14 30 29 34 15 50 60 12 40 9 60 52 38 23 45 28 39 39 58 40 36 30 38 10 15 13 41 39 23 52 55 48 15 55 10 11 56 14 56 33 56 30 12 11 48 46 53 9 59 45 7 50 31 10 47 38 43 12 51 38 7 23 57 32 37 15 26 45 35 0 30 40 7 35 57 48 25 15 58 8 15 48 24 22 35 15 55 57 54 33 50 50 8
17 51 19 35 55 47 56 33 30 52 30 38 18 20 33 7 37 37 18 18 34 20 37 11 5 24 54 39 49 23 31 49 51 40 59 50 14 8 36 51 53 42 47 6 30 9 52 11 10 56 53 60 18 42 39 26 37 45 56 50 30 30 26 53 37 14 56 56 37 15 22 23 59 34 22 45 54 0 9 54 35 7 20 45 53 33 37 36 27 47 33 23 54 17 26 55 59 12 60 58
15 42 21 56 38 56 37 36 52 43 31 30 27 16 54 10 57 39 26 22 59 28 45 13 9 15 56 51 57 17 34 44 51 55 60 41 10 14 37 49 52 52 38 9 40 10 46 5 15 41 53 58 19 39 39 24 48 44 42 43 39 51 16 55 45 8 42 31 36 29 18 26 38 57 27 39 32 9 0 44 58 11 26 37 53 59 32 45 28 49 53 28 54 26 25 31 33 8 52 59
33 36 58 49 21 27 18 9 45 24 36 11 54 42 7 48 11 45 38 51 17 41 17 48 55 48 56 47 19 45 7 5 13 58 60 23 39 41 31 6 47 11 8 30 5 49 33 33 30 6 8 56 47 57 9 31 57 12 50 40 14 57 34 44 6 34 45 7 16 43 38 58 11 25 32 45 14 49 41 0 51 43 48 16 15 39 5 7 53 16 17 58 25 45 38 57 31 49 42 11
33 14 46 11 44 32 55 56 6 51 13 41 43 32 56 31 46 12 59 43 56 53 47 46 48 45 11 8 39 47 48 33 53 7 11 31 37 34 12 42 9 42 52 56 37 55 14 54 50 54 57 6 35 8 38 46 7 53 14 6 45 14 58 15 51 58 6 51 44 57 52 48 46 43 32 6 40 30 38 32 0 44 44 31 33 14 58 60 49 44 49 59 60 45 53 15 13 51 9 40
21 45 16 36 51 52 45 58 52 54 56 48 16 16 32 10 43 46 30 26 46 26 55 15 6 22 57 36 47 23 32 44 46 34 38 42 5 5 32 39 46 59 49 5 45 8 38 6 15 58 31 47 17 41 38 15 57 35 35 42 45 30 28 50 47 8 45 54 40 29 18 18 40 56 21 55 53 7 5 54 59 0 19 51 30 56 56 37 29 33 40 21 59 17 16 30 30 15 36 60
14 55 11 52 46 57 51 47 53 41 35 36 11 13 34 22 46 31 12 7 34 9 56 26 28 8 52 41 35 8 34 33 50 47 35 60 20 24 59 30 42 59 41 29 50 24 31 30 28 60 54 60 10 52 34 14 34 43 38 47 42 44 9 44 55 16 43 39 48 11 11 13 41 34 12 57 34 26 28 42 51 28 0 30 55 53 57 32 14 38 53 6 51 5 5 52 32 19 47 47
60 60 33 39 6 15 14 17 57 13 54 29 42 46 29 51 21 40 59 58 8 31 11 54 30 31 48 37 6 49 30 24 15 32 31 11 40 31 33 19 58 15 20 33 26 56 35 41 57 18 22 43 37 58 17 42 36 29 59 30 22 49 35 44 27 52 52 20 5 34 55 55 29 14 47 57 24 37 41 23 51 45 46 0 25 60 16 21 56 8 13 49 11 60 30 30 54 52 44 18
41 50 49 38 17 25 25 8 58 24 36 9 44 43 6 30 13 36 40 40 29 45 26 58 37 35 41 60 24 41 8 13 15 34 54 19 58 47 53 12 43 10 11 36 7 34 59 41 36 5 8 56 41 46 6 30 30 10 45 58 14 32 32 38 6 50 33 5 16 50 34 48 14 19 57 54 5 40 48 14 51 60 52 24 0 33 15 13 42 22 20 59 27 35 39 54 49 54 51 5
56 10 57 14 56 30 53 35 8 49 7 33 45 47 49 33 60 5 59 36 50 57 43 44 57 36 6 11 40 58 31 57 52 5 11 33 56 39 8 38 12 55 35 46 51 56 10 58 36 40 56 15 60 12 54 60 14 48 8 10 33 12 41 13 60 53 11 52 33 44 56 31 58 30 59 15 51 55 37 33 12 45 49 48 54 0 44 36 31 51 53 48 39 37 46 10 8 34 12 34
54 42 50 36 25 17 26 14 59 18 39 14 31 53 14 56 14 36 34 34 25 53 26 38 53 37 41 44 29 49 6 8 9 53 46 24 50 55 54 15 42 15 15 35 5 36 37 53 40 7 5 35 59 52 12 41 30 6 49 52 14 48 42 42 5 41 32 10 22 38 38 49 5 23 41 45 6 30 42 10 47 39 53 28 15 33 0 14 57 24 18 49 24 30 57 43 56 53 47 7
47 38 41 31 20 16 26 6 57 28 40 15 45 56 5 38 11 40 36 56 20 41 27 43 48 44 32 33 30 40 11 5 11 40 51 16 36 45 37 15 57 9 12 49 10 41 32 41 46 6 7 59 53 57 13 39 51 10 58 30 10 35 53 33 13 59 37 5 17 34 32 51 15 29 33 57 5 39 56 12 60 52 37 26 5 41 14 0 51 23 18 59 25 50 34 36 60 33 41 12
14 51 11 53 51 57 30 31 43 40 33 47 9 6 55 22 55 38 10 8 39 15 30 16 18 6 54 58 52 5 34 60 48 36 37 41 24 25 40 58 52 40 39 26 42 18 47 26 15 46 51 39 10 52 32 5 43 51 33 31 45 40 10 41 30 25 43 52 39 7 7 9 44 54 14 46 44 25 22 57 41 15 9 40 44 34 50 43 0 46 46 15 42 13 15 46 55 25 38 52
45 47 50 37 13 12 13 17 38 11 50 18 42 39 22 52 17 30 52 59 15 32 7 56 47 42 47 40 9 51 19 24 22 39 44 14 42 47 42 30 44 19 15 58 15 55 57 55 43 27 19 47 33 34 16 47 58 23 36 37 18 50 33 31 22 30 55 27 10 44 54 32 22 6 46 41 22 42 35 26 48 46 34 8 17 43 22 15 39 0 9 37 12 33 33 33 49 60 31 22
33 54 52 37 13 9 14 25 50 6 56 30 39 55 16 45 18 58 50 60 7 46 8 58 52 30 49 40 10 39 24 19 22 33 52 8 56 40 49 28 56 18 23 49 21 36 56 54 59 15 20 40 47 30 28 38 55 20 60 52 29 33 55 40 17 36 44 21 15 36 45 48 15 14 45 32 20 59 46 30 57 39 47 14 30 52 27 26 47 13 0 53 8 41 39 52 32 52 31 22
9 51 11 44 38 32 30 33 56 54 44 37 6 15 41 18 44 53 10 9 30 11 50 19 15 14 58 42 59 13 48 47 55 40 50 56 22 19 39 57 30 37 53 15 31 18 53 21 23 34 52 42 5 43 52 9 40 52 41 48 57 32 9 57 31 30 33 51 56 5 5 6 36 58 10 58 56 27 16 33 30 27 9 54 55 32 49 49 15 49 34 0 41 5 10 58 54 30 54 39
33 60 60 52 8 6 5 25 57 6 32 23 52 54 16 52 17 45 37 45 10 58 14 56 32 38 32 57 8 48 17 16 18 41 55 5 48 52 49 19 33 24 16 46 17 45 30 32 51 21 26 35 51 56 17 51 36 16 36 42 22 31 48 30 26 40 35 26 9 44 34 45 22 13 37 54 25 52 40 23 59 49 51 8 17 37 26 21 31 5 7 32 0 44 52 40 37 30 44 29
6 59 13 33 60 44 38 52 51 45 43 59 8 15 43 17 45 33 5 5 43 14 54 30 28 9 44 57 50 7 51 60 58 55 45 36 26 23 58 44 30 37 60 26 46 17 49 25 20 44 32 36 6 44 35 7 52 38 43 59 34 46 14 33 32 29 49 51 36 11 7 14 55 55 8 58 30 28 23 54 59 19 10 60 57 38 54 56 7 44 53 5 60 0 11 50 44 19 48 41
10 31 8 43 55 37 57 49 45 42 52 56 6 15 33 24 54 51 7 15 38 14 45 15 17 14 58 56 46 7 41 36 32 40 54 54 21 28 38 44 40 44 45 25 42 27 41 21 30 50 47 52 13 32 47 7 35 32 53 34 47 56 15 54 58 18 59 57 43 6 8 14 60 42 6 45 54 19 28 34 48 22 6 45 59 42 46 44 12 59 54 13 39 13 0 34 40 16 39 50
57 15 43 14 53 39 48 44 14 43 12 57 44 51 43 39 57 15 36 45 42 50 43 43 31 41 7 7 58 57 59 33 55 6 15 42 51 33 12 59 8 34 34 37 42 44 12 54 42 50 55 15 34 11 46 54 10 37 13 8 60 11 57 14 47 34 11 54 59 37 58 56 54 44 53 13 57 36 31 44 12 33 49 51 41 15 51 57 51 48 46 45 36 44 44 0 8 34 7 33
41 12 39 11 52 60 43 52 7 49 7 32 56 48 48 39 39 8 41 31 33 55 47 39 31 50 15 8 51 35 40 38 51 9 6 31 39 58 14 34 5 40 57 46 51 59 14 50 52 53 35 13 52 10 30 58 14 48 5 11 45 15 53 12 45 53 15 59 37 55 45 36 51 52 60 5 42 41 59 58 14 47 41 54 32 6 48 58 51 58 44 43 33 44 41 9 0 50 10 42
24 30 26 51 52 54 32 59 38 37 40 42 30 24 36 15 60 32 26 18 34 25 43 9 14 27 58 44 42 15 57 50 30 41 40 49 8 12 57 39 45 54 38 7 36 14 58 6 8 53 55 44 17 53 52 30 46 51 59 48 38 31 19 50 58 7 44 40 55 27 27 26 34 31 29 60 50 7 5 41 42 11 27 47 47 40 32 55 15 53 38 18 42 16 23 41 46 0 56 38
55 14 31 8 31 58 39 34 10 43 8 57 59 46 59 34 57 14 43 60 40 49 60 33 41 60 8 11 55 51 60 38 38 13 13 41 47 33 6 45 10 50 45 56 45 46 10 46 35 42 43 14 53 7 34 39 5 34 5 13 34 15 56 12 35 42 12 38 59 38 52 32 39 46 44 10 38 55 55 48 6 36 35 48 57 12 44 57 38 30 53 48 32 41 31 15 9 47 0 42
36 40 36 33 25 22 15 11 44 17 42 10 35 42 5 50 15 39 48 40 29 44 15 60 39 59 49 38 23 47 15 8 14 31 57 27 30 57 59 14 55 13 5 45 13 44 53 40 41 10 12 50 42 49 9 40 47 8 56 44 12 40 43 57 5 57 37 8 21 33 51 57 9 25 54 47 6 30 46 7 54 60 41 22 10 34 15 7 53 20 16 52 29 47 38 53 52 36 37 0
