50
48 238
4 109
3 292
12 300
9 248
11 63
7 6
31 279
34 85
38 238
25 387
42 311
15 400
48 191
44 342
45 308
17 102
22 0
32 145
4 6
7 44
50 247
24 189
10 150
19 149
19 345
11 174
44 42
41 12
43 144
19 357
10 123
4 240
33 331
2 30
14 386
15 48
7 165
48 339
47 206
29 219
38 43
17 279
11 157
18 192
4 180
37 314
50 101
9 389
49 235
0 9 5 10 0 11 15 13 3 11 13 12 11 7 10 0 8 0 11 14 10 2 0 14 5 0 0 10 8 13 3 15 9 0 4 5 7 15 15 15 3 3 5 6 10 13 7 0 6 1
9 0 15 0 7 13 7 8 9 4 10 7 9 8 8 2 12 11 2 15 11 1 14 12 3 14 9 1 15 3 15 14 6 8 7 10 4 2 7 5 9 4 14 2 1 4 0 2 6 1
5 15 0 8 7 11 7 13 10 12 6 15 4 8 10 8 1 4 15 8 3 11 2 4 4 15 13 9 13 9 13 2 15 13 3 6 0 3 4 5 8 13 7 4 15 5 7 1 7 11
10 0 8 0 15 11 0 10 2 11 11 6 0 10 14 9 15 11 0 5 4 9 7 4 10 2 14 3 9 7 7 1 10 4 13 6 8 3 15 2 6 14 10 15 5 6 13 7 14 11
0 7 7 15 0 13 1 7 4 15 2 13 2 7 4 8 14 13 2 13 12 0 10 6 9 10 2 2 6 14 8 15 10 9 9 5 4 0 13 8 6 0 3 4 3 1 3 10 13 0
11 13 11 11 13 0 4 9 3 9 3 7 14 13 2 11 0 1 7 0 3 5 10 8 13 6 15 0 10 4 13 13 14 9 6 2 10 13 0 3 2 3 7 14 3 8 1 14 15 11
15 7 7 0 1 4 0 3 3 6 10 15 11 14 6 0 6 8 0 11 10 5 15 9 10 2 9 4 3 6 3 2 8 12 15 6 10 12 12 0 5 3 12 9 12 2 13 4 11 12
13 8 13 10 7 9 3 0 2 5 5 10 4 9 11 1 7 5 13 8 14 4 7 4 7 0 10 8 0 2 4 2 4 13 11 1 13 6 13 11 3 7 5 7 13 10 14 8 9 4
3 9 10 2 4 3 3 2 0 3 13 9 5 14 10 8 6 12 8 15 3 11 7 12 10 0 9 4 14 2 5 11 9 6 7 2 14 15 15 12 0 5 3 8 6 4 7 4 0 15
11 4 12 11 15 9 6 5 3 0 2 8 13 15 13 1 0 3 11 15 12 6 7 13 11 5 11 2 2 4 13 10 1 8 10 9 5 12 4 2 12 5 2 3 1 14 1 5 7 1
13 10 6 11 2 3 10 5 13 2 0 11 6 13 1 11 4 5 6 0 4 14 8 9 3 8 2 15 6 11 13 5 5 4 5 13 2 12 4 15 8 15 8 9 9 15 8 3 13 1
12 7 15 6 13 7 15 10 9 8 11 0 14 15 3 3 4 9 12 14 3 10 6 8 4 7 8 9 6 0 10 10 11 9 7 15 4 0 4 3 15 7 8 10 12 6 3 8 9 0
11 9 4 0 2 14 11 4 5 13 6 14 0 11 0 13 5 15 15 8 7 10 0 1 6 11 5 14 14 3 2 1 7 1 5 2 14 6 10 5 13 9 9 10 11 13 4 2 11 6
7 8 8 10 7 13 14 9 14 15 13 15 11 0 6 7 15 4 10 3 7 1 15 10 4 0 15 12 1 15 2 1 12 3 8 6 1 12 10 9 13 8 14 1 11 9 0 1 4 2
10 8 10 14 4 2 6 11 10 13 1 3 0 6 0 12 13 4 9 3 13 7 13 14 8 12 9 2 14 12 13 3 5 6 9 3 7 7 1 1 2 3 10 1 6 15 8 11 11 0
0 2 8 9 8 11 0 1 8 1 11 3 13 7 12 0 11 4 2 8 12 7 2 2 11 12 9 4 1 10 3 0 8 8 3 0 12 10 3 12 9 3 6 9 10 3 11 3 0 4
8 12 1 15 14 0 6 7 6 0 4 4 5 15 13 11 0 7 1 5 14 8 11 6 1 14 0 11 11 1 9 13 5 2 10 5 11 14 2 8 11 5 1 13 10 13 0 6 11 7
0 11 4 11 13 1 8 5 12 3 5 9 15 4 4 4 7 0 13 12 11 15 10 1 9 8 6 8 7 13 5 0 8 0 6 9 2 10 11 11 6 12 15 8 0 6 9 13 5 14
11 2 15 0 2 7 0 13 8 11 6 12 15 10 9 2 1 13 0 5 3 3 13 11 15 11 7 0 9 2 7 14 2 10 7 10 3 6 1 0 13 7 12 2 7 3 7 13 14 12
14 15 8 5 13 0 11 8 15 15 0 14 8 3 3 8 5 12 5 0 9 4 5 6 6 7 13 13 14 2 10 2 9 13 14 2 0 12 8 6 2 3 4 9 0 11 5 8 5 15
10 11 3 4 12 3 10 14 3 12 4 3 7 7 13 12 14 11 3 9 0 0 0 15 4 14 7 13 3 12 0 8 11 14 0 1 3 4 15 1 0 13 10 2 1 11 15 7 11 9
2 1 11 9 0 5 5 4 11 6 14 10 10 1 7 7 8 15 3 4 0 0 15 10 2 13 0 12 6 10 2 1 6 10 1 4 2 7 0 4 12 13 5 3 0 2 2 13 5 14
0 14 2 7 10 10 15 7 7 7 8 6 0 15 13 2 11 10 13 5 0 15 0 12 6 15 8 6 11 4 7 0 4 8 0 15 15 5 12 2 14 4 0 6 5 8 14 5 8 0
14 12 4 4 6 8 9 4 12 13 9 8 1 10 14 2 6 1 11 6 15 10 12 0 11 4 11 9 9 5 6 10 7 13 10 7 8 14 15 9 8 11 13 6 14 10 15 12 1 7
5 3 4 10 9 13 10 7 10 11 3 4 6 4 8 11 1 9 15 6 4 2 6 11 0 8 13 11 12 0 13 0 4 14 7 1 4 12 2 0 7 10 9 9 0 0 6 1 14 9
0 14 15 2 10 6 2 0 0 5 8 7 11 0 12 12 14 8 11 7 14 13 15 4 8 0 7 3 15 10 1 2 11 15 3 5 1 6 6 6 4 6 8 15 15 6 13 8 8 7
0 9 13 14 2 15 9 10 9 11 2 8 5 15 9 9 0 6 7 13 7 0 8 11 13 7 0 6 0 5 5 1 7 11 3 8 4 10 15 7 9 13 1 0 11 1 5 5 15 5
10 1 9 3 2 0 4 8 4 2 15 9 14 12 2 4 11 8 0 13 13 12 6 9 11 3 6 0 0 3 1 2 10 3 15 2 8 0 9 14 14 9 8 14 1 11 11 5 13 4
8 15 13 9 6 10 3 0 14 2 6 6 14 1 14 1 11 7 9 14 3 6 11 9 12 15 0 0 0 4 1 11 2 6 14 6 8 12 2 12 13 10 5 15 6 1 10 15 0 4
13 3 9 7 14 4 6 2 2 4 11 0 3 15 12 10 1 13 2 2 12 10 4 5 0 10 5 3 4 0 7 9 3 14 15 12 8 6 6 7 1 14 7 3 4 12 13 6 8 15
3 15 13 7 8 13 3 4 5 13 13 10 2 2 13 3 9 5 7 10 0 2 7 6 13 1 5 1 1 7 0 15 5 9 15 4 14 4 2 6 9 5 11 9 12 3 11 12 8 12
15 14 2 1 15 13 2 2 11 10 5 10 1 1 3 0 13 0 14 2 8 1 0 10 0 2 1 2 11 9 15 0 0 9 5 11 11 0 12 4 11 0 2 0 2 6 9 14 6 8
9 6 15 10 10 14 8 4 9 1 5 11 7 12 5 8 5 8 2 9 11 6 4 7 4 11 7 10 2 3 5 0 0 12 1 10 1 2 13 4 10 1 6 0 11 8 10 10 0 6
0 8 13 4 9 9 12 13 6 8 4 9 1 3 6 8 2 0 10 13 14 10 8 13 14 15 11 3 6 14 9 9 12 0 15 10 3 13 9 11 2 15 12 11 8 13 4 3 4 1
4 7 3 13 9 6 15 11 7 10 5 7 5 8 9 3 10 6 7 14 0 1 0 10 7 3 3 15 14 15 15 5 1 15 0 8 1 3 15 3 8 14 4 13 8 8 1 0 5 10
5 10 6 6 5 2 6 1 2 9 13 15 2 6 3 0 5 9 10 2 1 4 15 7 1 5 8 2 6 12 4 11 10 10 8 0 6 6 4 6 7 5 0 0 2 2 1 13 12 10
7 4 0 8 4 10 10 13 14 5 2 4 14 1 7 12 11 2 3 0 3 2 15 8 4 1 4 8 8 8 14 11 1 3 1 6 0 13 12 15 10 5 0 6 14 2 0 7 0 10
15 2 3 3 0 13 12 6 15 12 12 0 6 12 7 10 14 10 6 12 4 7 5 14 12 6 10 0 12 6 4 0 2 13 3 6 13 0 12 14 13 12 8 14 3 1 7 8 12 8
15 7 4 15 13 0 12 13 15 4 4 4 10 10 1 3 2 11 1 8 15 0 12 15 2 6 15 9 2 6 2 12 13 9 15 4 12 12 0 2 13 8 3 0 8 14 15 1 10 9
15 5 5 2 8 3 0 11 12 2 15 3 5 9 1 12 8 11 0 6 1 4 2 9 0 6 7 14 12 7 6 4 4 11 3 6 15 14 2 0 3 11 4 7 11 12 12 0 1 7
3 9 8 6 6 2 5 3 0 12 8 15 13 13 2 9 11 6 13 2 0 12 14 8 7 4 9 14 13 1 9 11 10 2 8 7 10 13 13 3 0 6 2 2 0 0 12 6 12 11
3 4 13 14 0 3 3 7 5 5 15 7 9 8 3 3 5 12 7 3 13 13 4 11 10 6 13 9 10 14 5 0 1 15 14 5 5 12 8 11 6 0 6 14 3 12 14 2 1 10
5 14 7 10 3 7 12 5 3 2 8 8 9 14 10 6 1 15 12 4 10 5 0 13 9 8 1 8 5 7 11 2 6 12 4 0 0 8 3 4 2 6 0 2 8 14 4 4 14 10
6 2 4 15 4 14 9 7 8 3 9 10 10 1 1 9 13 8 2 9 2 3 6 6 9 15 0 14 15 3 9 0 0 11 13 0 6 14 0 7 2 14 2 0 5 4 8 3 13 2
10 1 15 5 3 3 12 13 6 1 9 12 11 11 6 10 10 0 7 0 1 0 5 14 0 15 11 1 6 4 12 2 11 8 8 2 14 3 8 11 0 3 8 5 0 15 11 11 0 5
13 4 5 6 1 8 2 10 4 14 15 6 13 9 15 3 13 6 3 11 11 2 8 10 0 6 1 11 1 12 3 6 8 13 8 2 2 1 14 12 0 12 14 4 15 0 14 2 5 10
7 0 7 13 3 1 13 14 7 1 8 3 4 0 8 11 0 9 7 5 15 2 14 15 6 13 5 11 10 13 11 9 10 4 1 1 0 7 15 12 12 14 4 8 11 14 0 8 7 14
0 2 1 7 10 14 4 8 4 5 3 8 2 1 11 3 6 13 13 8 7 13 5 12 1 8 5 5 15 6 12 14 10 3 0 13 7 8 1 0 6 2 4 3 11 2 8 0 9 5
6 6 7 14 13 15 11 9 0 7 13 9 11 4 11 0 11 5 14 5 11 5 8 1 14 8 15 13 0 8 8 6 0 4 5 12 0 12 10 1 12 1 14 13 0 5 7 9 0 7
1 1 11 11 0 11 12 4 15 1 1 0 6 2 0 4 7 14 12 15 9 14 0 7 9 7 5 4 4 15 12 8 6 1 10 10 10 8 9 7 11 10 10 2 5 10 14 5 7 0
