50
64 230
51 347
19 556
15 488
44 441
60 126
91 375
60 118
97 179
51 303
43 166
58 545
46 78
86 132
97 454
63 425
81 218
14 252
36 28
34 427
81 279
71 512
76 148
3 246
10 172
44 428
95 267
79 392
18 425
43 511
45 68
30 99
8 26
67 174
43 535
80 177
35 427
98 380
51 129
5 444
12 555
45 314
6 227
75 312
98 586
34 526
15 282
27 472
11 532
14 577
0 15 17 5 5 15 4 15 17 20 2 11 8 9 13 19 15 7 16 8 16 19 14 5 8 15 9 2 17 4 20 20 19 14 17 11 9 16 12 9 19 1 12 8 4 14 5 6 8 7
2 0 6 19 12 4 11 17 18 10 15 15 10 16 9 11 16 13 18 19 2 3 20 1 18 15 6 19 10 6 17 14 16 15 16 14 3 6 4 11 12 6 14 1 17 9 12 12 12 1
13 1 0 12 11 6 17 12 2 5 9 18 7 5 10 2 13 19 19 13 17 13 19 14 18 14 1 1 20 12 19 9 2 2 12 3 9 18 11 12 11 9 15 6 11 14 16 14 4 16
2 9 12 0 1 18 1 13 5 18 8 16 7 8 18 4 17 15 4 5 13 16 9 18 20 12 1 12 11 10 1 10 16 1 8 5 1 1 2 7 14 2 6 16 7 5 1 12 19 4
20 7 18 17 0 3 1 7 3 10 5 9 1 3 16 15 5 19 7 4 17 7 1 1 1 1 15 14 7 14 2 18 17 9 15 6 1 14 8 18 9 20 19 18 18 9 3 14 6 11
9 10 20 13 19 0 6 19 7 14 8 13 3 14 7 7 18 11 5 6 8 1 2 7 20 3 3 6 14 16 2 18 7 3 20 16 11 2 11 13 18 4 4 8 20 1 13 18 9 10
13 17 20 17 12 2 0 20 5 18 10 20 7 12 9 2 10 16 6 13 6 19 7 13 7 17 8 17 15 14 17 7 11 5 7 10 13 16 8 12 16 9 3 4 18 11 6 4 1 9
14 3 11 8 10 1 17 0 12 20 16 6 16 17 20 10 9 13 17 17 6 14 17 14 20 5 17 4 13 12 14 8 6 3 3 19 1 8 20 12 4 5 5 3 12 9 3 17 12 7
15 3 20 2 4 14 3 15 0 3 12 6 12 10 17 18 4 18 1 19 10 6 19 7 9 4 20 11 18 17 12 12 12 10 17 16 12 11 9 8 15 3 4 20 11 19 6 20 17 17
16 8 6 12 11 16 1 17 10 0 7 10 1 18 18 17 10 2 15 7 14 15 17 11 7 15 7 17 15 19 1 8 7 3 14 18 17 6 9 4 6 12 1 3 13 14 9 17 8 17
13 3 15 5 1 11 4 10 19 7 0 18 4 17 11 15 5 18 6 8 9 11 12 11 20 18 11 3 4 12 8 10 5 7 7 17 5 12 6 6 10 1 8 1 19 8 13 8 16 4
11 19 9 9 7 14 18 13 6 20 13 0 20 6 4 20 12 4 7 20 3 12 2 8 18 12 7 19 20 1 13 13 2 5 13 6 6 18 9 1 6 5 8 10 9 20 20 4 7 1
14 4 11 10 6 20 19 12 15 20 15 6 0 5 18 10 1 8 4 19 6 15 17 8 3 12 3 14 2 3 7 10 10 14 12 20 19 14 9 9 6 9 18 7 13 11 3 4 18 5
4 10 16 17 13 4 13 2 18 10 5 4 3 0 12 15 7 20 18 3 7 16 14 2 15 18 17 14 3 20 6 2 15 9 1 18 16 9 11 19 7 12 15 13 5 3 18 13 15 20
9 13 16 1 1 6 10 12 7 16 9 19 2 8 0 17 10 17 6 15 14 19 18 9 18 4 4 5 16 18 8 3 6 20 14 20 2 16 14 16 12 16 3 3 9 5 15 9 20 16
7 15 15 3 3 10 13 3 14 20 1 3 18 10 1 0 6 8 2 17 3 1 5 20 12 1 20 12 6 15 10 6 18 7 9 19 18 8 2 13 5 9 8 20 2 17 4 20 17 3
8 6 10 15 14 14 14 11 20 18 12 2 16 9 17 20 0 10 6 8 6 6 8 2 8 15 18 10 17 16 19 8 2 17 8 8 7 18 4 6 6 3 4 13 5 2 18 13 19 13
17 12 7 5 19 16 6 2 4 15 12 4 19 10 20 11 6 0 17 2 9 2 2 14 18 18 7 9 15 13 16 14 11 19 5 13 3 14 15 17 14 12 15 2 6 5 3 1 20 19
16 18 9 18 9 6 9 5 4 13 4 20 6 13 13 12 12 13 0 8 16 17 10 13 14 12 12 8 15 10 20 15 18 15 14 9 12 9 10 4 10 2 4 12 10 14 14 4 8 7
10 2 10 8 10 8 14 8 1 9 10 5 19 13 15 14 10 16 12 0 15 11 5 2 6 2 3 3 19 6 20 2 4 3 1 10 16 4 20 8 16 18 20 12 6 10 2 9 18 12
9 4 10 7 1 19 18 17 16 17 15 8 6 8 18 15 5 2 16 20 0 5 17 19 12 5 7 10 4 20 3 7 15 5 18 12 7 6 14 8 7 17 18 13 11 3 4 10 7 6
8 1 3 9 6 6 4 9 18 9 14 6 11 12 3 5 7 11 4 16 5 0 17 16 5 17 15 20 16 19 17 12 19 19 16 1 18 15 1 10 15 5 2 13 2 4 2 6 12 20
17 1 2 9 2 13 10 11 7 10 15 2 5 5 10 15 2 11 16 2 3 3 0 1 17 3 6 19 1 9 7 18 16 13 9 16 13 2 18 8 20 19 16 19 13 18 10 14 15 18
10 20 15 15 20 12 7 6 6 19 17 13 18 5 14 11 9 18 1 15 16 8 1 0 4 3 16 17 14 14 6 9 4 15 1 12 2 2 15 2 13 9 2 14 17 8 19 14 17 3
4 7 13 5 19 7 15 5 15 5 12 10 9 8 3 8 18 14 13 14 15 20 20 18 0 13 8 18 17 18 9 10 15 2 14 13 20 3 12 16 12 6 12 18 13 15 4 12 1 8
10 11 1 10 10 17 3 7 20 4 19 6 8 10 15 19 8 19 5 13 9 8 12 4 2 0 8 9 9 6 17 1 20 8 1 7 20 10 2 9 15 13 8 3 17 1 15 9 2 4
13 4 3 12 7 13 2 6 2 18 17 12 12 2 5 11 19 4 7 12 15 11 5 4 13 16 0 10 18 3 14 17 5 13 10 5 18 16 10 14 20 13 13 16 3 11 2 6 8 19
1 17 4 15 1 13 9 6 7 17 9 6 12 19 7 10 10 2 6 12 13 16 16 14 20 18 8 0 9 11 9 8 20 1 19 5 16 12 9 20 7 19 9 11 4 7 18 7 13 7
17 19 10 17 17 20 11 17 9 13 10 2 3 17 1 14 10 5 15 12 19 7 14 5 11 14 11 18 0 16 5 4 5 7 16 15 2 16 3 11 16 10 9 15 3 18 8 16 17 13
4 5 14 19 4 9 20 7 19 12 16 16 9 2 11 12 20 2 4 9 19 14 14 2 9 9 15 4 20 0 1 4 6 9 5 19 20 5 5 11 11 9 13 12 10 15 18 5 16 18
19 5 5 7 7 19 17 13 18 4 13 16 15 3 16 20 11 14 3 7 10 20 8 6 19 15 7 11 3 9 0 18 16 17 17 19 3 11 12 18 5 13 4 4 12 2 8 14 4 1
3 12 4 5 10 3 11 8 10 5 5 1 20 16 15 9 20 6 14 4 19 8 10 18 6 7 4 5 13 18 8 0 14 8 9 5 11 16 11 14 1 1 3 10 3 11 14 5 7 5
8 5 6 16 5 9 19 3 17 13 9 1 7 15 1 18 17 1 11 11 20 13 1 15 16 5 19 12 6 19 6 2 0 9 6 6 15 3 16 3 9 18 19 8 19 15 19 13 15 7
11 9 12 7 18 16 20 5 6 14 12 19 11 14 5 19 12 5 11 3 8 15 14 20 2 17 15 1 17 19 4 14 13 0 16 7 13 14 13 3 3 13 20 16 5 8 12 11 20 4
13 5 9 18 4 18 10 19 15 20 11 11 12 18 20 3 7 15 13 2 19 6 20 15 10 13 8 17 5 11 14 6 16 3 0 1 16 20 3 16 18 5 2 18 20 8 3 3 4 9
15 19 16 8 3 3 18 19 16 11 6 13 16 20 7 3 9 3 17 17 10 3 9 15 18 1 5 5 20 7 17 17 15 12 11 0 12 9 3 11 12 20 17 10 6 5 20 11 1 8
5 8 8 14 5 13 8 6 7 16 5 10 15 1 7 13 7 5 7 5 15 10 11 3 14 7 4 5 4 6 5 15 6 19 8 3 0 4 7 20 2 10 14 14 5 19 11 3 12 15
20 8 5 17 15 5 9 19 2 10 15 17 10 2 7 10 17 13 3 2 3 4 12 4 1 6 15 3 19 19 9 6 16 15 13 14 10 0 3 6 10 6 4 20 19 7 8 7 13 2
10 4 19 19 10 19 11 14 12 13 5 18 16 18 9 9 14 1 11 17 2 15 4 16 18 17 7 10 17 3 5 16 5 1 3 9 15 8 0 3 2 3 6 1 7 7 20 2 1 6
11 14 19 10 8 1 8 5 12 1 1 12 1 4 8 6 7 12 2 11 19 20 6 9 5 12 20 9 3 15 19 13 15 16 12 18 11 17 18 0 6 1 5 10 12 9 7 2 14 8
14 8 14 20 8 6 8 9 13 2 3 8 3 19 1 16 10 2 10 13 8 20 2 1 12 10 15 8 1 4 14 2 1 17 5 9 11 12 14 13 0 20 20 14 19 2 4 20 13 20
5 18 9 15 18 6 14 8 5 4 11 11 4 6 2 19 3 8 20 9 12 18 7 9 8 12 5 10 11 17 12 3 6 10 14 15 16 17 4 10 9 0 20 17 2 4 12 4 19 17
4 4 17 1 8 10 10 1 17 11 2 18 11 11 9 11 8 10 1 4 14 7 10 18 12 10 12 11 2 15 1 15 13 19 2 5 2 10 12 17 11 6 0 7 9 3 17 16 9 2
5 13 17 10 4 16 17 15 14 13 17 17 11 3 12 2 12 18 20 6 13 15 20 4 17 19 3 16 19 2 5 12 15 13 15 14 10 9 2 11 18 14 19 0 12 11 18 20 17 7
8 13 2 8 15 11 9 9 5 9 18 19 1 8 16 5 5 16 18 16 11 18 4 4 18 13 15 12 17 15 6 18 11 13 20 16 9 12 13 17 14 18 18 13 0 2 12 11 12 7
20 1 9 18 10 11 12 14 3 2 4 1 17 18 10 8 1 5 20 13 20 3 8 18 19 14 9 11 15 12 17 6 3 12 9 18 12 5 19 16 5 14 4 3 15 0 2 15 10 19
13 18 6 5 20 5 19 15 12 18 1 2 2 10 5 11 6 16 18 9 7 8 20 17 1 9 20 10 5 6 15 8 1 10 12 2 14 1 14 11 8 9 4 8 16 3 0 5 17 8
4 19 1 13 9 14 16 12 12 3 4 6 5 18 14 3 2 1 9 11 13 6 14 18 9 7 2 7 10 11 12 7 6 16 4 7 12 20 18 5 13 16 16 14 8 11 13 0 7 16
20 20 9 4 13 7 20 9 12 7 11 11 13 1 9 6 4 5 12 20 19 5 13 9 1 12 7 12 8 14 19 6 9 19 15 3 13 12 7 18 18 19 6 1 19 17 15 8 0 15
18 13 9 19 15 13 17 4 15 6 20 6 17 19 6 16 9 3 19 6 13 13 9 4 9 7 7 7 16 13 17 17 1 18 17 17 7 20 10 5 9 12 16 17 17 13 13 16 14 0
