200
31 1
31 115
28 48
19 16
4 80
12 30
35 122
20 8
5 54
20 110
9 98
6 12
14 76
15 21
36 129
37 92
22 22
35 21
24 124
35 134
11 52
3 95
25 43
29 46
20 9
40 77
34 129
5 48
32 95
39 40
3 132
25 74
16 88
39 38
5 134
25 80
17 56
28 8
13 111
3 75
6 29
18 99
37 96
37 48
31 2
3 73
14 139
12 71
5 28
15 101
13 94
4 16
11 24
8 18
9 143
21 31
38 76
39 95
7 109
12 95
37 115
12 13
19 14
36 102
29 106
28 7
19 142
25 105
39 143
38 141
39 93
38 108
35 40
21 83
28 137
30 88
19 52
18 26
9 23
27 113
32 35
12 100
27 19
11 22
8 74
31 114
12 102
5 11
22 86
37 91
16 5
18 133
11 89
6 146
38 120
33 139
13 112
15 88
9 77
12 123
9 86
17 12
5 54
35 2
13 21
16 53
12 118
40 124
37 9
12 135
36 11
35 129
21 88
19 82
32 114
19 26
3 122
37 107
39 44
11 43
7 6
32 74
21 56
35 139
5 28
25 85
39 103
22 79
27 90
20 81
6 129
14 30
30 149
38 34
25 12
5 70
33 123
27 111
9 118
11 23
17 65
11 37
36 93
12 100
22 9
30 57
8 49
7 121
35 73
32 88
9 36
22 94
3 44
25 84
16 88
15 87
7 40
23 105
11 32
26 38
12 59
32 25
18 133
37 12
10 122
12 8
22 107
10 92
5 64
39 19
24 14
32 100
17 37
15 99
12 53
24 3
23 106
4 94
36 148
26 24
38 40
34 58
12 53
32 49
22 22
26 137
10 23
9 63
7 82
20 20
23 109
40 139
16 75
16 17
29 55
34 36
13 93
40 128
30 3
31 30
0 3 4 1 4 4 1 3 4 1 4 4 3 2 3 4 1 2 3 1 4 4 1 2 4 3 2 4 1 1 1 1 2 1 2 1 1 2 3 4 4 2 4 2 3 2 4 2 3 1 2 3 4 1 1 1 4 1 4 4 3 2 3 1 2 2 1 4 3 4 2 1 3 4 3 3 1 4 4 2 1 3 3 4 4 2 4 2 3 3 1 4 2 4 1 2 3 4 2 1 1 4 3 1 2 3 2 3 3 1 3 4 2 3 3 2 2 4 2 3 3 3 3 2 2 1 2 2 1 3 2 4 4 2 3 2 1 4 4 1 4 2 3 2 4 2 4 1 3 4 3 1 1 3 1 2 3 1 1 3 2 3 4 3 1 4 1 1 2 3 1 4 3 2 4 2 1 1 2 4 2 3 4 2 2 4 2 2 4 2 3 4 1 1 1 2 1 1 1 2 
1 0 4 3 2 1 4 2 2 2 3 3 1 3 3 4 1 2 1 2 4 1 1 4 3 4 1 4 3 1 3 2 4 4 4 1 2 1 3 3 4 3 1 2 2 4 4 1 3 3 3 4 4 2 4 1 2 2 3 1 3 2 4 1 2 1 2 3 2 2 1 2 1 3 4 1 2 2 4 4 2 2 2 3 2 1 1 1 4 2 1 1 2 4 3 4 1 4 4 1 2 4 3 1 3 2 1 2 2 1 1 2 2 3 3 4 1 3 1 2 4 4 1 2 2 3 1 1 4 3 2 1 1 1 2 4 2 2 3 4 4 2 1 1 2 1 3 2 4 1 4 3 1 3 3 3 3 4 4 3 3 1 1 3 3 3 4 3 1 2 3 2 2 4 4 4 3 2 1 3 3 3 1 4 2 4 4 2 1 3 3 2 4 2 2 2 3 3 1 4 
1 3 0 2 3 3 4 3 2 4 4 3 3 2 2 4 4 2 1 2 1 4 2 1 4 3 2 3 3 3 2 2 3 1 4 4 4 1 2 3 4 3 2 2 1 2 1 1 3 2 4 2 3 4 2 3 2 3 1 2 3 3 1 1 1 2 3 4 4 2 4 1 1 1 4 1 1 4 4 3 3 1 3 1 2 1 1 1 3 2 3 2 1 1 3 2 1 4 4 3 2 4 1 4 1 3 4 4 1 4 2 3 1 1 2 2 1 1 2 3 3 3 1 4 2 3 3 2 2 3 4 2 4 2 4 2 3 3 2 1 3 1 1 4 3 2 3 2 2 3 2 1 2 4 1 1 3 3 3 4 3 3 2 4 2 4 4 3 3 2 2 1 2 3 2 3 1 3 1 1 1 3 4 1 4 4 3 2 4 1 3 2 1 3 3 2 3 2 1 1 
4 2 4 0 4 3 2 1 3 1 3 1 2 1 1 3 2 1 2 1 3 2 4 2 3 3 4 2 3 4 1 4 2 1 2 2 2 4 1 4 1 2 1 1 1 4 3 2 1 3 4 4 3 1 2 2 4 2 4 4 1 1 1 1 4 1 2 1 1 3 1 3 4 1 3 1 4 4 3 4 4 2 1 3 3 1 3 4 4 3 3 2 2 3 4 1 3 3 4 1 2 2 4 2 3 2 1 1 4 1 1 2 4 4 4 2 3 2 2 4 3 4 3 4 4 3 2 3 4 4 3 1 2 1 4 3 2 4 3 2 3 2 3 3 2 2 4 2 4 4 1 4 1 3 1 3 1 2 3 1 2 1 4 3 1 3 4 3 1 4 1 1 1 2 1 2 2 2 4 2 1 1 4 1 1 4 1 4 2 1 1 1 3 2 1 2 2 2 3 2 
2 4 3 4 0 1 3 1 3 1 1 1 3 2 3 1 1 4 4 3 1 3 4 2 3 2 1 4 2 3 2 1 4 2 3 3 2 2 3 3 3 2 3 3 2 2 1 3 1 1 3 3 2 3 2 3 1 1 3 3 1 3 2 1 4 3 4 2 4 3 2 3 3 2 3 2 3 1 4 3 2 4 3 4 3 4 4 2 4 2 2 2 1 1 4 2 2 1 2 3 3 4 4 3 2 1 1 4 3 3 2 3 2 3 2 1 3 3 3 3 2 1 2 3 3 1 1 4 3 3 4 4 1 4 4 4 2 3 4 2 3 1 4 3 3 3 1 2 4 1 1 4 4 3 3 1 4 2 3 4 1 2 4 1 4 2 1 2 4 3 2 4 4 1 1 2 1 1 4 4 4 3 2 1 4 2 1 2 4 3 4 3 4 3 2 1 4 1 1 1 
1 3 1 1 4 0 4 2 2 3 1 3 4 4 3 2 4 4 2 4 4 3 2 1 1 1 2 3 1 1 2 4 1 2 2 4 4 1 4 1 1 4 1 1 2 1 1 3 1 3 3 1 3 1 3 4 2 4 1 3 4 4 1 4 4 3 1 4 2 3 1 2 3 3 3 3 1 4 3 2 3 2 2 4 2 2 2 3 2 4 1 3 4 2 2 4 2 3 4 1 3 1 4 4 4 3 1 1 1 4 2 1 3 4 2 1 1 1 3 3 3 1 1 4 3 4 4 2 3 2 1 2 1 3 4 3 4 4 1 4 2 2 3 4 4 2 1 2 3 4 1 2 3 1 1 1 2 1 2 3 3 2 1 3 1 1 1 1 1 3 3 1 1 3 3 3 4 3 1 4 1 3 2 3 1 2 2 2 1 4 3 2 2 3 4 1 3 2 3 4 
1 4 3 4 1 3 0 1 2 2 1 4 4 3 3 2 1 1 3 1 4 2 1 2 2 3 4 1 1 4 1 2 2 1 4 4 1 2 1 2 3 3 4 1 4 4 1 4 4 3 2 1 3 1 3 4 1 2 4 2 1 3 2 3 1 3 2 4 2 4 3 3 4 2 4 3 4 4 1 3 4 1 3 1 1 4 1 3 1 2 1 2 3 4 4 1 1 3 4 4 3 2 1 2 1 2 3 2 4 2 4 2 3 3 3 4 1 2 3 2 4 2 1 4 4 1 4 3 4 4 1 2 1 3 1 2 3 4 3 4 2 3 4 4 3 2 3 3 4 3 4 3 1 1 2 4 3 3 2 2 4 1 4 2 4 1 1 1 2 4 1 1 2 2 2 1 4 2 2 3 4 3 1 2 4 3 3 4 1 3 1 1 3 4 3 2 3 2 4 4 
2 4 3 1 1 2 2 0 2 3 3 1 1 3 1 4 4 3 2 3 4 2 4 2 4 1 2 3 4 2 1 1 3 1 4 1 1 4 1 4 2 3 4 3 2 3 1 4 4 3 2 4 3 3 4 4 1 1 3 1 3 1 2 3 3 1 1 1 1 3 2 1 2 1 3 1 4 1 1 3 2 4 3 3 1 3 1 4 2 1 4 1 4 1 3 3 3 3 4 4 2 2 2 4 2 2 1 4 1 1 3 3 2 4 2 2 2 1 3 3 1 3 4 3 1 4 2 4 4 1 1 3 4 1 4 2 1 4 4 4 3 4 3 1 1 2 1 4 2 3 4 3 3 3 1 3 1 3 4 1 4 1 4 2 3 3 3 1 2 3 2 1 4 1 4 3 4 1 3 2 3 4 2 1 2 2 2 3 4 3 4 1 2 3 3 4 1 2 1 3 
1 1 3 1 2 1 4 2 0 3 4 4 3 3 1 4 2 2 1 1 1 2 2 3 1 4 4 1 4 4 1 2 2 1 3 4 4 1 1 1 1 3 4 2 4 2 1 1 3 3 4 1 2 4 2 1 3 3 3 2 3 2 3 3 1 4 1 3 2 1 2 3 4 4 3 3 4 4 3 3 4 4 4 4 3 4 1 2 3 4 3 4 1 3 3 3 4 4 3 4 3 4 4 2 2 1 3 4 1 1 4 4 2 1 4 1 2 2 1 2 4 1 3 3 3 4 1 2 1 1 3 1 2 4 1 2 4 1 3 1 1 3 3 1 1 4 4 3 4 3 1 3 2 4 3 4 3 3 1 1 3 1 1 2 3 1 3 1 2 3 3 1 3 2 2 2 4 2 1 1 1 3 4 2 2 4 3 1 3 2 4 1 2 4 4 1 3 2 4 2 
3 1 4 4 1 1 1 3 2 0 4 4 4 3 2 3 1 1 4 4 1 1 3 2 1 4 3 4 2 1 1 1 2 1 1 3 2 1 2 3 2 4 3 1 1 1 1 4 1 3 1 2 4 2 3 1 4 2 2 1 2 2 4 1 3 2 4 1 1 2 3 1 2 3 1 3 1 2 4 4 3 3 2 4 4 1 4 2 4 4 2 1 1 1 2 2 2 2 1 4 4 3 1 2 4 3 4 4 3 2 4 4 4 1 3 3 2 3 1 2 3 2 2 1 2 3 4 1 4 1 2 1 1 4 3 3 4 4 2 3 3 3 2 2 3 1 1 1 1 2 1 2 1 2 1 1 3 2 3 2 3 1 3 4 2 2 3 1 1 3 2 1 2 3 2 3 1 1 2 3 3 3 3 4 1 3 3 4 4 1 1 4 2 3 2 3 3 1 4 4 
1 2 2 1 2 4 3 3 4 3 0 4 1 4 3 2 3 2 3 1 2 4 1 2 3 1 1 4 3 2 1 1 3 3 1 3 1 1 1 1 4 2 1 3 1 3 4 2 4 2 3 4 3 3 1 1 3 1 4 3 1 4 2 2 2 1 2 4 1 4 3 1 1 1 4 1 3 3 3 3 2 4 4 1 2 3 2 1 1 2 1 2 4 3 1 2 3 3 3 2 2 3 4 1 2 3 4 4 4 2 4 3 1 2 3 2 3 2 3 3 4 1 1 4 4 2 2 4 1 2 2 4 2 3 2 2 4 1 3 4 2 3 1 3 3 4 4 1 1 3 2 1 4 1 4 4 3 4 2 2 1 2 4 2 2 4 4 3 2 3 1 1 1 2 3 4 4 2 4 1 1 2 3 4 1 3 3 4 4 3 2 1 1 2 4 1 2 1 2 2 
1 4 3 2 2 4 3 3 2 4 3 0 2 2 1 2 4 3 4 3 4 2 3 2 2 1 2 3 4 3 4 1 1 2 2 4 4 1 3 3 1 1 4 2 2 4 1 4 2 2 1 1 3 4 2 2 3 3 4 3 2 4 4 2 2 1 4 3 4 2 4 3 2 1 2 1 1 1 3 1 3 2 2 4 1 1 2 4 2 1 3 2 4 3 1 3 3 2 4 1 2 3 2 2 3 1 2 3 2 1 1 3 4 1 4 2 4 2 4 1 3 2 4 3 2 3 4 4 1 2 2 1 1 2 1 2 3 4 4 4 2 3 3 4 2 4 4 1 4 2 4 4 2 4 1 2 3 2 2 4 3 4 4 1 3 4 2 3 1 3 3 3 4 4 1 4 1 1 4 2 2 4 1 1 3 3 4 3 3 4 2 2 2 3 4 2 3 3 2 3 
1 3 1 3 2 4 3 3 2 3 4 1 0 3 3 4 1 1 4 3 4 2 4 1 4 1 4 4 2 3 1 2 4 1 1 1 4 1 3 2 2 4 3 2 3 3 2 4 4 1 1 2 4 1 1 2 3 3 4 4 2 2 4 4 2 2 3 2 3 3 1 2 4 1 2 4 2 2 3 1 1 3 1 4 3 4 2 4 4 4 1 4 1 4 1 2 1 1 2 3 3 2 3 3 4 1 2 2 3 1 2 1 2 2 4 3 4 1 2 2 3 3 1 2 1 3 1 4 1 3 2 1 1 4 4 4 2 3 1 3 4 1 4 1 3 4 2 1 1 4 2 4 4 2 1 4 2 2 4 1 4 2 3 4 4 1 3 4 4 1 4 3 4 3 4 1 4 3 2 4 3 2 2 4 3 3 4 3 3 3 4 4 3 2 3 4 4 3 2 2 
3 4 3 4 1 4 1 3 3 3 4 4 4 0 2 4 1 1 4 2 4 3 1 1 1 3 4 1 4 2 2 4 3 2 1 4 1 1 1 2 2 3 4 3 3 2 1 3 4 4 4 2 3 2 2 1 1 1 4 2 2 2 2 1 3 1 4 2 3 1 2 2 4 3 3 4 1 1 2 4 1 3 1 3 3 2 3 2 4 3 4 4 3 2 4 2 2 1 3 4 3 1 1 4 4 4 1 1 3 1 4 1 3 2 2 3 4 4 4 3 1 4 3 3 1 3 4 2 4 2 3 4 2 4 1 4 4 4 2 1 4 3 2 4 2 3 4 2 2 1 1 1 2 2 4 2 4 3 1 4 3 2 3 2 4 3 3 4 3 2 4 4 1 3 3 1 3 1 1 3 1 2 4 3 3 3 3 2 2 3 2 4 3 3 3 4 4 2 3 2 
4 1 1 4 3 2 4 2 4 3 2 3 1 3 0 4 2 4 3 2 2 3 2 2 3 1 2 3 3 2 1 3 4 4 3 1 2 4 4 1 1 4 1 4 1 1 2 2 2 1 2 4 3 3 4 3 2 4 2 3 4 1 2 1 4 3 3 3 3 1 4 2 1 2 2 4 4 2 1 2 3 2 3 4 1 2 2 1 3 4 2 2 3 3 1 4 1 1 1 4 3 4 4 4 4 1 1 4 4 4 3 2 1 1 4 2 2 1 1 3 3 4 2 2 1 3 4 1 1 3 4 3 1 1 1 1 4 4 3 1 2 3 2 1 4 2 2 4 2 1 1 1 2 3 1 4 4 4 2 3 4 2 4 3 4 3 2 1 3 1 3 3 4 3 2 3 2 1 3 3 3 1 3 3 4 1 4 1 4 1 1 1 3 2 2 1 4 1 2 3 
2 2 2 3 1 3 3 1 3 4 4 4 3 2 2 0 4 2 4 1 3 2 3 4 4 2 2 4 3 2 4 1 1 3 1 2 1 2 4 2 2 4 3 4 4 3 1 4 1 3 2 1 4 1 1 1 2 1 2 2 3 2 3 2 2 2 1 1 1 2 2 3 2 1 3 3 2 2 2 1 4 2 2 4 3 1 3 2 2 3 4 4 4 3 3 4 2 1 4 3 4 1 4 1 1 3 3 2 2 4 1 3 1 2 2 1 3 4 3 1 1 3 2 2 2 1 4 1 1 1 4 4 4 1 3 4 3 1 3 4 2 4 4 1 3 3 3 3 1 3 2 2 3 1 1 4 3 2 4 3 2 1 4 2 2 2 1 2 4 1 4 2 1 2 4 3 4 1 2 1 1 1 1 1 2 1 2 1 4 1 2 1 3 4 1 2 4 4 3 1 
3 1 3 3 4 2 3 2 4 1 2 3 4 2 4 1 0 4 4 1 3 3 1 4 1 1 2 2 2 2 3 2 2 1 2 3 3 3 2 3 3 2 3 4 3 1 4 1 1 3 3 3 2 2 3 3 4 4 4 4 4 1 3 4 1 3 3 2 2 2 2 2 3 4 2 4 1 4 4 4 2 4 3 1 4 3 1 4 2 1 1 4 3 3 1 4 1 2 2 2 4 2 4 1 2 4 2 3 3 4 3 4 4 4 4 4 4 1 1 1 3 4 4 1 4 1 2 4 2 4 2 2 4 1 4 4 2 2 4 1 2 1 2 2 4 3 2 2 4 4 1 2 4 4 3 4 3 1 2 2 2 1 2 2 1 4 2 1 1 1 3 3 2 4 4 4 3 4 1 4 4 4 2 1 3 1 3 4 4 4 1 4 2 1 3 2 3 2 2 2 
1 1 4 3 1 1 2 4 4 3 3 4 4 1 2 1 1 0 4 3 1 3 1 3 2 3 1 3 2 3 3 1 3 2 3 4 4 2 1 1 2 3 3 3 2 3 3 2 1 2 1 2 2 3 2 2 2 4 2 3 2 4 2 3 2 1 2 2 3 2 4 4 2 4 2 4 4 4 2 3 2 4 2 1 3 3 1 4 4 1 4 2 3 1 3 4 4 4 2 1 1 3 3 4 2 2 1 2 2 1 1 1 4 2 4 4 4 3 4 4 4 2 3 3 2 4 3 4 2 4 4 3 2 2 1 1 4 1 1 1 4 3 3 1 3 1 2 3 4 3 2 4 1 2 4 4 4 1 3 4 1 1 1 2 4 2 2 1 2 2 3 4 3 3 1 3 4 1 2 4 3 2 1 4 1 2 1 2 4 4 2 2 2 2 2 4 1 4 4 2 
4 2 3 4 2 2 4 1 1 1 3 1 3 4 1 3 2 2 0 4 3 4 2 1 2 1 4 1 3 2 1 1 2 4 2 4 3 4 3 1 3 3 3 3 3 2 3 2 4 1 1 1 1 3 4 4 1 2 1 1 3 1 4 1 3 1 4 1 3 4 3 3 1 1 4 2 1 2 4 3 1 2 2 1 2 3 3 3 2 4 4 4 3 2 3 2 4 3 1 2 3 4 1 1 4 1 1 1 3 2 1 4 1 1 2 3 2 2 4 1 1 2 3 4 3 4 2 2 2 4 1 4 2 1 1 3 3 2 4 1 1 3 2 1 4 3 4 2 4 2 3 1 3 1 3 3 3 2 3 3 3 3 3 4 1 2 3 1 2 1 4 3 3 3 4 4 1 1 4 1 4 2 3 2 3 3 4 2 4 1 3 1 3 1 3 1 2 1 4 2 
1 3 1 2 1 1 3 1 2 2 3 3 3 1 2 1 1 4 4 0 3 3 1 4 4 2 2 1 2 4 1 2 4 3 1 3 4 2 3 1 1 2 2 2 2 1 4 3 2 1 1 4 1 1 3 4 2 3 3 2 4 1 2 1 4 1 4 4 4 3 2 1 4 4 1 3 4 2 1 1 2 1 1 4 4 2 1 3 3 4 2 4 2 1 1 2 3 1 1 3 4 4 2 3 3 2 4 3 3 2 4 2 3 2 2 4 1 3 3 2 1 3 3 2 1 4 3 4 2 1 3 3 4 2 1 2 3 4 3 3 1 1 1 4 4 2 4 2 3 4 2 1 2 4 2 4 1 2 3 4 4 2 1 2 2 4 2 3 2 1 4 1 1 1 3 2 2 3 2 2 3 1 3 1 2 1 1 4 3 3 2 4 1 3 1 3 3 4 2 3 
4 1 2 1 1 3 3 4 2 3 1 4 2 1 3 2 1 4 3 2 0 4 1 1 4 3 4 2 1 1 4 2 1 1 1 2 4 1 4 1 3 2 4 3 3 2 1 2 1 2 4 3 2 4 1 1 2 4 1 3 3 4 1 4 4 2 4 3 3 3 4 1 1 4 1 4 3 4 4 1 3 3 1 3 3 3 2 3 2 1 3 1 1 2 3 3 3 1 1 1 1 3 3 1 1 2 4 1 1 2 2 4 1 3 2 1 3 4 3 4 2 2 1 3 1 3 3 3 4 4 1 2 4 1 3 1 1 3 4 1 3 1 3 4 2 4 1 4 1 2 2 3 2 3 1 4 3 1 1 3 1 1 3 4 2 2 2 4 4 4 1 2 2 1 3 2 3 3 2 2 2 2 3 3 4 1 1 3 3 2 4 2 3 3 2 1 1 3 3 4 
2 3 2 1 2 4 3 4 3 3 4 4 2 2 4 3 2 4 3 3 1 0 4 3 2 1 2 2 4 1 2 4 1 1 3 2 3 1 2 3 1 3 3 4 1 3 4 1 2 3 1 2 2 2 1 2 3 2 2 1 1 1 4 4 1 3 1 2 1 2 4 3 1 1 1 2 3 2 3 1 4 4 3 1 4 3 3 1 2 2 3 4 1 4 3 1 2 1 1 1 2 2 2 4 4 3 2 3 2 4 2 2 3 3 3 1 4 1 4 3 4 1 1 1 4 4 2 1 3 2 1 3 4 4 4 2 2 4 1 1 1 2 1 4 1 1 2 4 3 4 4 4 2 3 3 4 4 2 2 1 1 4 1 2 1 4 1 1 2 4 3 2 2 4 3 2 3 1 4 1 1 2 2 2 4 2 4 4 3 1 1 4 4 3 2 1 3 2 4 3 
2 1 1 2 3 4 2 3 4 1 3 1 4 2 1 1 4 2 4 2 2 4 0 2 2 4 2 3 3 1 4 1 1 1 2 3 4 1 3 4 3 2 2 2 1 1 3 3 2 2 4 2 3 3 3 3 2 4 1 2 1 3 1 3 3 2 3 1 4 2 1 2 1 1 2 2 4 3 2 2 1 4 1 4 4 4 4 1 2 3 2 4 2 3 2 3 1 4 2 3 4 1 1 4 2 3 4 1 1 3 4 4 1 2 2 2 1 2 1 4 2 1 3 3 2 1 4 2 2 3 4 1 3 3 2 3 4 2 1 1 1 2 3 4 1 4 2 1 4 2 1 1 2 1 4 2 4 3 4 1 4 3 2 2 3 2 1 3 3 1 4 3 2 2 4 4 3 3 2 1 2 3 4 3 4 3 4 1 4 2 2 1 4 4 1 2 2 2 1 1 
1 2 2 4 3 2 1 1 2 2 3 4 4 2 4 1 2 4 2 3 1 3 4 0 3 4 2 1 3 4 4 1 2 1 4 4 2 1 3 1 2 3 2 2 3 2 2 3 2 1 4 1 3 1 1 4 3 4 1 2 3 4 2 3 2 1 4 2 4 2 3 1 2 1 3 3 1 2 1 4 1 2 1 2 1 2 3 3 1 4 2 4 4 3 4 2 1 4 3 2 2 3 2 1 2 4 3 4 2 1 3 1 2 2 4 3 3 4 2 2 2 2 1 3 1 3 2 1 2 3 1 3 1 3 2 1 3 1 4 2 3 2 1 4 1 4 1 1 4 4 2 1 1 2 1 4 4 1 3 4 3 1 4 3 3 3 1 4 3 4 1 1 2 2 1 2 3 1 2 4 1 2 4 1 2 4 4 2 4 3 2 4 4 3 4 2 1 3 3 3 
3 4 3 2 4 4 1 2 4 1 3 3 4 4 1 2 2 4 1 1 1 2 1 1 0 1 1 3 3 2 3 2 4 2 1 1 1 3 1 1 4 3 1 1 2 4 3 1 4 2 1 2 3 3 1 1 4 1 3 2 2 3 2 4 3 4 3 2 4 4 2 4 1 1 2 1 1 2 2 3 4 4 2 1 1 1 1 2 1 4 2 2 4 1 3 4 4 3 1 2 2 1 3 4 4 2 2 4 4 4 3 2 1 2 3 1 3 4 3 4 3 4 4 1 2 1 4 2 4 2 1 3 2 4 4 1 4 4 2 1 2 1 2 3 1 1 2 4 2 4 2 3 1 4 3 2 1 2 3 3 4 2 3 2 1 1 2 2 4 4 1 3 4 4 3 3 2 4 2 4 4 2 4 1 2 1 1 1 4 1 4 1 4 2 4 2 4 2 4 1 
1 2 2 1 4 3 4 3 1 2 3 4 1 3 1 3 2 1 3 4 1 1 4 3 1 0 4 2 4 2 3 3 1 4 1 3 1 2 3 4 3 2 4 4 1 1 3 4 2 4 3 1 3 2 2 1 3 1 1 3 3 1 1 4 3 3 2 2 4 4 1 1 3 1 2 4 4 1 4 1 4 3 1 4 2 3 1 3 2 3 3 3 2 1 2 1 4 2 2 2 1 4 2 4 4 2 2 2 2 1 3 2 3 1 4 1 3 3 3 2 1 1 1 1 3 2 3 4 4 2 4 2 1 4 3 4 3 2 1 2 3 3 4 2 4 2 4 1 4 2 3 4 3 2 3 4 2 1 4 4 1 3 2 1 3 4 1 2 1 3 3 4 4 4 4 4 3 1 4 1 3 4 1 4 2 4 2 2 3 3 2 3 3 1 1 2 1 2 3 1 
2 2 2 4 2 3 3 3 4 1 2 1 2 1 3 1 1 1 4 4 1 1 2 3 4 2 0 4 3 3 1 3 1 3 1 4 2 4 1 3 2 3 4 2 3 3 4 3 4 4 2 4 3 3 3 3 3 4 1 1 3 1 2 3 2 4 3 2 2 1 3 1 2 2 2 4 1 3 3 3 4 3 4 4 3 3 4 2 4 1 4 3 1 3 2 4 4 1 1 3 2 1 1 3 1 1 2 2 2 4 3 2 1 3 3 4 2 1 2 3 4 2 2 2 2 3 1 3 1 1 1 2 3 3 3 1 4 3 3 2 4 1 4 3 2 3 2 1 4 2 3 1 3 2 3 3 1 4 1 4 3 2 2 2 4 1 2 4 2 2 3 1 1 3 4 4 4 4 1 1 2 4 2 1 2 4 2 3 2 3 3 3 4 1 3 4 4 2 4 1 
2 3 1 3 4 3 1 3 3 4 2 3 2 4 2 4 1 2 3 3 3 2 4 4 3 3 3 0 3 2 4 3 1 2 1 2 4 2 1 3 1 3 4 1 1 1 2 2 4 1 1 3 2 4 3 1 1 2 4 3 4 2 3 1 1 3 2 2 3 3 3 1 3 4 2 4 1 1 4 1 3 3 4 1 2 3 3 2 2 4 2 1 3 2 2 1 1 1 3 3 1 1 1 3 3 2 2 4 1 3 2 1 3 4 3 3 1 2 1 2 2 2 4 3 2 4 4 3 1 3 3 2 3 3 3 1 4 2 2 1 2 1 1 1 2 2 4 2 3 1 3 3 1 2 3 3 1 2 3 1 2 2 1 3 2 4 1 1 2 1 4 1 2 4 3 1 1 1 3 2 4 3 2 2 2 2 3 3 1 3 3 4 4 2 3 3 2 3 4 2 
1 2 4 2 4 2 4 2 3 2 1 1 2 1 4 2 3 4 4 4 2 3 4 4 2 4 4 4 0 3 4 3 3 3 3 3 2 2 4 1 1 3 3 1 3 4 1 2 1 3 2 2 3 4 4 2 1 3 1 3 4 3 4 2 2 3 4 1 2 2 2 1 4 4 3 2 3 2 2 2 4 2 4 3 4 1 4 2 2 1 4 2 3 1 3 1 3 2 4 1 1 4 4 2 1 2 2 1 3 4 3 2 3 4 4 2 1 2 4 1 4 4 2 1 1 4 1 4 4 2 3 4 4 2 4 4 2 2 2 2 1 3 4 2 1 1 1 4 1 4 4 2 1 3 1 3 4 2 4 1 3 4 4 1 1 3 2 4 2 4 3 3 3 3 2 4 2 3 4 3 1 3 2 2 4 2 3 2 3 1 1 4 2 2 2 3 2 2 3 4 
4 2 2 2 2 3 3 3 2 2 4 4 1 3 4 4 4 4 4 3 1 3 4 1 3 2 2 4 1 0 3 1 1 1 4 2 3 3 2 1 1 2 2 1 2 3 3 2 2 3 2 1 1 1 2 3 3 3 3 4 4 2 2 2 1 4 1 2 1 4 2 4 2 4 1 3 1 3 4 1 1 3 3 1 4 4 3 2 2 2 2 2 4 1 4 2 2 4 4 4 3 2 4 1 3 3 2 2 3 4 2 1 2 3 2 2 3 2 3 3 2 4 1 3 4 4 3 1 1 1 3 1 2 1 2 4 2 2 1 3 2 4 4 4 4 3 4 4 3 1 3 2 1 1 4 3 1 3 2 2 1 4 1 1 4 3 4 3 3 4 3 4 3 2 4 3 4 4 1 1 2 3 1 2 4 1 2 1 4 3 3 4 4 4 1 3 2 1 4 3 
1 3 4 1 2 1 4 2 2 2 1 4 2 4 3 2 2 4 3 4 2 2 4 4 2 1 2 1 3 1 0 2 3 4 3 2 3 3 4 1 3 3 1 3 4 4 3 3 2 3 2 3 4 3 3 1 1 1 3 3 1 3 1 2 1 1 4 3 4 1 2 2 3 3 4 3 4 3 2 1 1 1 3 3 4 1 1 3 4 4 2 1 2 3 2 4 2 3 1 2 2 4 3 3 1 2 1 3 1 4 4 1 4 1 1 3 1 2 2 3 2 4 1 1 2 4 2 2 3 1 2 4 2 3 4 3 1 3 2 2 4 1 1 4 4 4 2 2 4 2 2 4 2 2 1 1 2 1 1 2 1 1 3 3 3 4 1 3 4 1 3 2 3 3 4 3 4 4 3 3 2 4 4 2 2 2 1 4 1 4 1 2 1 4 3 4 4 3 4 3 
2 4 3 2 1 4 2 4 3 1 3 4 4 3 2 3 3 4 4 3 2 1 1 2 3 1 1 1 4 4 4 0 3 2 4 3 1 2 2 1 3 1 2 1 2 3 4 4 3 1 3 1 3 2 3 2 3 3 3 1 4 4 2 4 3 4 3 2 2 2 1 4 1 1 3 4 3 4 3 2 3 2 4 1 2 1 4 4 4 4 2 2 1 1 4 4 3 2 1 3 3 4 3 2 2 1 3 1 4 3 3 3 4 1 3 4 3 1 3 3 3 3 3 3 1 3 3 2 4 2 2 4 2 4 2 3 3 1 3 1 2 2 4 1 4 2 2 3 2 3 4 3 4 3 2 3 3 2 4 4 3 3 4 3 2 4 1 2 1 1 3 4 4 1 4 4 4 3 4 1 2 3 2 1 3 4 4 1 1 3 4 3 3 3 3 3 2 4 2 3 
4 1 1 2 4 2 2 3 2 2 1 1 2 2 4 2 3 2 1 4 3 2 1 3 3 1 4 3 1 2 4 2 0 3 2 2 1 4 2 1 3 3 4 3 2 1 3 3 1 1 1 1 4 1 1 2 4 2 3 1 3 4 3 2 2 3 3 2 3 3 3 1 1 1 1 4 3 2 4 1 2 1 4 1 2 4 3 3 1 1 2 2 3 1 2 3 3 3 3 2 1 1 1 4 3 4 1 4 1 1 2 1 4 3 3 4 3 3 4 3 3 4 2 1 4 4 4 4 3 1 2 3 2 3 3 2 1 3 4 1 4 2 4 3 4 3 1 3 1 3 2 2 3 4 4 1 1 2 2 4 2 4 4 2 2 4 2 2 4 2 3 3 2 4 4 2 1 4 1 1 1 2 1 3 4 3 1 3 1 4 1 3 1 4 1 2 2 2 3 1 
1 1 4 1 2 3 3 2 4 2 1 3 1 1 3 4 1 1 3 1 3 2 2 3 4 3 3 1 4 2 2 4 4 0 3 1 2 1 4 3 3 3 2 1 2 1 2 1 1 3 4 3 2 3 1 1 3 2 2 4 4 3 2 4 2 2 3 3 2 4 3 2 3 4 2 2 4 4 3 3 2 4 4 4 1 4 1 3 4 3 1 1 1 2 3 2 2 1 3 2 1 1 2 1 4 4 3 4 2 2 1 4 3 3 3 2 4 4 1 2 1 2 3 3 3 3 2 4 1 4 1 2 3 2 1 1 3 3 4 3 3 4 1 3 4 2 3 2 3 2 1 3 1 1 4 1 3 2 1 4 2 2 3 4 4 2 2 1 2 3 4 1 4 2 1 2 1 4 3 4 2 3 3 4 1 2 2 3 3 1 1 1 2 1 4 1 3 3 1 4 
1 4 4 3 2 1 1 1 1 2 3 2 2 3 4 4 3 1 2 1 3 3 1 2 2 2 3 2 1 4 1 3 2 4 0 4 4 1 1 2 3 3 1 4 3 2 3 1 2 1 4 1 2 2 3 3 3 3 4 4 4 1 1 3 3 1 1 4 4 1 3 1 2 3 2 4 2 4 4 2 3 1 2 2 2 2 3 2 3 2 1 3 2 4 4 4 4 1 3 1 3 3 4 2 2 4 1 1 1 1 4 4 1 3 4 1 2 4 3 2 3 3 3 2 1 4 2 2 3 1 2 2 1 2 4 4 1 2 3 4 1 2 4 4 3 3 2 2 4 1 2 3 4 1 3 1 3 3 3 1 1 1 2 3 3 1 3 2 3 4 2 4 3 2 2 1 1 1 2 2 3 4 1 3 4 1 1 2 4 3 1 4 2 3 3 4 1 2 2 4 
3 2 2 3 3 4 2 2 4 2 2 2 3 2 2 1 3 4 3 4 1 3 1 4 1 2 1 4 2 4 3 2 1 4 2 0 1 1 3 3 4 4 2 2 1 1 3 1 2 4 3 1 4 1 1 3 1 3 2 4 1 2 3 4 3 4 2 1 3 4 1 4 2 2 4 1 4 3 2 4 2 3 4 1 4 2 4 3 1 1 1 4 4 3 4 4 3 3 4 4 4 1 4 1 2 2 1 1 4 2 2 3 1 4 3 1 3 2 4 3 2 1 4 1 1 1 4 4 1 1 4 1 3 1 3 3 2 1 4 1 2 4 4 2 1 3 4 2 3 4 4 3 4 3 4 4 3 2 3 3 4 1 4 4 1 3 3 2 1 1 3 4 4 1 2 2 3 4 3 2 4 3 3 2 3 3 1 4 4 2 2 3 4 3 4 2 4 4 2 4 
2 2 4 4 3 3 2 3 1 1 3 2 2 4 2 3 2 3 3 3 1 3 1 4 2 2 2 3 1 4 1 4 2 1 1 4 0 2 1 3 1 3 4 4 4 2 2 4 4 1 1 3 1 4 2 4 1 3 3 1 1 3 3 4 3 2 1 1 4 1 1 3 2 1 1 4 2 1 4 2 1 4 1 4 2 2 1 1 2 1 4 4 4 4 3 1 1 3 3 4 4 4 3 2 4 1 1 1 2 4 3 3 1 2 3 1 3 2 2 2 3 3 3 3 4 1 1 3 3 4 2 1 2 2 2 1 2 4 4 4 3 3 3 2 1 1 4 3 2 4 4 1 1 4 2 4 4 1 2 4 3 2 1 2 3 3 4 1 2 4 4 3 4 3 1 4 2 3 2 1 1 4 2 4 1 3 2 1 1 3 2 3 1 4 2 4 4 3 3 1 
3 2 4 1 2 2 4 4 3 1 4 1 2 2 3 1 2 4 1 2 3 3 1 1 1 1 2 2 1 3 2 1 3 3 1 1 2 0 4 1 1 3 2 2 2 1 3 3 1 4 1 3 3 3 1 3 3 2 1 4 3 1 1 2 1 2 2 4 3 1 2 2 2 2 3 3 1 4 3 2 4 4 3 4 4 2 3 2 4 2 2 1 1 1 1 1 4 4 3 3 4 2 2 1 1 2 3 3 1 1 3 3 1 3 1 3 1 3 4 3 1 4 1 3 4 3 1 1 4 4 4 2 2 4 4 1 4 1 4 4 1 4 2 1 3 1 3 2 4 4 4 1 1 3 2 1 1 2 3 2 2 1 3 1 4 4 3 2 2 2 3 1 1 2 3 2 1 1 1 3 2 4 3 4 2 1 1 4 1 2 4 2 1 2 2 4 2 2 2 2 
3 4 3 1 4 4 3 1 3 2 2 2 3 1 4 3 4 1 3 2 4 3 4 1 2 4 4 3 2 2 4 3 3 1 1 2 4 3 0 2 3 3 3 4 4 4 2 1 1 4 2 2 2 1 2 4 4 1 2 2 1 2 4 2 1 2 2 3 3 3 3 2 2 3 4 1 3 2 3 3 3 2 2 3 4 1 1 4 4 4 2 1 1 4 3 4 2 2 4 2 2 2 3 2 2 3 1 1 1 2 3 3 4 4 4 3 1 2 1 3 1 1 3 3 1 4 1 1 3 4 2 3 1 1 3 4 1 3 2 1 3 1 3 1 1 4 2 1 2 2 4 2 4 2 3 2 3 1 1 1 3 2 4 1 4 1 2 2 4 4 1 4 1 3 2 1 4 2 3 1 2 2 2 1 3 4 1 2 2 1 4 3 2 2 4 2 1 4 1 1 
1 2 2 1 2 4 2 1 1 4 2 1 2 2 3 3 1 2 4 1 3 2 4 1 2 1 2 3 1 2 2 3 1 3 3 3 2 2 1 0 3 1 3 2 2 3 2 2 4 2 1 1 3 4 1 3 1 4 1 1 4 2 4 4 4 2 2 2 3 3 2 3 4 1 4 3 4 3 3 1 2 1 2 2 2 2 2 4 1 1 2 2 1 2 3 3 3 1 4 2 2 2 3 2 3 1 2 1 2 3 4 4 3 2 2 3 2 1 1 3 1 1 2 2 3 2 4 3 3 1 3 3 4 4 4 4 3 1 2 3 2 2 1 2 2 2 4 3 3 2 2 1 3 3 3 4 2 2 3 2 3 2 1 3 3 3 4 4 4 3 2 3 2 2 4 2 4 3 2 1 2 3 2 4 3 4 2 4 2 3 4 2 4 3 2 3 4 4 1 3 
2 4 4 2 3 1 1 1 4 4 2 1 3 2 4 4 3 4 4 3 3 3 1 3 1 3 3 1 4 2 1 1 1 2 4 3 4 2 3 3 0 3 1 4 1 4 2 4 4 2 2 1 1 3 2 1 1 3 2 2 4 3 2 2 3 3 2 4 2 4 1 2 1 4 2 2 1 2 2 2 3 2 2 2 4 4 4 1 2 2 1 1 1 3 4 3 3 4 1 1 4 1 3 2 3 4 3 4 2 2 1 2 3 1 1 3 2 1 4 2 2 4 2 1 4 4 2 3 2 4 4 3 2 3 4 2 1 2 2 4 3 4 4 2 1 4 3 3 1 3 4 4 3 3 3 4 4 4 4 4 3 4 3 1 2 4 4 2 2 3 2 3 2 4 3 3 1 4 2 2 3 3 3 4 4 1 3 4 1 1 2 1 3 4 4 1 4 1 3 2 
2 2 3 4 2 1 1 1 1 2 4 1 4 3 4 2 4 3 4 3 4 3 3 1 4 4 1 4 1 1 3 4 2 2 1 2 3 4 3 2 1 0 4 1 4 3 4 3 4 2 2 3 3 1 2 3 4 4 1 2 4 3 4 4 3 4 3 2 1 2 3 1 3 2 2 4 2 3 4 2 2 4 2 3 4 3 2 1 2 2 3 3 3 4 4 1 3 3 2 1 2 3 1 2 3 4 4 4 3 4 3 1 4 4 1 3 1 3 1 2 2 4 4 2 1 4 2 3 3 2 1 2 1 4 3 3 3 1 2 4 1 2 2 3 3 4 4 3 1 1 2 4 4 4 1 1 2 2 4 4 1 4 2 3 3 3 1 1 1 3 2 3 4 4 2 3 3 4 1 1 4 3 1 3 3 3 2 2 4 1 3 1 4 4 4 2 2 2 3 1 
1 1 2 2 4 4 1 1 1 1 2 2 4 3 3 2 1 4 4 2 4 4 1 4 4 3 2 2 2 3 2 3 4 1 3 4 4 2 2 1 1 1 0 3 2 2 4 1 1 2 4 4 3 3 1 3 3 4 2 2 4 1 1 1 2 4 3 3 2 4 1 4 1 4 4 1 1 4 3 2 2 3 2 2 1 1 1 4 1 3 4 3 1 2 2 4 4 4 2 4 2 1 4 3 2 3 4 2 1 3 2 2 2 1 3 2 3 3 2 1 1 3 2 3 3 3 2 2 1 4 2 3 2 4 3 4 4 3 2 4 2 2 2 2 2 1 2 3 1 1 4 2 4 4 3 3 1 1 1 2 1 4 4 2 1 3 3 3 1 2 1 4 4 1 1 2 1 3 1 2 1 3 4 4 2 1 4 2 4 3 4 2 1 2 3 3 1 3 3 2 
4 2 4 4 3 4 3 1 1 1 4 3 4 2 4 3 4 1 1 2 3 1 4 4 1 3 2 4 2 2 1 2 3 1 2 3 3 2 3 4 1 2 3 0 3 2 3 4 3 1 3 4 2 1 1 1 2 2 2 4 4 4 2 4 1 2 4 3 2 2 2 4 2 2 1 2 2 2 2 2 4 4 1 2 1 4 3 1 1 2 4 3 3 4 4 3 4 1 3 4 2 2 4 2 3 2 4 1 4 3 4 1 3 4 2 4 1 2 3 2 1 2 2 4 1 3 2 2 2 2 1 3 4 4 1 3 1 3 2 3 1 2 2 3 3 4 1 2 2 1 4 3 2 3 3 3 4 4 2 2 1 3 3 4 4 3 2 4 1 2 2 4 2 1 1 1 3 4 3 2 4 4 1 3 3 3 2 1 1 1 2 1 2 4 4 3 4 4 2 4 
2 4 1 4 3 1 1 1 1 3 1 1 4 3 1 4 2 4 3 3 3 4 3 2 2 4 3 3 4 1 3 3 4 1 3 3 2 3 1 3 4 1 4 2 0 2 3 4 3 1 2 2 4 4 1 3 4 1 3 3 4 3 2 1 4 4 2 2 2 1 1 4 1 2 4 4 3 3 3 2 4 3 1 3 2 2 4 4 2 3 3 3 3 3 1 3 3 2 3 4 1 2 1 1 4 2 4 1 3 2 4 4 1 4 2 4 2 4 4 3 2 4 3 3 3 3 4 4 2 2 3 2 3 4 4 1 1 3 2 4 1 1 1 2 4 4 4 3 4 2 4 4 2 1 1 2 3 4 3 4 1 2 3 2 4 3 1 2 1 3 3 4 1 1 2 4 2 1 1 2 1 3 1 1 3 3 2 1 4 4 1 4 1 3 2 1 1 3 4 1 
4 3 3 3 1 2 1 3 2 2 3 4 4 3 1 4 1 3 4 1 1 1 1 4 1 1 3 1 3 2 4 4 1 1 3 2 1 4 1 3 3 1 3 2 3 0 2 2 2 4 3 3 2 3 3 4 4 1 3 4 1 2 4 2 3 3 4 4 4 4 3 2 1 1 4 1 2 1 3 2 3 2 2 4 2 2 2 4 1 4 1 3 1 4 4 3 3 2 2 4 1 1 3 3 2 3 3 4 1 1 3 3 1 4 2 2 2 1 2 4 4 3 2 3 3 1 4 4 4 2 4 2 1 3 1 3 2 2 3 2 1 1 4 1 3 3 1 1 4 1 2 1 1 2 4 1 4 1 4 2 3 2 3 2 1 4 4 3 2 1 2 2 3 1 2 4 2 4 1 1 4 4 2 2 2 1 1 1 2 4 1 1 4 2 1 4 3 2 4 4 
1 3 2 1 1 4 2 4 3 4 1 2 1 2 2 4 2 3 1 2 3 4 3 2 4 2 4 4 1 4 1 1 1 4 2 4 3 2 2 2 2 2 2 3 4 4 0 3 3 2 4 1 1 3 1 4 1 3 1 4 4 2 3 2 3 4 1 4 4 1 4 1 1 3 1 4 4 3 4 4 4 4 1 3 3 2 2 3 4 1 4 1 4 2 1 3 3 1 2 4 2 1 3 4 4 2 2 2 1 3 2 2 4 2 4 1 3 1 1 2 1 1 2 3 3 3 2 2 3 4 4 3 4 3 4 2 4 4 1 3 4 3 2 1 4 3 1 2 3 2 2 4 4 4 1 3 4 2 3 1 4 2 2 3 1 4 4 2 3 1 3 4 2 3 3 4 4 3 4 2 3 2 2 2 1 3 3 2 1 2 2 4 3 1 3 1 4 3 3 2 
1 2 2 1 3 4 3 2 3 1 1 4 4 4 2 4 1 2 1 2 3 4 3 3 4 1 3 4 3 3 2 4 3 1 1 1 1 3 3 4 2 3 4 3 1 2 1 0 4 3 2 3 2 4 1 3 3 1 2 4 2 4 3 3 3 3 4 1 2 3 4 4 4 4 4 4 4 3 2 2 1 1 1 1 2 2 3 3 2 2 2 1 1 2 2 2 4 1 2 2 2 4 2 1 3 3 4 1 3 1 4 2 2 2 3 3 4 1 3 4 4 2 1 3 1 1 4 2 1 2 4 2 4 4 3 1 1 2 2 1 1 4 4 4 1 3 4 4 3 3 1 1 4 4 1 1 4 1 2 3 3 3 2 1 1 1 3 3 3 3 1 3 4 1 3 4 1 3 2 2 4 1 2 3 4 1 2 4 2 2 2 3 2 3 2 1 2 4 2 4 
1 1 4 4 2 3 4 1 4 1 1 1 2 2 1 2 2 2 4 1 2 2 3 1 3 1 2 3 1 4 3 3 1 2 3 2 1 3 4 3 3 4 2 3 2 2 3 2 0 3 3 3 4 2 2 2 3 1 2 3 3 4 1 4 1 2 2 2 2 2 3 4 2 4 1 4 1 3 1 2 3 3 2 2 2 1 3 2 2 1 2 3 1 3 2 2 4 1 3 4 1 3 2 3 2 1 2 2 2 4 3 3 1 4 3 1 1 2 3 2 3 4 1 3 4 3 4 1 3 3 4 4 2 3 1 4 3 3 1 2 1 4 3 3 4 3 4 3 1 2 4 2 4 2 4 3 4 1 2 2 4 1 4 1 3 1 1 1 3 2 4 4 4 1 3 2 1 1 2 4 2 1 3 4 3 1 1 1 4 2 1 3 2 3 1 2 1 2 1 4 
3 3 4 4 4 2 1 4 1 1 2 4 1 4 2 4 3 4 3 2 3 1 2 2 4 4 3 1 4 2 2 2 3 1 1 1 1 2 2 4 4 4 1 2 4 3 3 2 1 0 3 3 1 1 4 2 1 4 1 1 2 1 4 4 3 3 4 1 4 2 1 3 2 1 1 1 4 1 2 2 4 1 2 4 3 3 3 1 2 4 1 3 3 2 1 1 1 4 4 2 1 1 3 1 4 3 2 3 1 3 4 1 2 2 3 2 4 1 4 4 2 4 3 4 4 3 3 3 3 4 3 3 1 3 1 2 4 3 1 3 1 4 3 1 2 4 1 4 4 3 3 1 2 1 4 3 3 2 2 4 2 2 2 3 2 2 1 3 3 1 3 3 2 1 3 2 1 4 2 1 2 2 2 1 2 2 1 4 3 4 4 4 4 4 3 4 3 1 4 2 
2 1 2 1 4 4 2 1 4 2 3 4 2 1 3 2 1 3 4 3 1 4 2 1 4 3 3 2 3 4 2 1 4 2 3 4 1 4 2 3 1 2 3 4 2 4 3 1 4 1 0 3 2 1 1 4 2 1 3 2 3 4 4 2 2 3 1 1 1 3 1 2 3 2 2 4 3 2 4 2 4 3 1 1 3 4 3 1 4 3 3 2 3 3 2 1 3 4 3 2 1 1 3 1 2 3 1 2 3 1 2 4 4 3 2 2 1 1 1 4 3 4 3 4 4 2 3 4 4 2 4 1 3 2 4 2 3 3 1 2 4 2 4 2 2 2 3 4 1 4 2 4 3 3 1 3 3 2 1 1 1 4 1 2 3 1 1 3 1 1 2 1 3 1 4 4 4 4 3 1 2 2 2 2 2 1 3 3 4 3 2 3 2 4 2 2 2 1 4 1 
1 3 4 4 3 4 3 1 3 3 1 3 4 4 2 4 4 3 3 1 2 1 3 4 4 4 1 4 1 1 3 4 4 4 2 4 1 2 3 4 2 4 3 1 3 4 2 4 1 1 1 0 1 3 2 2 3 3 1 2 1 4 3 4 4 3 2 3 1 4 4 4 1 1 3 3 3 3 4 4 2 4 2 4 1 3 3 2 3 4 3 3 4 1 3 3 4 4 1 3 3 3 4 4 1 2 4 4 1 1 4 2 2 3 2 2 2 3 3 2 1 3 1 2 4 4 1 3 3 4 2 3 4 4 1 4 4 4 1 4 2 2 2 2 1 3 1 2 2 2 3 1 3 3 4 2 2 2 3 4 1 3 4 2 4 1 1 4 4 3 1 3 1 1 3 1 1 1 1 2 2 2 3 2 4 3 2 4 4 3 4 2 4 4 1 3 3 3 2 2 
4 2 4 2 2 3 2 2 3 4 4 2 2 3 1 2 4 3 4 3 3 2 4 4 4 3 4 3 2 2 1 1 3 2 3 3 3 2 4 4 1 3 2 3 2 3 3 2 3 3 1 4 0 3 4 3 1 3 3 4 4 2 4 4 4 4 2 2 3 4 4 3 4 3 2 4 3 2 2 1 1 4 4 1 4 2 2 3 4 1 3 3 2 1 2 4 3 2 3 3 3 2 2 3 1 1 2 4 4 4 4 3 2 2 3 4 2 4 3 3 3 1 2 1 1 1 3 2 1 1 4 2 3 4 3 3 2 3 3 2 4 1 1 1 2 4 2 3 2 3 4 3 2 2 4 4 3 2 1 3 4 2 1 2 2 4 2 1 2 4 4 1 4 4 2 3 1 2 4 4 2 3 4 4 3 1 4 4 1 4 4 1 1 4 4 4 4 3 1 2 
3 1 1 3 3 3 1 1 1 1 1 4 4 3 2 1 2 4 1 3 2 4 2 4 1 3 1 3 4 3 3 4 1 2 2 4 2 3 2 1 4 2 2 4 2 4 1 3 2 1 2 3 1 0 3 1 3 4 3 1 1 4 4 1 2 3 3 1 4 1 4 2 4 2 1 1 4 2 3 4 2 4 1 1 3 2 1 2 3 2 3 3 4 4 2 2 2 1 2 1 1 4 2 3 1 4 4 1 2 1 2 2 1 2 4 4 3 4 3 1 1 2 3 2 3 3 3 4 4 1 3 4 3 2 1 2 1 3 2 2 1 2 3 2 2 3 1 3 2 4 2 3 3 1 2 1 3 2 1 2 4 3 4 4 3 4 2 3 2 3 3 1 2 3 4 1 2 1 1 1 3 3 2 3 4 3 3 1 1 3 2 2 3 1 2 4 1 3 2 4 
4 2 2 4 2 1 3 4 2 2 3 4 3 2 4 4 4 4 3 2 3 4 2 1 1 2 4 1 2 1 1 2 2 2 1 3 2 4 1 3 4 2 4 1 2 4 4 4 1 1 3 1 1 2 0 1 4 3 1 4 1 2 1 2 2 1 2 2 2 1 1 4 3 2 3 4 1 1 4 2 1 2 4 4 2 3 3 2 3 1 2 2 1 1 3 2 3 3 4 1 1 4 2 4 4 2 2 2 4 1 4 3 2 3 1 3 1 4 3 1 4 2 4 3 3 4 1 2 1 1 3 4 3 1 3 2 3 3 1 2 4 4 1 3 2 3 1 1 3 2 3 3 1 1 3 1 3 2 2 4 2 1 4 2 3 1 3 2 2 3 2 1 1 3 4 2 2 3 3 4 3 4 4 1 3 1 4 1 1 4 3 1 2 2 4 2 4 3 3 1 
4 4 2 2 4 3 2 3 4 4 4 4 3 2 2 1 3 4 4 2 4 4 3 2 1 1 1 1 4 4 4 4 1 3 1 4 4 4 3 4 3 4 2 4 2 2 3 3 1 3 1 3 3 2 2 0 2 1 1 4 1 4 4 2 3 1 2 2 1 2 3 3 1 4 3 3 1 3 2 4 1 4 2 4 4 2 1 2 4 2 4 1 4 3 3 1 3 2 4 4 1 3 3 3 4 2 3 1 2 2 1 1 4 4 2 1 2 1 4 1 1 1 4 2 2 4 1 2 3 3 2 3 2 2 2 4 2 1 1 1 4 2 3 2 2 4 1 3 4 1 2 4 1 3 2 3 2 4 1 2 2 4 2 4 1 1 4 2 2 3 1 3 2 2 1 2 4 3 3 2 3 3 3 3 3 3 4 4 4 3 1 2 4 3 1 4 1 2 2 2 
4 2 4 2 1 4 1 2 2 4 4 1 3 3 1 2 4 4 3 1 4 3 3 2 1 1 4 3 4 3 3 2 4 2 4 2 3 2 4 4 1 2 1 4 3 1 2 4 3 4 1 2 2 2 3 4 0 3 1 3 4 3 4 1 2 4 2 1 2 2 1 2 1 2 4 4 3 1 2 2 3 4 4 3 3 4 4 1 4 1 4 1 3 1 1 3 3 3 2 1 3 2 3 4 3 4 2 2 4 3 1 3 4 1 2 4 3 4 1 1 2 4 2 2 1 2 4 4 3 3 4 2 4 2 2 1 4 2 3 1 3 2 4 4 4 3 3 1 4 1 3 4 4 2 1 2 2 4 4 2 4 3 3 2 3 2 3 3 4 1 1 1 1 4 3 1 3 3 3 4 1 1 2 4 3 3 2 2 2 3 2 2 3 2 2 4 1 3 4 1 
2 1 2 3 4 1 3 3 1 3 1 4 2 3 1 4 4 4 2 3 2 3 2 3 3 1 1 2 2 1 3 1 4 2 1 2 4 4 4 4 1 1 2 1 1 3 2 2 3 3 2 4 3 1 2 2 1 0 3 1 4 2 1 1 3 4 3 1 4 2 1 4 4 2 1 2 2 3 4 4 3 4 3 3 3 4 4 1 3 2 2 2 2 4 3 3 2 4 1 2 4 4 3 1 4 4 1 2 4 3 3 4 3 1 3 4 2 2 3 3 3 4 3 4 3 3 3 4 1 2 4 3 1 2 2 2 1 4 3 3 4 2 4 1 4 2 4 3 4 1 3 1 3 3 2 4 2 1 2 1 3 4 2 1 2 3 4 4 4 3 2 2 2 1 3 3 1 3 1 1 3 1 2 3 4 4 1 2 1 4 2 4 4 1 1 1 1 4 4 2 
4 3 1 2 4 3 2 1 4 2 4 4 4 3 3 4 4 1 4 3 2 2 1 3 1 3 2 1 1 1 2 1 2 2 3 2 2 1 3 4 3 3 3 2 4 3 1 3 4 4 4 4 2 1 2 3 1 2 0 3 2 4 3 4 2 1 1 2 3 1 3 2 3 2 3 3 1 2 1 4 3 2 2 4 4 4 3 3 3 3 4 2 4 3 4 4 2 1 4 1 2 1 1 4 1 4 1 2 2 3 1 1 2 4 1 4 3 4 4 1 3 1 2 2 1 4 1 1 1 1 4 3 1 1 2 2 4 1 4 3 4 2 4 4 1 3 2 1 1 2 3 4 3 4 2 1 3 3 2 1 4 1 1 2 4 3 2 2 1 2 3 4 3 3 1 4 3 4 3 2 2 2 2 4 3 3 2 4 4 1 4 2 4 3 2 3 2 4 2 1 
1 3 4 3 2 2 3 2 1 3 4 1 3 1 4 1 1 2 2 4 2 4 3 1 2 3 3 1 4 2 2 2 1 3 4 4 2 2 1 1 4 4 2 3 3 4 4 2 4 1 2 4 4 2 3 1 3 1 3 0 2 4 3 2 3 1 3 4 3 4 4 2 3 3 4 4 1 4 1 4 4 3 3 2 3 4 1 4 3 3 3 1 3 3 4 3 2 2 2 1 2 4 3 4 2 2 1 4 1 2 1 1 2 3 1 3 1 3 1 4 1 1 1 3 4 3 1 2 2 1 2 3 1 1 1 2 2 4 4 4 4 1 4 3 4 1 2 3 2 3 4 4 1 4 2 2 4 3 3 4 2 2 1 4 3 4 2 3 2 2 2 2 4 2 2 1 1 4 4 4 2 1 4 2 4 1 4 4 2 2 2 1 1 3 4 2 2 4 1 1 
2 3 4 1 3 3 1 4 2 3 4 4 4 4 4 2 4 4 3 3 3 4 3 1 3 3 1 1 4 2 3 3 3 2 3 2 3 4 1 2 1 4 3 1 4 4 3 4 2 3 4 4 1 3 2 1 3 1 3 1 0 2 3 1 4 3 4 3 2 1 1 3 1 3 2 4 1 1 3 3 4 2 4 4 2 2 1 3 1 1 1 4 1 4 3 2 2 1 3 2 1 4 2 4 3 4 3 1 1 1 4 1 2 4 1 3 3 2 3 1 2 4 2 1 3 4 1 4 2 4 2 3 3 3 3 3 2 2 3 1 3 2 1 3 1 4 2 3 3 2 1 2 1 1 2 4 3 4 4 4 2 1 2 4 2 1 2 2 4 1 3 4 2 2 1 2 2 3 2 4 2 2 3 4 1 3 2 1 1 4 3 2 2 1 4 2 1 2 2 4 
4 1 1 2 4 3 4 4 3 4 1 2 2 2 4 2 2 1 3 4 1 2 3 2 4 1 2 3 3 1 2 1 1 2 4 1 2 3 3 2 3 1 1 3 3 4 4 1 4 4 3 4 2 3 2 3 2 2 3 1 4 0 4 3 2 1 1 3 3 1 3 2 4 2 3 3 1 2 4 1 4 3 1 1 1 1 2 3 3 3 2 2 3 1 3 3 3 4 3 4 4 3 2 4 3 2 3 1 1 4 1 1 2 4 1 4 4 1 1 3 4 2 3 4 3 2 1 2 2 4 3 4 4 3 4 3 1 1 3 2 2 4 2 2 2 3 2 1 2 1 1 3 4 1 1 3 2 3 2 1 2 3 4 1 4 1 1 3 1 2 3 1 1 4 3 3 2 4 3 3 3 1 4 3 4 2 4 3 4 2 1 2 4 1 4 3 4 1 3 1 
1 2 2 4 2 2 1 4 4 3 4 1 3 4 3 3 4 1 1 3 2 1 2 3 4 3 3 4 4 1 2 4 3 1 3 4 3 3 1 3 3 1 4 3 1 3 3 2 3 1 3 2 4 4 2 1 4 1 3 1 2 4 0 1 3 2 2 1 4 3 2 3 1 3 3 2 2 1 2 2 2 1 2 1 1 3 1 4 3 3 1 1 4 2 2 2 4 1 1 1 3 4 3 2 3 4 2 1 2 2 4 3 2 3 4 3 1 4 3 4 1 1 4 3 4 1 1 3 3 4 3 4 1 1 4 3 4 2 4 3 3 1 2 4 3 3 1 2 4 3 4 3 1 2 3 2 3 2 4 4 2 4 4 1 2 3 3 2 2 3 3 1 3 1 2 1 1 4 2 1 4 3 2 4 3 1 4 1 1 1 2 2 2 1 2 4 3 1 3 2 
4 2 4 3 1 3 4 4 3 3 4 2 3 1 1 3 2 2 4 1 4 3 2 2 2 2 1 2 3 3 1 1 1 2 4 1 4 4 3 4 4 3 1 2 4 2 2 1 1 1 1 4 4 1 4 1 1 4 3 4 3 2 4 0 3 1 4 3 3 2 3 3 4 1 1 2 2 4 1 2 1 2 3 4 4 3 1 2 2 3 3 1 4 1 4 1 4 2 4 3 4 1 3 1 2 4 2 2 3 3 2 1 3 2 1 4 2 2 4 3 3 1 3 4 1 3 2 2 3 3 2 2 4 3 2 2 1 2 3 1 4 1 1 3 1 2 2 3 2 4 2 1 1 3 2 1 2 3 3 3 4 1 1 3 1 2 2 1 3 2 2 4 1 2 1 4 3 3 2 4 3 4 3 3 2 4 2 3 1 4 2 2 4 1 2 2 3 4 4 2 
1 4 4 4 4 4 4 1 1 2 3 1 4 2 1 4 4 4 4 2 2 2 3 1 2 1 2 2 1 2 3 2 2 4 4 4 4 4 2 3 4 2 4 4 4 1 3 1 4 2 3 2 1 4 3 2 4 3 4 2 3 1 3 1 0 3 1 3 1 4 2 4 1 3 2 1 2 1 1 1 1 1 4 1 1 2 1 2 4 2 3 2 4 2 3 3 3 3 3 3 1 2 3 4 2 4 2 1 3 1 4 4 2 3 4 1 4 3 2 2 3 3 2 4 1 2 3 3 2 3 2 1 4 2 3 2 2 3 4 1 4 1 2 1 4 3 4 1 4 4 3 3 4 1 1 4 1 4 4 4 3 4 3 3 2 2 3 3 1 3 1 1 4 1 2 2 1 4 3 1 3 1 1 1 4 1 4 2 2 3 3 4 4 3 2 3 3 3 2 2 
1 4 2 1 4 4 1 1 4 3 3 3 3 2 1 1 2 3 2 2 2 1 2 3 3 4 1 1 3 1 4 4 2 3 4 3 1 3 1 2 2 4 3 2 1 3 3 4 4 2 2 4 2 1 2 4 1 4 4 4 3 2 3 4 4 0 2 4 2 3 1 2 4 2 1 4 1 4 3 4 2 1 1 2 3 2 1 4 3 3 3 3 2 2 3 2 3 4 3 3 2 3 4 1 3 4 4 2 1 3 4 2 1 1 4 1 2 1 1 2 2 4 2 1 4 1 2 4 4 2 4 2 4 2 1 4 1 3 2 4 4 4 3 1 2 4 3 1 2 3 1 2 3 1 4 3 1 3 2 1 1 4 3 1 3 3 3 2 4 3 3 3 4 1 2 2 1 1 4 3 2 4 4 2 3 1 1 1 2 4 2 2 2 1 4 2 4 3 4 3 
4 2 3 2 3 4 2 3 2 1 4 3 1 4 1 3 1 2 3 2 3 2 1 4 2 3 4 1 3 3 3 2 1 2 3 3 4 2 2 4 4 3 3 4 4 2 1 2 2 4 3 4 1 1 1 1 4 1 2 2 2 2 1 1 1 1 0 4 2 2 1 4 4 2 4 1 3 2 4 2 2 1 1 2 2 3 4 2 1 1 3 2 2 3 1 3 1 4 4 3 4 4 3 3 2 1 2 4 4 4 3 3 1 3 3 2 1 2 4 4 4 2 2 2 3 1 1 2 1 1 2 3 2 3 4 1 4 2 1 4 4 3 4 1 2 3 4 4 1 4 4 4 2 2 3 2 4 4 2 3 1 3 1 1 4 3 4 4 2 3 2 3 1 3 1 3 2 1 2 3 3 3 2 4 4 3 4 2 3 1 3 3 3 2 2 1 4 1 2 3 
2 1 3 3 3 3 2 4 2 3 3 3 2 4 1 4 1 3 3 1 3 3 1 1 2 1 1 3 1 4 4 3 4 1 2 2 3 3 2 1 2 2 1 2 1 3 2 3 1 2 3 4 3 1 4 4 3 1 4 3 4 4 4 1 4 2 2 0 4 4 4 2 2 3 4 4 3 1 3 3 4 2 1 2 2 3 3 4 1 1 4 1 4 3 4 4 3 3 1 3 4 1 1 4 3 4 4 2 4 2 2 2 1 4 1 1 1 1 1 3 4 2 1 3 1 4 2 4 3 3 1 3 4 2 4 3 4 4 2 3 4 1 3 4 3 3 4 4 1 4 1 3 2 2 4 2 3 2 1 1 4 2 1 4 2 4 3 1 4 2 4 2 2 2 3 4 1 4 2 4 4 1 2 1 4 4 4 3 4 4 4 3 1 3 3 1 1 2 1 2 
2 2 3 3 1 4 4 2 2 4 2 4 2 1 4 2 4 4 4 4 4 3 4 1 4 1 2 2 1 2 3 3 4 2 3 4 1 4 1 1 4 1 3 1 2 1 4 2 2 4 4 4 2 1 2 2 2 2 4 4 1 3 3 3 2 3 4 1 0 2 3 4 2 1 1 3 3 1 1 4 2 2 1 2 1 4 4 1 1 3 2 2 3 1 4 1 4 2 1 2 3 3 3 1 1 2 2 3 1 2 3 4 3 2 4 3 2 3 2 4 4 1 4 2 4 4 2 2 3 1 3 1 3 3 3 2 2 4 3 1 2 1 2 1 4 3 4 3 2 3 1 2 3 4 4 4 4 1 4 4 3 1 1 3 3 4 1 2 1 1 3 4 1 1 3 2 4 2 4 1 2 3 3 2 4 4 2 1 4 1 2 2 2 4 4 4 1 1 3 3 
2 4 1 1 3 4 2 1 3 1 1 3 2 3 3 1 4 1 1 4 4 4 2 3 2 1 2 1 2 4 3 2 1 2 2 4 2 4 3 4 2 3 1 3 2 3 1 4 3 3 4 1 2 2 1 4 3 3 2 3 4 4 4 1 3 3 2 2 3 0 1 3 4 4 4 2 1 1 3 2 3 2 1 4 1 2 3 1 2 3 1 1 4 3 3 1 4 2 4 2 3 4 3 2 1 1 1 4 2 2 3 2 1 2 4 3 1 3 4 4 4 3 1 3 4 4 4 3 4 4 4 3 3 2 1 3 3 1 2 1 4 4 1 4 1 2 1 4 1 3 2 3 4 1 4 4 4 4 1 4 2 3 4 4 3 3 2 1 4 3 4 2 3 3 2 3 2 2 3 4 2 2 4 4 4 1 4 2 1 3 1 4 2 3 3 4 3 3 1 2 
3 2 1 4 3 1 3 1 2 3 4 3 1 2 4 3 4 1 1 2 2 2 4 3 4 4 1 4 4 2 2 2 4 3 1 1 1 3 3 2 1 3 4 2 3 2 4 1 4 1 4 3 2 3 2 1 3 2 3 1 4 3 1 4 2 3 1 2 3 4 0 4 3 4 1 2 4 4 4 1 2 4 4 1 4 4 1 3 1 4 1 4 2 2 1 1 1 2 3 2 4 3 4 2 4 2 2 3 1 2 2 1 4 3 1 4 3 2 4 1 1 1 3 1 4 2 4 1 2 3 2 3 3 1 4 3 3 2 3 2 1 3 2 2 3 4 2 2 4 4 3 2 1 3 3 3 3 3 3 3 2 2 1 4 4 2 3 1 4 1 3 4 1 3 1 2 3 4 3 3 2 4 1 2 1 3 2 3 3 3 3 1 1 4 4 4 2 2 3 3 
3 2 3 1 3 1 1 4 4 3 2 1 4 1 1 4 4 4 3 3 2 4 1 3 1 1 3 2 4 2 1 1 1 4 2 3 4 3 4 2 3 3 1 4 1 2 2 4 3 2 4 2 3 1 3 2 2 2 2 3 2 1 1 1 4 3 4 1 1 2 2 0 1 1 1 3 1 1 1 2 3 3 3 2 2 4 4 2 4 1 4 3 4 3 2 1 1 3 4 3 1 2 4 2 4 4 1 3 3 4 4 3 4 2 4 2 4 2 4 2 4 4 4 1 3 4 2 4 3 4 1 2 1 1 3 1 4 1 3 3 4 4 4 4 1 4 1 4 1 2 1 1 3 1 2 4 4 3 4 2 4 4 2 3 2 2 1 1 2 1 4 4 3 4 1 2 4 4 3 2 4 2 1 3 2 4 4 3 1 3 4 3 2 4 1 3 3 4 4 3 
2 2 4 1 3 1 3 2 3 4 3 1 2 2 2 3 1 1 1 2 2 1 3 2 1 3 2 3 4 4 4 4 2 4 3 2 4 4 1 3 1 2 2 3 4 3 3 4 3 1 4 3 4 3 1 4 2 1 2 3 4 2 3 3 1 2 3 4 3 1 4 4 0 3 4 4 4 3 4 2 4 4 1 2 2 2 3 4 2 4 3 3 3 2 2 2 3 4 3 3 2 4 4 3 4 3 2 4 3 4 4 1 4 3 3 2 3 4 1 2 1 4 2 2 4 4 3 2 2 1 4 2 2 2 3 4 4 4 1 4 2 2 2 2 1 3 2 4 3 3 3 1 1 2 2 2 4 2 3 4 2 3 2 2 3 1 4 3 4 3 4 3 3 1 2 3 4 2 1 3 3 3 3 2 4 3 1 3 3 2 4 2 3 1 2 1 1 2 2 3 
2 1 2 3 3 3 2 1 1 4 3 3 2 2 3 3 4 4 3 1 1 2 1 1 4 3 1 1 3 3 4 4 4 3 2 3 3 3 1 4 3 2 4 1 2 3 3 4 1 1 1 2 3 2 2 4 4 2 1 4 2 2 4 4 1 3 2 1 2 1 3 1 2 0 3 1 3 1 1 3 4 1 4 1 3 1 4 1 4 2 3 2 2 4 1 4 3 4 1 1 1 1 4 4 4 2 2 3 4 2 1 4 1 4 3 1 2 2 4 4 2 4 1 2 3 3 1 2 4 4 4 1 3 2 1 2 3 4 4 2 4 1 3 1 3 1 3 3 2 1 2 1 4 1 1 1 1 2 3 1 2 3 2 3 1 3 1 3 2 2 1 1 4 1 4 3 4 3 4 3 2 4 1 3 3 1 1 4 1 1 4 3 1 2 2 4 3 2 3 2 
4 2 3 3 1 2 1 2 3 3 3 3 3 2 1 2 2 2 1 4 2 3 2 3 4 4 3 3 2 1 2 1 1 3 3 1 3 1 2 4 1 3 4 2 1 3 3 3 4 3 3 4 1 2 1 3 4 4 2 1 1 4 3 1 2 2 3 4 2 3 3 4 3 1 0 1 4 1 4 3 4 3 3 3 3 2 1 1 1 3 4 3 4 2 2 2 3 3 4 2 4 1 1 1 3 4 2 2 2 1 2 1 4 1 2 3 2 1 4 1 1 4 4 1 4 4 4 1 1 4 3 3 3 1 1 2 1 3 3 1 3 4 4 2 4 1 2 2 3 4 1 1 4 1 3 3 3 2 1 3 2 1 2 4 2 4 4 2 2 4 1 4 2 1 4 3 1 3 1 4 2 1 4 2 4 2 2 3 4 4 4 2 3 1 4 4 1 3 4 1 
4 2 2 3 3 3 3 1 2 2 3 1 3 4 3 2 3 3 4 3 4 2 4 1 1 3 4 4 2 2 1 1 4 3 3 4 2 2 1 3 4 4 2 1 3 4 1 4 1 2 4 1 4 2 2 1 3 4 1 3 1 1 1 3 4 4 3 3 2 4 2 1 2 4 1 0 3 3 2 2 3 3 4 2 2 4 3 2 2 2 2 4 2 3 4 1 4 3 2 4 2 2 1 2 1 3 1 3 1 1 2 3 1 3 3 2 4 2 2 2 2 2 2 4 3 1 1 3 4 3 4 1 3 2 4 1 4 1 3 1 4 1 1 3 2 3 2 2 1 3 4 1 3 1 3 2 3 4 4 4 3 3 1 2 2 2 2 3 3 3 1 4 4 2 4 4 4 1 4 1 2 4 2 1 2 1 3 3 2 2 1 2 1 2 4 4 4 4 2 2 
3 4 2 1 1 4 2 1 3 4 2 1 2 1 3 1 3 1 1 1 2 3 2 1 4 1 1 1 3 2 2 2 4 4 3 4 2 3 4 2 2 2 1 4 2 4 2 3 1 1 1 2 3 4 3 3 1 4 4 2 1 2 1 1 2 1 4 4 2 4 3 4 1 2 4 1 0 2 2 2 4 1 1 4 3 4 4 4 2 4 4 2 4 1 1 1 3 4 1 3 4 4 4 2 3 4 4 2 1 1 3 1 2 3 4 3 1 4 2 1 1 1 4 1 3 1 2 2 4 2 2 1 1 4 1 3 2 2 2 3 2 1 3 1 3 4 4 4 3 4 3 3 1 4 1 1 4 4 3 3 1 1 2 1 4 3 3 2 2 4 2 4 4 4 2 4 2 4 3 1 4 3 1 3 2 3 2 1 3 4 1 2 3 2 2 1 1 3 4 4 
4 4 4 3 4 4 2 2 1 3 1 4 4 4 2 2 1 1 3 1 2 3 2 1 3 1 3 4 2 2 1 1 1 4 1 2 2 2 4 1 4 2 2 2 4 2 1 3 1 4 2 3 3 4 3 1 4 3 2 4 3 1 4 4 1 4 2 3 4 2 1 3 1 1 3 2 4 0 2 1 3 3 1 2 1 1 1 4 2 4 1 1 3 3 1 4 2 3 3 2 3 1 4 2 1 1 3 2 2 3 1 4 2 3 4 2 1 1 1 1 4 1 4 3 4 2 4 4 2 2 1 1 4 3 2 2 1 1 3 1 3 2 1 3 2 2 1 2 2 1 2 3 4 4 3 1 3 3 4 3 3 2 3 4 3 4 4 1 3 1 3 3 1 4 3 4 4 1 4 3 4 4 4 1 2 1 2 3 3 4 4 4 3 1 1 1 4 2 2 1 
1 4 4 1 2 4 4 4 1 3 4 2 2 3 1 4 2 4 3 3 1 4 2 2 2 4 3 3 1 4 2 4 1 1 1 2 1 3 2 1 1 2 2 2 1 3 1 2 2 3 1 1 2 4 4 4 4 2 3 1 1 1 2 1 3 4 2 4 3 1 1 3 2 1 3 3 4 4 0 4 3 3 1 1 2 3 3 2 3 2 4 4 1 2 4 2 1 3 3 1 3 3 2 3 4 4 3 4 2 4 2 2 4 1 2 1 3 3 4 2 2 3 1 4 2 2 1 1 2 4 1 1 2 2 1 1 4 2 1 4 1 3 3 1 1 4 2 4 1 4 4 2 3 1 2 4 2 4 2 1 4 2 3 3 4 1 2 4 3 4 4 3 2 3 2 3 4 2 3 4 2 1 4 1 2 4 3 4 2 4 2 2 1 4 1 3 2 4 3 4 
4 1 4 4 3 4 1 4 2 2 4 1 4 3 1 3 3 2 1 1 4 1 3 1 3 2 2 1 2 4 3 4 4 4 3 3 3 4 3 2 3 1 1 4 1 2 1 3 2 3 1 3 2 4 3 1 1 2 1 1 1 4 3 3 4 4 1 4 2 4 4 2 2 3 2 3 3 2 1 0 1 3 4 2 1 1 1 3 3 1 3 4 1 4 1 1 1 4 1 4 1 2 3 4 1 3 4 3 4 4 4 4 2 1 3 2 1 3 2 1 2 2 2 1 4 3 3 3 3 2 4 2 3 2 2 3 4 3 2 4 1 3 2 4 3 2 1 2 1 3 4 1 2 2 4 2 1 4 2 3 1 2 2 2 3 1 3 1 1 2 4 3 4 1 4 4 4 4 1 1 3 4 4 1 3 2 2 4 1 3 3 3 1 2 2 4 1 2 4 1 
1 2 2 4 1 2 3 1 3 4 4 2 1 2 2 4 4 3 3 3 4 4 4 4 1 1 1 1 2 2 3 4 2 2 1 4 4 3 3 3 4 1 4 3 4 4 1 4 3 3 3 2 1 4 3 3 2 1 4 3 4 4 1 1 4 2 1 2 3 3 4 3 1 3 3 2 4 3 1 3 0 4 4 4 4 1 2 2 1 4 1 2 1 3 4 2 1 3 1 2 4 1 3 1 1 3 1 3 4 1 3 2 1 4 2 2 1 2 4 2 3 4 4 2 2 3 2 1 3 1 1 2 1 1 3 4 4 1 4 4 4 3 1 3 2 2 1 4 1 2 2 3 2 3 3 3 1 2 4 4 3 4 4 1 2 2 2 4 2 3 3 4 4 3 4 2 1 2 2 3 1 2 4 2 1 2 2 1 3 2 3 2 1 2 4 2 3 3 4 4 
4 2 2 4 3 3 2 3 2 4 2 1 2 3 4 2 2 3 3 4 4 4 4 2 3 4 3 4 3 4 4 3 3 4 3 2 4 1 2 1 1 1 2 1 3 1 1 2 3 3 4 3 2 3 4 2 4 3 2 3 3 3 3 1 4 2 2 2 3 2 1 2 1 2 2 1 1 2 3 4 2 0 2 3 1 2 3 3 3 3 2 3 2 3 4 1 4 3 4 1 1 2 3 3 4 2 2 4 1 4 1 1 2 1 1 3 2 4 4 1 2 4 1 4 3 1 1 1 2 1 3 1 3 2 2 1 3 1 1 3 2 3 3 3 4 4 1 2 2 1 3 1 3 4 4 1 1 3 2 2 1 4 2 3 1 4 1 3 3 2 1 2 2 2 2 4 1 4 4 3 4 4 3 3 4 3 1 4 3 3 4 4 4 1 4 4 3 4 3 1 
4 3 2 3 3 3 1 3 4 2 2 3 4 4 2 4 1 3 1 3 3 2 2 1 3 4 3 3 4 2 2 1 4 3 4 3 3 4 1 3 2 3 2 2 3 4 2 3 3 1 2 1 1 4 1 1 4 4 1 4 3 4 3 2 3 4 2 3 4 4 3 1 1 1 3 2 4 3 1 2 3 3 0 3 3 2 4 2 3 3 4 1 1 4 1 4 3 1 2 2 4 3 3 2 1 3 1 4 2 3 3 2 2 4 3 4 2 4 4 2 3 1 1 4 2 2 3 3 3 1 3 3 4 1 1 4 4 1 3 2 4 1 4 1 3 1 3 4 1 1 2 1 2 3 2 1 4 2 4 4 3 1 1 4 2 2 4 4 1 1 1 1 3 2 4 2 2 3 2 1 1 1 4 1 1 3 3 4 4 4 2 1 2 3 4 2 2 3 3 1 
2 4 1 2 4 3 3 2 1 3 1 2 2 1 3 3 1 3 1 1 3 3 2 1 1 1 1 4 3 4 3 2 4 3 3 3 1 2 3 1 1 3 1 1 1 2 4 4 3 3 2 1 4 3 3 2 4 1 4 4 2 4 4 3 2 4 4 1 3 3 2 2 3 4 3 4 1 2 4 2 2 3 1 0 2 2 4 4 1 3 1 4 2 2 4 2 1 3 1 2 1 4 2 3 2 4 4 3 2 3 4 2 3 1 3 3 2 2 2 4 4 4 1 1 4 1 1 1 1 1 2 3 2 4 2 1 2 3 3 3 2 3 1 1 1 1 4 3 1 4 3 1 3 2 1 4 4 1 1 2 4 3 1 2 3 3 3 4 4 2 4 1 3 3 4 4 2 1 2 2 3 3 3 4 3 2 4 4 4 4 4 1 2 4 1 3 3 1 4 2 
3 1 2 3 3 1 1 2 4 2 2 4 3 2 1 1 4 2 2 4 1 3 2 1 1 4 3 1 2 2 4 1 2 3 4 3 1 4 1 2 2 4 1 4 1 2 4 2 2 3 4 3 3 1 3 2 3 4 1 1 1 2 4 2 1 3 3 2 2 3 2 2 1 3 3 3 1 2 2 1 3 3 4 2 0 3 3 1 3 3 3 2 2 1 2 3 1 4 3 2 4 2 3 3 2 3 2 2 2 2 3 4 1 2 1 2 1 3 3 4 4 4 3 2 3 4 3 2 4 3 4 2 4 4 3 2 2 3 1 1 2 4 3 2 4 3 1 1 1 3 2 1 1 1 3 2 1 3 1 3 3 1 1 1 2 4 2 2 3 1 2 1 3 1 2 3 2 2 1 3 4 3 2 3 1 2 1 4 3 1 3 3 2 2 4 4 4 2 1 1 
2 2 4 1 2 1 3 3 1 3 4 2 1 2 2 3 1 3 3 1 2 3 1 4 2 2 2 4 4 1 3 4 1 3 3 1 4 4 1 2 3 4 4 2 4 1 2 3 4 4 4 1 3 3 3 2 2 2 2 1 4 2 4 3 3 1 1 4 1 2 2 1 3 1 2 1 2 3 1 2 1 2 1 4 2 0 4 4 2 4 4 4 3 3 2 2 2 4 4 1 2 1 3 4 3 2 3 3 1 1 4 2 3 1 3 4 1 1 3 4 1 2 2 3 3 2 3 3 3 2 3 1 2 2 2 2 1 1 3 1 1 1 2 1 2 1 1 1 3 4 2 4 1 4 2 3 4 3 2 2 1 3 3 4 2 2 1 4 3 4 1 4 4 1 4 4 3 3 1 2 1 3 3 1 2 1 3 2 1 1 3 3 3 2 2 3 3 3 1 4 
4 3 4 2 3 1 2 1 2 4 4 4 2 3 4 3 4 4 2 4 4 4 4 2 3 3 2 3 1 3 2 4 1 2 2 2 1 1 1 3 3 1 4 2 2 1 3 4 1 3 1 1 2 2 3 1 1 4 3 2 2 2 4 2 2 3 3 2 2 4 1 4 2 3 2 3 4 2 4 4 3 2 3 2 3 4 0 2 2 3 2 3 1 3 1 3 1 3 2 4 1 1 3 1 4 3 3 2 1 4 1 4 2 4 4 4 2 1 2 3 4 2 1 1 4 3 4 4 3 2 3 1 4 3 2 2 4 3 3 1 1 4 4 2 4 4 2 1 1 1 3 3 1 2 4 4 3 2 1 4 2 3 3 3 4 1 1 1 3 2 3 3 1 3 3 3 1 2 4 3 4 4 4 1 3 3 4 1 3 1 4 4 3 3 4 3 3 4 3 3 
1 2 2 3 4 2 4 2 4 2 1 4 4 3 4 4 2 3 4 1 1 3 1 1 4 2 2 1 2 1 4 4 1 2 2 3 2 1 2 4 1 1 3 4 4 1 2 2 1 3 3 3 4 2 3 2 4 3 2 3 3 1 2 4 1 4 4 1 3 4 3 2 1 2 3 2 4 1 4 1 1 2 4 1 4 3 4 0 2 1 4 1 1 2 4 3 4 3 2 4 3 4 1 4 4 1 1 4 4 1 3 2 2 4 3 2 1 3 3 2 3 3 3 3 2 4 2 1 3 4 1 2 3 1 4 4 3 4 1 1 2 1 1 1 1 1 3 1 1 3 1 2 4 1 2 1 2 1 1 1 4 2 1 3 2 4 3 2 4 3 1 1 1 4 3 2 3 2 3 4 4 1 2 1 1 1 2 2 3 4 3 3 2 4 1 4 2 3 1 1 
1 2 3 1 3 4 2 1 4 2 3 1 3 1 3 2 2 3 3 1 1 3 1 1 1 4 3 4 1 1 4 1 3 1 2 3 2 1 2 4 4 2 4 2 1 1 4 4 2 1 4 3 4 2 4 4 3 3 1 4 4 1 1 1 1 3 2 2 2 4 3 4 3 1 3 3 3 3 1 4 2 2 3 3 3 2 3 2 0 4 2 1 2 4 3 1 1 3 2 4 1 4 2 3 1 4 2 1 3 3 3 4 4 4 3 4 3 1 2 2 3 3 4 1 1 2 1 2 3 3 4 3 3 2 1 2 3 2 1 1 2 1 3 4 1 1 3 4 1 2 3 4 3 1 4 4 2 4 4 1 4 3 2 4 4 1 3 4 4 2 4 1 1 1 3 1 4 4 1 1 2 4 3 4 1 3 4 1 1 3 3 1 4 2 4 4 3 4 3 2 
1 1 4 1 4 2 1 2 3 1 1 2 4 3 1 1 2 3 2 3 4 4 4 2 3 4 2 1 4 2 2 4 2 3 4 2 4 3 1 2 3 3 3 4 3 1 1 2 3 3 1 4 2 2 2 1 4 2 3 1 4 2 2 4 1 3 3 4 4 1 4 1 3 1 2 1 2 3 1 3 2 3 3 4 3 1 1 4 2 0 4 2 1 2 4 3 3 4 4 3 3 3 4 1 2 1 2 3 1 3 3 3 1 2 1 2 3 3 4 2 2 1 3 3 3 4 1 3 3 3 2 1 4 3 4 4 2 1 4 2 3 2 4 1 2 3 1 4 3 4 4 3 2 4 3 3 1 3 3 3 1 4 1 1 3 2 4 2 3 1 3 1 3 3 3 3 1 1 3 4 4 3 1 3 1 3 2 4 1 4 4 2 4 1 4 4 2 4 1 1 
1 4 1 2 4 2 1 2 2 3 2 4 3 2 2 4 3 3 2 3 1 2 2 1 2 2 3 2 2 4 3 1 4 4 4 3 1 4 2 4 2 2 4 1 1 4 4 2 3 1 3 4 1 2 1 3 3 1 1 3 4 4 2 2 3 4 1 4 3 4 4 3 1 2 3 4 3 2 1 1 3 4 4 4 3 2 1 2 1 3 0 3 2 2 1 3 3 1 3 1 4 2 2 2 2 1 4 3 2 1 4 2 2 2 4 3 3 1 4 3 4 2 2 2 3 1 1 3 2 1 3 1 4 3 4 4 4 3 2 3 3 4 4 2 3 2 4 1 4 3 2 1 2 3 4 4 3 2 1 2 4 2 1 2 2 1 4 2 3 3 3 2 3 3 2 1 1 1 2 3 4 2 4 4 3 4 1 1 2 3 3 4 1 3 3 4 3 1 4 1 
3 3 4 2 2 1 2 3 4 1 2 3 3 1 3 2 2 1 1 2 2 2 2 4 3 2 1 3 4 4 1 2 1 4 3 2 2 1 1 4 1 2 3 3 1 3 4 3 1 3 2 4 3 3 4 3 1 3 2 3 1 1 2 3 4 4 2 1 3 2 3 4 2 4 3 1 4 1 1 3 1 3 2 3 3 1 3 3 3 1 3 0 2 4 4 3 4 3 2 4 3 3 1 4 1 3 1 4 1 2 2 3 4 2 1 4 4 4 4 4 4 3 3 2 1 4 4 4 3 4 1 3 3 2 3 2 3 4 4 2 2 2 2 3 2 3 2 3 1 1 4 3 4 3 3 1 3 2 4 2 4 4 4 1 2 2 1 1 1 1 4 4 3 1 1 1 2 1 4 1 1 4 3 3 4 2 2 2 4 2 3 3 4 1 1 4 3 3 1 1 
2 1 4 4 3 3 2 2 3 3 1 3 2 3 2 4 1 3 4 3 1 1 4 1 1 3 4 2 1 1 3 1 2 2 1 2 2 4 1 3 3 3 4 1 3 3 2 1 2 4 2 2 2 4 2 4 1 1 4 4 1 1 4 3 3 2 3 3 4 4 4 3 2 4 4 1 2 4 1 2 2 3 4 4 3 1 3 1 3 3 4 3 0 3 2 3 4 2 4 2 4 4 3 1 4 4 4 3 4 2 4 1 1 4 4 4 2 4 2 4 2 1 1 2 4 4 3 1 2 4 3 3 3 2 3 3 3 4 1 4 1 3 3 1 4 4 3 3 2 1 4 2 2 2 1 3 4 4 4 3 3 2 4 1 3 1 4 3 3 1 1 1 3 1 1 1 2 1 3 2 4 2 2 2 2 4 4 4 4 1 2 4 4 4 3 3 1 4 2 2 
3 4 2 4 1 2 1 2 3 1 2 2 2 1 1 3 1 3 1 4 1 3 2 4 2 1 3 2 3 1 3 4 4 2 3 2 3 2 2 1 2 4 4 4 1 1 4 3 4 4 1 1 1 2 4 2 3 2 2 1 3 3 2 2 1 2 3 2 3 2 1 1 2 2 3 4 2 1 4 2 4 4 3 2 2 2 3 2 1 2 4 2 1 0 3 4 1 1 4 2 2 3 3 3 4 2 1 3 4 3 1 2 3 3 1 3 1 4 2 3 1 1 1 1 4 4 1 1 4 2 4 4 1 1 2 1 2 3 3 2 4 1 3 2 4 4 1 2 3 4 4 1 2 2 1 1 2 1 1 4 2 3 1 2 1 4 1 1 4 3 4 1 3 2 4 4 4 3 2 2 2 4 2 1 3 3 1 2 1 1 1 2 1 3 4 3 2 2 4 2 
1 1 4 1 1 1 1 3 4 3 4 4 4 4 2 3 4 3 1 4 1 3 4 1 4 3 4 3 1 4 2 1 1 1 4 2 1 4 2 1 2 1 4 2 1 3 4 2 2 2 2 2 1 4 2 2 4 4 1 1 1 4 3 3 3 4 1 3 4 1 3 4 3 2 1 2 4 2 2 1 1 1 2 2 4 3 4 1 1 4 2 2 2 4 0 2 2 2 4 3 1 3 1 2 1 4 1 3 4 4 2 2 3 4 1 4 3 4 1 3 4 1 3 4 3 4 1 3 4 3 2 2 4 1 1 4 4 3 4 3 4 3 4 2 2 3 4 2 1 4 3 4 3 3 3 2 2 1 3 1 4 1 2 2 4 4 3 2 1 1 3 3 3 3 3 1 2 4 4 4 3 3 3 3 1 4 1 3 2 1 2 1 1 1 3 1 1 4 4 3 
4 1 2 3 1 2 2 3 1 2 4 2 3 1 4 1 1 4 3 1 4 3 3 1 2 3 1 4 4 1 1 1 4 3 3 2 4 2 2 4 2 4 2 2 4 3 1 4 1 3 3 2 2 2 1 2 2 2 1 3 1 3 3 2 1 4 2 3 1 4 1 1 4 2 4 4 4 2 3 1 3 2 4 1 1 3 1 3 2 2 3 3 3 2 2 0 1 2 1 1 1 4 3 3 1 3 3 3 3 4 1 4 3 3 4 4 1 3 1 3 4 2 3 4 1 2 2 1 2 4 1 1 1 2 1 4 2 3 2 4 3 4 2 4 4 1 1 1 2 4 3 2 4 4 3 3 3 4 3 2 3 2 2 3 3 3 1 1 2 1 1 2 4 1 1 4 1 4 2 2 2 2 3 4 3 4 4 4 1 4 2 2 1 1 3 1 3 3 3 1 
1 3 2 4 3 1 4 4 1 4 2 4 4 3 1 4 1 2 1 3 4 1 4 1 4 3 4 3 2 3 2 3 3 1 1 3 4 2 3 1 2 3 3 1 4 2 4 4 4 3 3 1 4 3 3 3 2 4 1 3 1 2 1 4 2 2 2 3 4 1 4 3 1 1 3 2 4 1 3 2 1 2 4 1 3 2 2 1 2 3 4 1 1 1 1 2 0 1 2 1 4 3 3 1 4 3 2 1 1 2 3 3 3 4 1 1 4 2 4 2 3 4 3 4 4 1 1 4 3 1 4 3 1 3 2 3 2 3 2 3 3 2 4 1 2 2 2 1 3 4 4 3 2 4 4 2 2 4 1 4 2 3 4 2 2 4 2 3 2 1 1 2 1 4 1 1 1 4 4 2 1 3 2 3 1 4 1 1 4 2 4 2 1 2 1 2 2 2 4 1 
4 1 2 4 1 4 2 3 2 1 1 1 1 3 2 3 2 4 3 3 4 3 1 1 1 2 4 2 4 1 2 1 2 1 2 2 3 1 1 4 3 3 3 1 2 4 3 3 1 4 2 3 3 2 3 1 4 4 3 3 2 3 1 2 3 4 2 1 2 3 3 2 4 4 4 3 1 3 3 4 2 3 1 3 1 1 1 2 3 1 1 2 3 1 3 2 1 0 2 3 4 2 3 1 1 3 2 3 2 4 4 3 3 4 3 2 3 2 1 2 2 4 4 2 1 4 4 2 2 1 3 3 1 4 4 4 4 3 1 3 4 1 1 1 3 4 3 1 3 4 1 2 1 2 3 2 1 2 1 4 4 4 4 1 4 4 4 4 1 4 3 3 3 1 2 4 4 2 3 3 4 4 4 3 3 4 2 3 2 4 1 4 4 3 4 1 4 2 4 1 
2 1 4 1 1 4 1 3 2 3 3 2 1 3 4 4 2 2 2 1 2 1 2 2 4 4 2 4 4 2 3 3 2 3 3 2 3 1 1 1 1 2 2 4 2 1 4 2 2 2 3 3 3 3 4 2 3 4 1 1 1 4 1 1 2 4 2 2 4 3 4 2 2 2 4 4 4 2 4 3 4 2 3 1 2 1 4 4 2 3 2 1 3 1 3 2 1 2 0 2 1 3 1 4 1 1 2 3 4 2 1 3 2 2 2 2 2 1 2 2 1 4 2 1 2 2 3 3 1 2 2 4 1 4 3 1 4 3 4 4 4 3 4 3 1 1 4 4 3 4 4 3 4 4 3 1 4 2 4 3 2 3 4 4 4 2 1 2 1 3 1 4 2 4 2 2 2 4 2 4 1 3 4 3 2 2 4 2 1 3 4 3 2 4 1 4 1 4 4 1 
1 1 1 1 4 3 4 1 3 3 3 4 3 3 2 4 1 3 3 3 1 2 4 2 4 3 3 4 2 1 4 1 2 2 1 2 4 1 1 2 1 2 3 3 4 2 3 3 2 3 3 3 2 1 1 3 3 2 3 4 1 1 2 2 2 2 1 1 1 4 4 1 1 1 4 3 3 3 1 2 2 4 3 3 4 2 2 1 2 2 3 2 3 4 4 4 1 3 1 0 4 2 2 4 4 2 1 3 3 2 1 1 1 3 2 2 3 2 2 4 2 1 4 3 4 4 3 3 4 4 4 2 4 1 3 3 2 2 2 1 4 2 3 1 4 3 3 1 3 3 2 4 1 4 3 2 2 1 4 3 3 2 1 1 2 3 4 1 1 1 4 2 3 2 2 2 1 3 3 1 2 2 4 4 1 1 3 3 2 2 4 3 4 2 4 1 4 4 1 3 
1 1 4 4 3 4 2 2 1 2 2 4 4 3 4 3 3 1 3 4 3 2 3 3 1 2 4 1 3 4 3 2 3 3 1 1 1 4 3 3 4 3 2 2 3 1 1 2 1 4 1 1 2 3 4 1 3 2 3 2 4 1 4 1 3 1 3 4 3 2 4 1 4 4 2 4 3 1 2 3 4 2 2 4 2 4 1 3 2 1 2 3 1 2 4 4 2 2 4 2 0 3 2 1 2 4 1 3 4 3 1 1 2 4 2 4 4 3 4 3 1 3 3 1 1 2 3 3 2 1 4 2 2 3 1 4 2 3 3 4 4 1 3 2 1 4 3 1 4 2 1 1 1 4 1 1 1 2 2 2 2 3 1 1 2 2 3 4 2 1 2 1 1 4 4 1 3 1 4 4 3 2 2 1 4 3 3 2 3 2 1 4 4 2 2 4 4 1 4 4 
4 3 1 1 3 4 3 1 1 3 2 4 1 4 3 4 3 1 3 2 1 1 3 2 4 1 1 2 4 1 4 4 2 1 4 4 3 4 1 3 2 2 4 4 1 1 3 2 3 3 2 4 1 3 4 4 1 1 2 1 1 4 2 1 1 3 4 1 1 3 2 1 1 1 3 1 4 1 2 4 4 1 2 3 3 2 2 2 1 3 2 4 3 2 4 3 3 3 1 2 2 0 4 3 2 3 3 1 4 1 1 4 3 1 2 1 4 1 2 1 1 3 4 1 1 4 4 3 2 4 2 3 1 3 4 2 4 3 3 2 1 1 1 1 4 3 4 3 1 1 2 4 2 3 2 2 2 4 4 3 1 3 1 4 1 2 2 3 2 2 1 1 1 2 4 2 4 4 3 3 4 3 1 2 2 3 1 2 2 3 1 1 4 3 3 3 3 2 1 3 
3 1 2 2 3 1 2 3 2 1 2 2 3 3 4 2 3 3 2 4 3 2 1 2 4 2 1 3 4 4 4 3 3 2 2 1 2 1 3 3 3 4 2 3 4 3 3 1 3 4 2 1 4 3 1 4 3 1 2 4 2 4 3 4 1 2 1 1 1 1 1 2 2 4 2 4 4 1 3 3 3 1 2 1 1 4 3 2 3 1 1 4 4 3 2 2 2 2 1 3 4 4 0 1 1 1 2 4 1 1 1 2 2 1 4 2 4 3 3 2 4 2 2 2 2 3 4 4 4 1 3 4 3 4 3 1 3 1 3 1 2 3 3 4 4 1 2 2 3 1 2 2 1 3 3 2 4 3 4 4 4 3 2 3 1 3 3 3 4 2 2 3 1 3 2 2 2 2 2 1 1 4 1 3 4 3 4 4 4 3 4 3 3 4 2 4 3 1 1 1 
4 2 1 1 4 3 1 2 3 4 1 3 3 1 3 4 1 1 4 1 1 1 3 2 2 1 4 2 4 4 1 4 1 3 1 3 1 2 4 2 2 4 3 3 2 4 3 1 3 2 2 4 4 4 3 4 3 3 1 2 1 3 4 3 4 3 1 2 2 4 3 4 1 3 1 1 4 2 3 4 2 2 3 1 3 2 3 4 1 4 3 4 4 4 1 1 1 3 3 1 1 2 1 0 4 4 2 2 4 2 3 4 4 4 4 2 3 3 1 3 3 1 2 3 2 3 2 4 2 4 1 4 4 1 4 4 4 4 3 4 2 1 1 1 2 3 4 2 3 4 3 4 4 1 2 4 2 4 3 1 1 2 2 1 4 1 3 2 2 1 4 4 1 2 4 1 4 2 3 3 2 1 3 1 3 3 3 3 1 2 4 4 4 3 4 4 1 4 4 4 
3 4 4 3 1 3 1 2 4 3 1 4 3 2 2 1 1 2 4 3 2 2 1 2 2 2 3 4 2 3 1 4 4 3 3 4 2 2 2 3 4 2 3 4 4 1 1 4 2 4 3 1 1 1 2 3 1 3 2 2 3 3 3 1 2 3 4 4 1 3 4 2 3 3 4 4 4 4 4 1 1 1 4 1 1 3 1 2 3 1 4 4 1 4 2 4 4 1 2 2 3 2 1 1 0 4 1 2 4 1 3 1 3 4 4 4 3 1 4 2 2 2 1 4 3 1 1 4 3 4 3 1 2 3 1 4 3 2 3 4 4 4 4 2 3 1 1 1 1 1 4 4 1 2 4 1 3 3 3 4 2 1 3 1 2 1 2 1 3 2 3 1 3 2 2 3 4 3 2 3 2 4 4 4 3 2 3 1 1 4 2 1 3 2 2 2 4 2 2 3 
3 1 1 2 3 4 2 2 2 4 4 3 1 4 3 3 4 3 2 1 2 4 4 1 1 3 3 1 3 3 1 4 2 3 1 4 4 3 4 1 1 4 2 1 4 3 2 4 3 1 1 4 3 4 4 4 4 1 1 3 3 2 2 2 4 3 1 1 1 4 4 1 2 2 4 3 4 3 3 4 1 4 2 4 1 4 3 4 1 1 1 4 3 4 4 2 4 3 1 1 4 4 2 1 2 0 1 1 4 1 1 1 2 3 4 1 1 1 1 3 4 3 4 1 2 3 2 3 3 4 2 2 4 1 1 3 4 4 2 2 1 2 1 3 2 1 1 4 3 4 1 1 3 2 3 2 4 2 4 2 3 3 2 4 3 1 1 3 4 2 2 4 2 1 1 4 2 1 1 2 4 3 2 4 3 2 4 4 4 3 1 4 1 1 3 4 3 1 2 2 
1 3 4 2 4 2 3 4 2 1 4 4 4 3 3 2 4 2 2 4 2 3 3 1 2 4 1 3 2 1 4 3 3 1 1 4 3 3 4 3 3 1 3 1 1 2 1 2 3 2 4 2 3 1 3 3 3 4 2 3 3 1 4 1 2 1 4 3 4 1 4 3 4 3 2 4 4 2 1 3 4 2 4 2 4 4 1 3 2 3 2 3 4 4 1 1 2 2 4 1 3 2 3 1 2 4 0 4 2 4 1 1 2 2 2 1 3 4 3 3 1 4 2 1 4 1 3 2 2 2 4 4 2 4 2 4 1 2 1 3 3 1 4 4 4 4 3 4 2 4 3 2 4 3 3 2 4 3 4 4 2 2 4 1 1 2 2 3 1 1 4 3 3 4 1 3 1 1 2 4 3 3 4 3 4 4 4 4 4 4 2 2 3 2 1 2 3 3 1 4 
4 4 3 3 1 1 2 4 4 2 4 2 1 2 2 1 2 2 3 4 2 3 3 2 3 3 4 2 2 2 3 2 3 3 1 1 1 4 2 1 1 4 3 2 2 3 4 3 1 1 3 1 1 4 4 2 4 2 4 1 2 3 1 3 4 2 4 1 3 4 3 1 1 2 4 4 1 2 3 1 1 3 1 2 2 2 3 3 1 1 3 3 3 1 1 3 1 2 3 3 4 4 4 3 3 2 2 0 3 1 3 3 4 2 1 2 4 1 1 1 3 4 4 1 2 2 4 2 3 3 1 2 2 4 1 1 1 4 4 4 1 3 1 4 4 3 2 2 4 1 1 3 1 3 3 1 2 1 3 3 1 2 2 1 3 2 4 4 2 1 3 2 1 1 3 2 2 3 2 2 1 1 1 2 2 1 4 1 4 1 2 4 3 3 4 2 4 1 2 4 
2 4 3 3 2 4 3 4 1 2 3 2 2 4 2 1 1 1 2 3 1 1 4 2 3 2 3 1 3 2 4 1 1 3 1 4 1 1 4 4 3 2 2 3 2 1 3 4 2 1 1 1 4 2 1 1 2 1 3 1 4 1 3 1 1 1 4 2 1 4 4 2 2 3 2 1 4 1 4 2 3 3 4 1 1 4 2 1 1 4 3 1 1 3 3 2 1 4 1 4 4 1 4 1 1 3 4 3 0 2 4 3 4 3 3 4 3 1 1 2 3 4 3 3 4 3 4 3 3 3 3 2 3 3 2 2 3 3 3 4 3 3 4 3 1 3 4 4 3 4 2 1 4 2 1 3 4 3 3 3 4 1 1 1 4 4 3 1 2 2 1 4 3 4 2 4 1 2 4 1 4 4 4 1 4 1 4 2 4 3 4 2 2 4 4 4 2 2 4 3 
3 3 1 3 1 1 2 1 1 4 4 3 3 2 3 3 4 3 4 4 1 1 1 1 4 1 1 2 1 3 2 1 2 4 4 3 3 1 1 4 2 4 1 1 1 2 2 1 2 1 3 1 1 2 1 4 2 3 1 3 2 4 1 4 3 1 2 4 1 2 1 1 1 3 4 3 3 3 4 4 4 3 3 1 2 2 3 4 4 4 3 3 3 4 2 3 1 3 3 1 2 1 3 1 2 2 1 3 1 0 1 4 3 1 1 2 1 3 1 4 4 2 3 2 4 2 3 3 1 1 1 3 3 3 3 3 2 1 3 1 3 1 3 3 1 2 3 1 2 3 1 4 1 4 4 2 1 1 3 1 3 1 3 2 4 3 3 2 2 4 2 1 1 2 1 2 3 4 4 2 3 4 3 3 4 1 4 1 1 3 3 2 2 1 2 3 2 4 4 1 
3 2 4 4 1 3 2 2 3 1 2 4 4 1 4 4 3 3 4 1 4 4 1 4 1 2 1 3 3 2 4 2 4 1 2 1 2 1 2 3 4 4 1 1 4 2 4 4 2 1 3 3 1 3 3 1 4 3 3 2 3 4 3 2 3 3 3 3 1 3 3 3 3 1 1 3 2 1 1 4 1 2 4 3 1 4 3 4 1 4 2 1 2 2 2 4 4 4 4 4 3 4 2 3 1 3 1 4 3 3 0 4 4 1 2 4 1 4 4 1 4 3 1 1 3 4 1 3 2 2 1 4 4 4 3 4 1 4 1 3 3 2 4 3 4 2 1 2 3 3 4 1 1 4 1 4 1 4 2 1 2 2 1 4 1 3 4 3 1 3 1 2 2 4 1 2 4 3 4 1 2 3 2 4 4 4 1 3 1 2 4 1 1 2 4 4 4 4 3 1 
4 1 3 2 4 2 2 3 2 1 4 4 1 3 4 4 2 4 4 2 4 3 3 1 3 4 3 3 1 4 4 1 4 4 3 1 3 3 4 4 3 4 1 2 1 4 4 2 4 2 2 1 2 3 3 1 3 1 2 2 3 4 4 2 1 4 3 1 3 2 2 2 4 3 1 2 1 2 3 3 4 4 2 4 1 4 3 3 1 3 4 1 4 2 3 4 1 3 3 3 4 2 3 4 2 2 3 3 1 2 1 0 1 3 2 4 1 2 4 3 1 1 3 2 1 4 4 3 3 1 4 4 4 4 4 4 1 4 4 3 1 2 1 4 2 1 4 1 4 4 1 4 4 3 2 4 4 1 1 4 4 1 1 1 4 3 3 3 4 4 1 2 3 3 2 3 2 2 1 2 2 1 3 1 3 3 4 1 3 3 3 1 2 3 3 2 2 1 2 3 
4 1 2 3 3 3 1 3 3 1 1 3 1 4 4 4 2 2 3 4 4 2 4 3 3 4 1 3 3 3 3 3 1 1 4 4 2 3 2 1 4 3 1 4 1 3 4 2 3 2 3 3 1 1 3 1 3 2 1 3 2 1 4 1 2 1 2 4 1 2 4 1 3 1 4 1 1 4 3 2 2 3 2 2 2 2 4 2 3 1 4 1 1 3 4 1 2 3 1 2 4 2 2 1 4 4 1 3 1 1 4 4 0 2 2 3 4 1 4 4 3 4 2 3 1 1 1 4 1 3 1 1 1 1 1 2 2 2 4 4 2 2 2 2 1 3 3 4 4 1 4 4 1 3 2 4 4 1 1 4 1 1 1 4 2 2 4 3 2 2 3 1 1 3 2 2 3 3 3 2 4 3 2 3 1 4 2 4 4 3 4 3 4 1 3 3 4 4 1 4 
1 3 4 2 1 3 3 3 2 4 1 1 1 4 3 4 4 4 4 1 2 3 4 3 1 3 4 4 3 1 2 1 2 2 4 3 2 2 2 3 1 2 4 1 3 1 2 3 2 2 3 4 2 4 4 1 4 4 3 3 2 4 3 4 3 4 1 4 3 1 3 4 2 3 1 1 4 2 1 1 3 1 1 3 1 2 2 1 1 2 4 2 2 1 1 3 1 4 1 4 4 1 1 1 2 3 2 4 3 4 3 3 1 0 4 3 3 2 2 2 4 2 4 2 1 1 2 4 3 3 3 1 2 3 1 2 3 4 3 4 3 3 2 1 4 2 1 2 2 1 4 2 2 3 1 2 4 1 2 1 1 2 3 4 3 1 1 2 2 3 4 2 2 3 1 3 1 2 4 3 2 2 2 1 2 1 2 4 2 3 4 2 2 1 1 2 3 4 1 3 
3 4 2 3 1 3 1 4 1 2 4 2 1 3 4 4 3 1 3 4 2 2 1 2 4 2 4 3 1 2 3 3 2 1 4 3 1 3 4 3 3 2 4 4 2 3 1 1 2 2 2 1 4 4 4 4 1 2 3 1 2 3 1 4 3 2 4 3 1 1 1 1 3 3 2 3 1 4 2 1 3 3 2 4 4 2 3 3 3 3 2 2 3 2 4 3 3 2 4 1 3 1 1 4 2 4 2 2 1 4 4 3 1 4 0 2 1 1 2 4 4 3 3 3 3 3 1 3 1 4 4 3 2 1 3 2 2 1 1 3 3 2 4 3 4 3 1 2 2 1 2 1 4 3 1 3 2 2 3 1 3 1 4 1 1 4 2 4 3 2 3 2 3 2 1 1 4 4 2 3 2 3 2 4 1 3 2 2 4 4 3 1 4 4 1 1 3 1 1 2 
1 2 3 1 1 1 3 2 4 3 2 1 3 2 1 1 1 1 2 1 2 4 1 2 4 1 1 1 1 2 3 1 4 4 3 4 3 4 2 1 1 4 4 1 4 2 1 4 4 1 2 2 4 4 1 1 4 3 1 4 2 1 1 2 1 4 4 2 2 4 3 3 3 4 3 1 3 1 3 1 3 2 4 2 4 2 2 2 4 1 4 2 1 4 1 4 4 3 3 4 3 2 2 4 2 1 3 3 4 2 1 1 3 2 1 0 1 4 2 4 1 1 2 4 1 4 4 3 1 3 4 2 1 1 1 3 4 2 3 3 4 1 3 3 2 1 2 3 1 4 4 2 4 4 1 3 1 3 2 2 1 4 2 3 3 4 2 2 3 3 4 2 2 3 4 2 1 4 4 3 2 3 1 4 4 4 4 1 2 3 4 4 4 2 2 1 3 1 1 1 
4 1 4 1 2 4 1 4 1 4 4 4 3 3 3 2 2 4 3 1 1 1 4 3 2 4 1 3 1 1 3 2 3 3 3 4 1 3 2 4 4 2 3 1 2 3 1 4 1 1 4 1 4 1 1 4 4 2 1 2 3 4 2 2 1 3 1 1 3 4 2 4 3 4 4 1 2 4 4 2 1 4 1 2 4 3 2 1 2 1 3 3 1 1 4 2 3 1 2 4 2 3 2 1 4 2 3 4 4 1 1 2 3 4 3 4 0 3 2 3 1 3 3 3 4 2 2 2 4 3 4 1 4 2 2 4 2 3 1 2 4 1 2 3 3 4 3 4 4 3 2 2 3 3 2 4 2 2 4 2 2 2 1 1 2 3 3 3 4 1 3 2 1 2 4 2 1 3 3 2 1 2 2 3 2 1 3 2 1 2 1 4 2 1 1 4 2 2 2 2 
4 2 2 2 3 3 3 3 1 4 2 3 2 4 3 3 3 3 2 4 1 4 1 2 1 3 1 2 2 4 1 1 2 1 2 3 2 1 3 4 4 2 3 3 3 4 4 3 3 1 1 2 3 2 4 2 1 4 4 1 3 4 4 3 3 2 2 4 1 3 2 4 1 2 1 1 2 1 1 4 4 1 1 2 3 2 1 3 3 4 4 4 4 2 1 3 2 4 3 3 4 1 1 1 3 2 1 2 2 3 3 3 4 1 3 4 4 0 1 4 2 4 4 1 3 4 4 2 3 1 1 2 3 3 2 3 4 4 1 1 2 4 4 4 2 2 1 2 2 3 1 2 1 3 1 4 2 2 4 2 2 4 1 4 3 1 1 3 1 2 1 1 4 3 3 1 3 4 1 2 2 3 3 4 4 4 3 3 2 3 3 1 4 4 1 1 3 3 3 2 
2 1 2 1 1 1 1 3 2 1 4 2 3 4 3 2 3 1 3 1 3 1 4 2 3 1 3 2 1 2 1 3 2 1 2 2 3 3 2 3 4 1 2 1 1 1 4 3 1 4 3 1 1 4 2 4 3 4 3 3 3 1 4 1 4 3 2 4 4 1 2 1 3 3 4 2 1 3 2 3 3 1 4 1 1 3 4 2 4 1 4 1 2 2 1 2 4 3 1 2 2 1 3 1 3 3 3 3 2 1 4 1 1 3 1 1 4 3 0 3 4 3 1 2 2 3 4 1 3 3 3 4 1 3 3 3 1 3 2 1 2 2 4 3 3 1 3 4 2 2 2 4 1 1 3 2 4 4 3 3 2 1 1 3 2 2 4 4 2 4 1 1 4 3 1 4 2 2 1 1 3 3 1 3 4 4 4 3 2 2 2 1 3 1 4 2 4 4 4 3 
2 1 1 1 4 1 2 1 3 1 2 2 2 3 3 2 3 3 3 3 4 1 1 3 2 1 1 4 1 1 1 3 2 3 2 3 2 2 4 1 3 4 3 1 2 2 2 2 1 3 2 3 2 3 3 4 4 1 4 1 3 2 2 1 2 2 1 2 1 4 2 4 1 1 1 2 2 2 1 2 2 2 4 4 2 3 3 4 4 3 3 4 4 3 1 1 3 3 1 2 1 3 2 2 4 2 2 4 1 4 4 2 4 1 1 2 3 1 3 0 2 2 1 4 3 2 4 4 3 2 1 1 4 1 4 2 2 4 2 4 2 3 4 2 1 1 1 3 2 1 4 2 2 2 2 2 3 1 3 4 1 3 2 4 4 4 2 2 3 4 4 4 3 1 4 4 4 2 1 1 2 2 4 2 2 4 3 4 1 3 1 2 4 3 2 3 2 3 2 1 
1 2 2 3 2 2 1 1 1 2 3 1 4 3 1 2 2 3 4 4 3 1 3 4 4 4 2 2 4 2 4 1 3 2 1 2 2 3 4 4 2 4 4 1 2 2 2 4 4 4 1 1 1 3 1 2 3 2 1 2 4 2 1 1 1 2 2 2 4 4 4 1 3 2 2 3 1 1 2 2 4 1 3 1 3 3 2 4 2 2 1 4 1 3 1 4 4 1 1 4 1 2 4 2 2 1 3 2 1 3 2 1 4 3 4 3 1 4 2 2 0 1 3 1 4 2 3 4 1 2 4 4 3 2 1 4 3 3 2 4 3 3 1 1 3 3 3 3 1 4 3 1 2 2 4 2 4 3 1 3 2 3 2 2 1 3 3 3 3 1 1 3 4 2 3 1 2 4 3 1 3 2 1 4 4 3 4 1 4 1 2 3 1 1 2 2 3 4 1 1 
1 1 1 2 3 1 1 3 1 3 3 1 2 3 4 1 1 4 2 1 1 4 3 1 3 4 3 1 4 4 4 2 2 2 3 1 1 2 3 1 4 2 3 3 2 2 3 2 2 3 3 1 3 4 4 1 1 3 3 3 1 2 3 3 2 1 2 3 1 2 2 4 1 2 2 3 1 1 2 4 1 4 2 1 2 2 1 4 2 3 4 1 1 3 1 3 1 1 3 3 1 1 4 3 3 2 1 4 1 3 1 3 4 2 4 3 4 3 1 4 2 0 3 4 1 2 3 3 1 1 1 3 4 4 4 1 1 1 3 3 1 2 2 3 2 4 4 4 2 2 2 3 3 3 1 1 1 2 3 3 3 2 3 2 4 2 2 1 2 1 1 4 2 3 4 3 1 1 4 1 3 4 3 4 2 4 1 3 4 1 3 1 2 1 2 4 4 3 2 2 
2 4 3 3 4 1 3 4 1 2 3 4 4 4 2 1 4 2 4 4 2 1 4 4 3 1 1 1 1 2 2 2 4 3 1 3 1 4 4 4 4 4 2 2 3 4 3 3 4 1 4 3 4 4 1 4 4 2 4 1 3 4 2 2 4 4 1 4 3 2 3 4 2 1 3 4 4 2 4 3 2 3 1 2 4 4 4 4 4 3 2 4 1 4 3 4 1 3 1 2 1 1 4 3 3 1 3 2 1 3 2 4 3 4 4 1 4 1 4 1 2 2 0 1 2 1 2 1 1 4 3 2 2 4 4 2 2 3 4 4 1 3 3 2 3 4 2 1 4 1 4 2 4 4 3 3 4 3 1 2 3 1 4 1 1 1 1 2 4 1 2 4 4 4 3 2 3 3 1 3 1 4 2 1 1 4 2 1 3 3 4 2 1 1 2 4 2 2 1 3 
1 4 4 3 4 1 2 2 1 3 3 1 3 4 1 4 4 2 3 1 4 2 3 2 2 3 2 2 4 2 2 2 4 4 1 1 2 2 1 1 3 3 1 2 1 4 4 2 1 2 2 1 2 3 1 2 2 3 2 1 4 4 3 1 3 1 3 3 2 3 4 4 2 3 3 2 1 3 1 4 1 2 3 2 1 1 1 4 3 1 3 4 1 4 1 3 2 1 1 4 4 1 3 3 4 4 2 2 2 4 4 3 2 1 2 1 1 4 2 4 3 3 4 0 2 4 2 4 1 1 3 3 3 4 2 1 1 2 4 4 4 1 4 1 1 1 1 4 4 3 1 4 4 3 3 4 1 2 4 1 3 2 4 2 4 4 2 3 1 4 2 1 1 2 1 2 3 1 1 1 3 3 1 1 2 2 1 4 3 3 2 2 3 4 3 2 2 3 3 4 
3 2 2 2 2 2 4 3 4 3 1 3 2 4 1 4 1 4 1 4 2 3 3 4 4 4 4 4 2 2 4 4 4 2 3 4 4 3 3 4 4 4 4 2 1 3 2 1 1 2 3 2 2 4 2 3 4 3 3 1 3 2 2 4 2 4 1 2 3 4 2 2 2 1 3 4 2 1 3 3 3 1 3 2 1 1 3 1 2 2 2 1 4 1 4 2 3 4 1 4 2 1 2 3 1 2 1 3 4 3 3 2 1 1 2 2 1 3 3 4 3 2 3 1 0 4 2 4 1 1 4 3 3 3 4 3 2 2 2 1 4 4 2 3 2 2 2 1 3 3 3 1 1 3 1 4 2 1 4 4 2 2 4 3 1 2 4 1 3 2 4 3 4 1 3 2 4 2 1 2 2 3 4 2 4 4 2 1 1 3 1 4 1 2 1 4 3 1 2 1 
2 3 1 1 3 1 3 4 3 2 3 1 4 4 3 3 3 1 2 4 2 4 2 4 3 1 1 1 1 3 4 2 2 2 2 3 4 2 4 1 4 4 3 3 3 1 2 4 2 4 2 1 1 3 4 2 1 4 4 4 1 4 2 1 4 3 1 3 4 3 3 4 3 2 4 2 1 2 1 4 2 2 3 3 2 3 4 4 3 3 4 4 4 2 3 4 4 2 3 1 3 3 4 4 1 2 3 2 3 3 1 4 3 2 4 4 2 1 2 2 3 2 3 4 3 0 4 4 1 3 2 1 4 2 4 3 4 1 3 3 4 4 2 2 2 4 1 3 2 4 4 4 4 2 4 1 4 2 1 1 2 4 3 2 2 4 2 1 4 4 4 2 2 1 2 3 1 2 4 2 4 1 4 2 2 3 4 4 1 2 1 3 3 4 3 2 3 2 1 4 
1 4 1 4 1 3 3 1 3 3 4 1 2 3 2 3 1 4 1 4 3 1 4 3 1 2 3 2 4 1 3 1 2 2 1 1 4 1 3 1 3 4 3 1 4 3 4 2 3 1 4 1 3 4 4 2 4 4 4 4 1 4 3 1 3 4 1 1 1 1 3 3 3 1 1 3 4 4 3 2 2 3 4 4 3 1 4 3 1 3 1 4 4 4 1 2 4 2 3 1 3 2 2 1 2 4 3 2 2 4 1 4 2 2 3 1 3 3 1 2 4 3 1 1 2 1 0 1 1 3 4 1 3 4 1 2 3 4 1 1 2 2 2 1 3 3 2 3 4 3 1 1 2 4 1 1 4 4 4 3 2 2 4 2 4 2 4 1 3 4 4 2 1 1 3 1 3 3 4 2 1 1 1 3 4 2 1 3 4 4 2 1 3 1 3 3 4 1 2 3 
2 3 1 3 1 1 1 2 1 1 1 2 2 3 3 3 2 1 1 4 4 4 3 1 4 2 1 2 4 3 1 4 2 4 2 1 4 1 3 4 1 3 4 2 3 3 2 4 1 3 2 2 4 3 1 2 2 4 4 4 4 3 3 2 1 4 3 4 4 3 1 1 4 1 1 2 4 1 2 1 4 2 1 3 4 2 4 4 4 3 1 2 1 3 3 4 2 1 1 2 2 4 4 1 1 3 1 2 3 2 2 1 2 4 4 3 1 2 1 4 2 2 2 1 2 4 1 0 1 4 3 4 3 3 2 4 2 2 3 4 2 1 4 1 3 2 2 2 1 2 1 2 3 1 4 3 4 4 2 4 1 1 3 2 3 1 3 1 1 3 2 2 4 1 3 1 4 3 4 1 1 1 2 4 4 4 4 2 2 2 4 2 1 3 3 2 3 3 4 1 
3 4 3 4 3 3 2 4 3 2 4 1 2 4 2 1 2 2 4 3 1 1 3 3 3 3 3 4 2 1 2 4 1 1 4 1 2 1 1 4 4 3 4 2 1 4 3 4 4 2 2 2 3 1 2 4 2 4 4 3 2 2 2 2 3 4 2 4 4 1 2 4 2 2 4 4 2 3 2 4 3 1 1 1 4 4 2 3 3 3 1 1 3 3 3 2 4 2 4 4 2 2 1 2 4 2 1 3 2 2 3 1 1 3 2 3 2 3 4 3 1 1 1 4 2 2 3 4 0 2 4 4 4 1 3 4 4 2 1 1 1 4 4 4 3 1 1 3 3 3 3 2 2 4 1 1 1 1 3 3 3 1 4 1 2 1 1 4 4 1 1 2 4 2 3 3 1 4 3 4 1 1 1 2 1 1 1 2 4 4 1 3 3 4 3 4 4 1 4 1 
1 4 1 4 4 3 1 3 3 4 2 4 4 4 3 3 1 1 3 3 4 4 4 1 1 3 1 2 2 2 3 3 3 3 3 4 4 1 2 2 2 3 4 2 4 2 1 4 1 1 4 3 4 2 3 1 1 2 2 4 3 4 1 1 3 2 1 4 4 4 1 2 3 4 4 1 3 3 1 3 4 4 4 1 1 2 1 2 1 4 3 2 2 1 4 4 1 4 2 3 2 1 4 4 1 1 1 1 4 2 1 2 4 3 1 2 4 1 2 2 1 3 1 1 3 4 1 2 4 0 3 1 3 4 4 2 2 4 2 1 1 3 4 3 1 2 1 3 1 3 4 4 1 3 3 2 2 2 2 1 1 1 2 3 3 2 3 3 2 3 1 1 4 4 2 3 3 1 2 3 2 4 2 4 3 2 2 4 3 1 2 4 3 4 1 2 1 3 4 3 
2 2 3 4 3 2 4 3 1 4 2 4 1 2 3 2 1 2 3 4 1 3 3 1 3 4 4 2 4 3 2 1 2 3 2 3 3 1 2 1 2 1 3 3 3 2 2 1 4 1 1 1 3 3 3 3 2 1 2 1 1 4 2 2 4 2 2 2 1 2 1 2 3 2 3 3 1 2 2 3 4 2 3 2 1 3 2 2 2 3 2 2 3 3 3 1 2 2 4 1 3 1 4 3 3 1 3 4 1 3 3 2 3 2 1 3 2 3 2 3 2 2 2 3 1 3 2 2 4 2 0 2 3 1 3 1 1 4 4 2 2 3 2 3 1 3 4 2 2 3 1 3 2 1 2 2 2 3 3 4 4 3 3 1 3 3 4 1 2 3 4 1 1 4 4 2 2 3 1 4 4 3 1 3 1 2 1 2 1 3 1 4 3 2 3 3 2 1 1 3 
4 3 1 1 3 3 2 1 1 4 1 4 3 3 4 4 1 1 3 2 2 2 2 1 1 1 1 2 3 2 2 2 3 1 2 3 1 4 3 2 2 4 4 3 1 1 4 4 2 2 3 4 2 2 2 1 2 1 1 2 2 4 1 1 1 2 2 3 4 1 2 4 1 2 3 3 3 3 2 4 1 2 4 4 4 2 3 3 4 3 1 4 4 2 4 2 1 3 3 4 1 4 2 4 4 2 1 3 2 1 2 3 4 3 1 3 4 1 4 3 3 1 2 3 3 1 3 1 2 1 2 0 2 1 4 4 3 3 3 3 2 1 4 2 3 3 1 2 2 4 1 4 2 2 4 2 1 4 1 4 1 2 4 2 3 3 4 2 1 2 1 2 1 1 2 4 1 2 4 3 4 3 3 3 3 1 1 2 2 3 1 2 2 3 3 1 1 3 4 4 
1 1 2 2 1 2 4 3 2 1 3 4 1 1 4 2 3 4 3 1 4 2 1 4 1 3 4 1 3 3 1 1 4 3 2 2 3 2 1 2 4 2 1 3 1 3 1 1 1 4 4 2 3 1 1 3 2 3 3 3 3 1 3 2 1 2 3 1 4 1 4 4 4 3 3 4 1 4 2 2 2 3 2 2 1 4 1 4 4 3 4 1 3 4 2 4 3 3 4 1 2 2 3 2 2 4 1 3 1 4 4 2 4 4 4 1 1 3 3 1 1 2 4 3 1 2 3 4 2 2 3 2 0 2 2 2 1 3 1 2 4 1 2 3 3 1 4 2 1 2 4 2 4 2 4 4 1 4 2 1 1 4 2 3 2 4 4 1 2 4 3 3 1 2 2 1 2 2 4 1 2 3 2 2 4 2 2 2 1 2 2 2 2 3 2 3 4 4 2 2 
4 2 1 4 2 1 4 2 3 1 3 1 3 2 2 1 3 2 1 4 1 2 3 4 3 1 1 2 1 2 3 2 2 2 3 3 4 2 2 2 1 2 2 3 2 1 1 4 1 2 1 2 2 2 4 3 2 3 2 3 3 4 4 1 2 1 3 1 2 2 4 1 3 4 2 4 2 1 4 1 3 2 3 3 2 1 1 2 1 3 4 3 3 3 4 4 1 1 4 4 3 3 4 1 2 3 4 4 1 3 3 1 2 4 1 3 3 4 4 1 3 1 3 4 2 3 2 3 3 2 1 1 3 0 1 2 3 3 1 3 1 3 1 1 4 2 4 3 2 1 4 2 4 2 3 1 2 2 1 3 4 3 2 2 3 1 1 2 3 2 1 4 1 1 3 1 2 3 4 3 3 2 1 4 2 1 1 3 4 2 3 1 4 1 4 2 4 4 3 1 
1 2 3 4 3 2 4 4 4 1 4 4 2 3 4 4 4 3 4 4 2 1 4 3 4 1 2 3 1 3 1 1 1 3 1 2 2 2 4 4 3 4 1 3 1 1 3 1 3 1 1 1 3 3 1 1 3 1 2 2 1 3 3 1 2 4 1 2 3 3 3 1 2 4 1 3 3 1 2 3 4 2 4 3 4 2 1 2 3 1 3 1 4 3 1 2 4 2 3 1 2 2 1 4 2 4 1 2 2 1 4 3 3 1 2 1 3 4 3 1 1 4 4 1 4 3 4 4 4 3 4 3 2 2 0 4 4 1 2 3 3 3 2 2 2 1 3 1 3 4 3 4 3 4 3 2 1 2 1 2 3 1 2 3 3 4 1 3 3 4 2 1 1 4 3 4 4 1 4 1 3 2 2 2 1 3 1 1 3 2 1 3 2 3 2 1 2 3 3 1 
2 3 3 1 3 3 2 2 4 1 1 2 3 4 1 3 3 3 4 2 1 2 2 2 2 1 2 2 1 2 3 2 4 3 3 1 1 1 3 3 1 2 4 2 3 1 2 1 2 1 1 1 2 3 2 4 4 4 1 2 2 3 3 2 4 1 1 2 3 4 3 3 4 2 3 3 4 2 1 3 3 4 1 4 2 3 2 2 3 1 1 3 3 2 3 4 2 4 2 1 1 4 3 4 1 2 3 4 4 2 3 3 4 3 3 4 1 1 1 2 3 2 2 1 4 3 2 1 1 1 1 4 2 1 4 0 3 3 3 1 3 3 3 4 4 4 4 2 4 2 3 3 3 2 4 4 3 2 2 3 2 2 2 4 3 3 2 3 3 1 2 2 2 4 2 2 2 3 4 4 1 1 4 1 3 1 2 3 2 4 2 4 3 3 1 1 3 1 3 1 
2 4 3 4 3 2 1 2 2 3 1 1 2 1 3 2 3 2 4 4 2 4 4 3 1 1 1 3 4 4 1 2 4 2 3 1 4 4 1 3 4 1 1 2 3 1 2 2 1 1 3 1 3 2 2 4 4 2 4 2 2 3 3 3 1 3 4 4 1 4 4 4 1 3 3 4 1 3 2 1 1 1 2 2 1 2 4 1 3 2 4 4 3 3 4 3 1 1 1 4 4 2 4 4 3 2 3 4 3 3 4 4 2 2 3 3 2 4 2 4 3 2 2 1 3 4 3 4 3 4 3 2 2 3 2 3 0 4 3 1 2 4 4 3 2 4 3 4 2 4 3 4 1 4 1 3 1 2 4 4 3 4 4 3 2 2 1 4 2 3 4 3 4 4 1 1 2 4 2 1 2 1 3 2 1 4 4 3 1 3 4 1 3 1 1 3 3 4 2 1 
4 1 1 4 2 1 4 1 3 1 3 3 3 4 4 1 3 4 2 2 1 3 1 3 4 2 2 3 1 3 1 2 4 1 1 3 4 3 1 4 4 4 3 1 2 4 4 3 3 3 3 4 4 4 1 4 1 4 1 1 4 3 2 2 1 4 3 2 1 4 4 2 2 4 4 3 3 1 2 1 4 4 4 4 1 1 4 1 3 1 3 4 2 4 4 3 2 4 4 1 1 1 2 1 1 3 3 3 4 2 2 1 2 1 4 3 4 2 2 1 3 4 1 1 4 2 3 1 1 3 4 3 2 4 2 1 3 0 1 1 1 2 2 3 3 4 3 2 1 1 4 1 4 4 2 2 2 1 3 2 3 3 2 1 2 2 1 4 1 3 2 1 3 1 2 1 4 3 4 1 3 2 1 2 1 4 2 3 1 3 2 4 1 3 3 1 4 2 4 4 
4 4 1 3 4 2 3 4 1 1 1 3 4 1 1 4 3 3 3 1 3 2 4 4 2 3 2 4 4 4 1 1 1 2 2 4 3 2 3 2 4 4 4 2 2 2 4 3 3 4 2 1 1 1 4 1 3 4 4 2 4 2 3 2 1 2 2 4 2 2 2 2 1 4 3 2 3 1 4 1 3 1 1 4 2 4 3 4 4 4 1 3 2 1 2 3 2 4 1 2 2 2 2 2 4 3 3 2 4 4 4 2 2 2 4 3 4 4 1 4 1 4 3 4 4 3 3 4 1 3 3 2 1 1 2 3 4 2 0 3 2 1 4 4 2 4 3 1 4 2 1 2 3 1 1 4 3 3 4 1 4 2 4 4 3 1 2 1 2 1 2 4 4 2 4 1 3 2 4 1 1 3 1 3 1 2 2 1 2 4 2 4 4 1 3 3 1 2 1 1 
2 3 3 1 3 4 1 2 1 3 3 4 2 2 1 4 3 1 3 4 3 1 1 3 4 3 1 2 2 4 3 3 1 1 1 2 3 4 2 1 2 1 3 2 4 3 3 4 3 2 4 4 4 4 3 3 4 3 1 2 4 3 2 4 2 3 4 1 4 4 2 1 3 4 3 2 1 1 1 1 4 1 1 1 1 3 3 4 3 3 4 4 2 3 3 4 1 2 2 2 2 1 1 3 4 2 4 4 4 3 4 2 1 3 2 1 2 1 1 2 4 4 4 4 1 4 4 4 4 2 1 2 3 4 3 4 2 4 3 0 2 2 2 3 2 3 2 4 1 2 2 1 2 3 2 1 3 3 4 1 1 1 3 4 3 2 2 4 3 2 3 1 3 4 1 3 4 4 4 4 3 1 3 1 2 4 3 4 2 2 2 2 3 2 3 2 2 2 4 3 
1 3 1 4 2 4 4 1 3 3 1 1 1 4 4 3 1 4 1 1 2 4 3 4 1 4 1 3 2 4 2 4 1 4 1 1 1 3 3 2 4 2 4 2 4 2 1 3 2 3 1 3 1 1 2 4 2 2 3 2 1 1 3 4 2 3 1 3 2 1 4 4 2 3 4 3 4 3 2 1 4 1 2 4 2 2 4 2 1 4 4 2 3 3 4 1 3 3 1 4 2 1 2 1 3 2 4 3 2 4 3 4 1 1 3 2 1 2 4 4 1 3 3 1 4 4 2 3 4 3 1 2 2 2 4 3 3 2 3 3 0 2 1 1 2 1 4 2 2 3 2 2 4 3 3 4 2 4 2 4 3 1 2 1 1 2 1 3 3 4 3 3 3 4 3 1 3 4 4 2 3 4 3 4 3 4 2 3 3 1 4 1 4 2 2 4 3 4 2 2 
3 1 2 3 4 4 1 1 4 2 1 2 1 1 4 4 3 4 1 2 2 3 2 2 4 4 3 2 3 2 4 1 1 4 3 3 4 2 4 2 4 2 4 2 2 1 1 4 4 2 3 4 4 3 4 1 1 2 1 1 4 3 2 4 2 4 4 1 4 1 4 1 2 1 3 3 1 2 2 2 2 2 1 2 2 1 3 3 4 4 3 2 4 3 4 1 2 3 3 4 2 3 2 4 1 1 4 1 1 2 4 2 1 1 1 3 4 2 3 2 2 1 3 1 4 4 1 4 3 2 4 1 1 1 1 4 2 2 2 1 4 0 2 1 4 3 1 4 4 3 3 4 2 2 4 4 3 2 1 4 3 4 4 2 4 3 3 2 4 1 2 4 2 4 4 2 3 3 1 4 2 1 3 3 2 4 1 2 2 3 2 1 1 3 1 4 3 2 4 1 
3 1 1 1 3 1 4 3 4 3 3 3 1 1 2 4 1 1 2 2 1 1 3 2 4 3 1 4 1 1 1 3 3 2 2 4 2 2 3 1 4 4 4 2 3 3 4 1 2 2 4 4 4 2 2 3 1 3 3 3 2 1 2 1 1 2 2 1 3 2 4 1 2 1 4 4 1 2 4 4 1 1 1 3 3 2 2 1 2 4 3 4 3 1 3 2 1 3 3 2 2 4 3 4 1 4 4 1 3 4 3 2 3 3 4 1 2 4 1 4 1 3 1 1 1 2 1 2 2 4 1 4 4 4 4 1 2 1 2 4 3 1 0 3 1 1 3 1 1 1 1 2 3 2 4 3 2 1 2 1 4 2 3 1 4 2 1 3 2 3 2 1 3 1 4 2 2 1 3 4 2 2 2 3 3 3 1 1 2 1 4 3 2 4 1 2 2 2 3 1 
2 4 4 1 2 3 2 4 2 4 1 2 3 2 2 4 3 2 2 4 4 3 2 4 4 3 4 2 3 2 2 4 2 4 4 2 2 2 3 2 3 3 1 4 3 1 2 3 4 4 3 3 3 4 2 1 1 3 3 1 3 3 3 1 1 2 3 1 1 4 3 3 3 4 3 3 3 1 4 2 4 2 3 4 2 4 3 3 1 3 3 2 4 3 3 4 4 1 4 3 2 3 2 4 1 4 2 2 3 2 3 3 3 4 2 3 4 2 3 1 2 1 2 2 3 3 3 1 4 2 2 1 3 4 2 2 2 4 1 1 3 4 4 0 2 1 3 1 2 3 4 1 2 4 2 3 4 1 4 2 2 3 1 4 4 1 2 3 2 4 2 1 4 1 2 3 2 1 1 4 3 3 1 4 1 3 4 3 3 2 3 2 3 3 1 3 1 1 4 3 
1 1 3 4 4 1 2 2 2 4 4 2 1 1 3 4 2 3 2 4 4 4 2 3 2 3 4 1 3 4 3 1 2 3 4 2 1 1 1 2 4 2 3 3 4 3 2 1 4 4 2 3 3 1 3 1 4 1 3 4 4 2 1 3 2 2 3 4 2 1 1 3 1 4 4 3 3 4 2 2 3 1 2 1 2 2 1 4 3 4 2 3 3 1 2 2 3 4 4 3 4 1 3 2 2 1 3 4 2 1 3 2 3 3 3 1 1 4 1 3 1 4 1 2 4 4 1 3 4 2 2 1 3 3 4 1 2 2 2 1 1 1 4 2 0 1 1 3 1 1 1 1 4 4 3 4 3 2 2 1 4 3 3 1 3 4 1 2 3 3 1 3 3 2 2 4 3 2 1 3 3 4 3 1 3 4 4 4 3 2 4 3 2 4 2 4 3 4 4 1 
2 4 1 3 3 4 3 4 4 3 2 2 3 4 3 3 4 2 3 2 4 4 4 2 4 1 3 4 3 3 3 4 4 2 3 4 1 3 3 3 3 1 1 4 3 1 1 3 4 1 2 4 1 4 3 1 1 3 1 1 4 3 2 4 4 2 1 2 1 4 3 4 2 1 2 3 3 1 2 3 2 4 3 2 3 1 1 2 4 1 1 3 4 1 3 3 4 2 2 3 2 1 4 2 4 1 2 3 2 4 2 4 4 3 4 4 1 3 3 3 1 3 4 1 4 4 1 1 2 4 4 3 2 1 4 2 2 3 1 1 2 4 4 3 1 0 1 4 2 3 4 1 3 4 2 1 3 1 1 1 4 4 2 1 1 4 3 4 2 2 1 2 2 4 3 2 3 1 1 1 2 3 4 3 4 4 4 4 3 2 3 1 3 3 4 1 3 4 1 1 
3 4 3 1 1 3 1 2 4 1 2 3 3 2 3 2 4 3 4 1 4 3 4 1 4 2 2 3 4 2 3 4 1 3 1 1 2 1 2 4 2 4 1 2 4 4 1 2 1 3 3 2 4 4 2 2 4 4 3 1 4 4 4 2 1 3 3 2 4 4 3 2 1 3 4 1 1 4 1 2 1 3 4 1 3 2 2 2 2 4 2 3 4 1 1 1 2 4 3 1 4 3 3 4 1 1 1 4 1 3 4 3 2 3 1 1 4 3 3 2 1 2 2 4 3 3 2 3 3 2 1 3 3 2 4 1 4 2 1 4 1 1 4 4 2 4 0 3 3 1 3 1 1 2 2 1 3 2 2 3 4 2 4 1 2 1 3 2 4 3 3 1 1 2 1 3 1 1 4 3 1 3 1 2 4 3 3 2 4 2 3 1 1 1 1 1 3 2 1 4 
1 4 4 3 4 4 2 1 4 3 1 4 2 1 1 2 2 3 4 3 1 3 4 1 3 3 1 2 3 4 3 2 4 3 4 4 3 4 3 4 1 2 1 1 3 4 2 2 2 3 1 4 4 3 3 3 2 4 2 2 3 1 2 4 1 3 3 3 4 1 2 2 1 3 2 1 3 2 4 1 1 2 4 2 2 2 2 1 4 3 2 3 3 4 4 4 3 3 3 3 2 4 4 4 1 2 4 2 3 2 1 2 2 2 1 1 3 4 2 2 2 3 3 4 4 4 3 2 3 1 1 2 1 4 1 3 4 1 2 4 2 2 2 1 3 4 4 0 2 2 3 4 1 3 3 2 4 4 4 1 1 1 4 4 1 1 3 4 1 3 3 3 2 4 3 2 3 3 1 4 3 4 2 3 2 4 2 2 4 1 4 1 3 1 4 3 4 4 1 2 
2 4 3 1 2 4 1 1 3 3 3 4 1 2 4 3 1 4 4 3 1 2 4 1 2 1 3 4 4 2 2 1 1 1 3 1 4 2 2 2 4 1 1 1 4 1 4 4 1 2 2 4 4 3 4 2 2 2 1 1 4 1 1 1 2 4 4 1 1 1 1 4 2 2 3 2 1 2 3 3 2 4 3 1 2 2 2 1 1 4 2 1 3 3 1 4 1 1 2 4 2 4 3 2 4 4 4 2 1 2 2 4 1 1 3 2 1 3 1 1 2 3 4 2 3 3 2 3 4 3 1 4 4 2 2 1 1 2 2 1 2 4 4 1 1 2 1 3 0 3 3 2 1 2 1 3 2 1 4 1 2 3 3 1 2 4 4 2 4 2 1 3 3 4 4 3 1 1 1 3 2 3 2 2 1 4 3 4 3 1 2 1 1 3 1 4 4 3 3 4 
3 4 2 2 1 4 3 2 2 4 3 1 4 4 1 1 3 3 3 4 3 2 3 2 2 3 1 1 3 4 4 2 3 4 1 3 3 3 2 4 2 1 1 3 2 3 1 4 2 4 3 2 2 4 4 3 4 4 1 3 1 4 1 1 4 2 1 1 4 2 3 3 2 4 3 2 1 4 4 2 3 1 1 1 3 3 2 4 2 4 2 4 1 1 4 3 2 4 2 4 4 2 4 2 2 3 4 3 1 4 3 4 4 3 3 4 2 2 1 3 4 1 4 4 1 1 3 4 2 4 4 1 4 3 4 3 1 3 1 2 3 1 1 1 3 2 1 4 3 0 2 4 3 1 2 2 1 3 2 4 1 3 1 1 1 4 1 1 1 4 4 4 1 1 1 2 1 2 4 4 1 2 2 2 3 2 3 1 3 1 1 1 3 2 3 1 1 1 1 3 
3 3 2 2 2 4 3 2 3 1 4 1 2 3 4 2 4 2 3 2 2 3 3 4 4 3 1 4 4 4 4 2 4 2 4 2 4 1 4 3 4 2 3 3 4 4 1 3 1 4 3 3 1 1 3 4 2 4 3 2 2 4 4 4 2 3 4 2 1 1 4 3 3 3 2 3 3 1 3 3 4 1 3 1 2 1 2 4 1 2 4 2 2 3 2 4 2 4 4 3 1 3 2 2 4 2 3 3 4 3 3 3 2 3 3 1 3 3 4 2 2 4 3 3 2 4 2 1 3 4 3 3 4 3 2 3 2 2 1 1 4 2 1 4 2 1 1 2 4 3 0 1 3 3 4 2 4 3 3 3 2 1 4 1 2 4 2 4 1 4 4 3 1 1 4 2 3 4 2 4 4 2 2 3 4 2 3 2 1 2 3 2 1 2 3 2 4 3 2 1 
4 3 2 2 4 4 4 1 3 4 2 1 4 4 2 2 3 2 2 1 3 2 2 3 1 3 1 1 1 3 4 1 4 2 3 2 4 4 3 3 2 1 3 3 4 2 1 4 4 2 3 2 1 3 2 1 2 1 2 4 3 4 4 2 4 2 1 2 4 2 3 1 3 4 3 1 1 3 2 1 1 2 4 1 3 4 4 1 4 2 4 3 1 1 1 2 3 2 2 4 3 1 1 3 3 4 2 3 4 4 2 1 3 2 1 2 2 4 3 2 4 4 2 3 2 1 2 1 3 3 2 1 1 2 3 2 1 4 4 3 4 1 2 2 3 3 2 4 1 3 3 0 4 3 4 3 1 2 3 2 1 4 3 1 1 2 1 2 2 4 1 4 4 3 4 1 1 3 4 2 3 2 2 3 3 1 4 1 1 2 2 4 1 3 4 3 4 3 2 4 
1 4 1 2 3 4 1 2 4 2 3 4 2 2 3 1 4 2 2 3 4 1 2 2 4 4 3 4 4 4 4 4 1 3 1 4 2 1 3 3 4 1 2 2 1 2 4 1 3 3 1 4 3 3 3 3 4 4 4 4 1 3 2 4 4 2 1 2 1 4 4 1 4 3 3 1 3 2 2 4 1 2 4 3 1 4 3 2 1 3 4 2 2 2 2 1 4 4 1 4 4 3 4 3 2 1 2 3 1 4 4 4 3 3 3 1 1 2 3 3 2 1 3 1 4 3 4 2 4 2 2 2 1 3 1 1 4 2 4 3 4 4 1 3 4 4 1 2 4 2 1 1 0 4 2 4 4 2 1 2 4 4 3 2 4 1 4 4 2 1 4 3 3 2 3 4 1 3 3 2 3 1 4 1 4 3 3 1 2 3 4 2 1 4 2 3 2 2 4 4 
1 1 2 1 4 2 3 1 4 2 2 3 4 2 3 2 2 4 2 1 4 4 4 4 4 3 1 3 1 2 2 3 2 3 1 4 1 4 3 1 1 3 4 4 3 1 2 3 3 3 3 3 4 3 4 4 2 3 1 3 2 4 1 2 4 3 1 3 1 1 4 1 4 4 3 4 1 4 4 4 1 2 1 3 1 1 1 2 1 4 3 2 1 3 3 1 4 1 2 4 4 3 2 1 1 2 4 2 1 1 4 3 4 4 1 2 2 2 3 2 3 3 3 1 1 3 2 2 1 1 2 3 2 2 2 2 3 4 2 3 4 3 4 4 3 1 4 4 1 2 1 1 2 0 2 3 2 4 3 3 4 2 2 2 3 2 2 3 3 1 2 2 4 3 3 1 1 4 2 3 2 3 3 1 4 2 3 3 2 3 4 2 3 4 4 4 2 4 3 3 
2 3 4 4 3 2 4 2 2 1 2 1 4 1 1 1 2 4 3 3 4 2 4 1 4 2 3 2 3 1 1 2 2 3 1 2 2 1 4 2 4 4 3 3 1 1 1 1 1 3 2 2 3 1 1 3 4 4 1 3 4 1 4 4 1 4 3 4 2 4 4 4 1 3 3 2 1 4 2 2 1 4 2 2 2 1 4 4 3 1 3 1 2 3 3 4 2 4 2 3 4 4 3 2 2 1 3 4 4 1 3 1 1 1 4 4 3 2 3 3 2 3 4 4 3 4 1 3 4 1 1 3 1 1 2 2 1 2 2 3 3 4 2 3 2 2 3 3 4 4 3 3 4 3 0 2 3 3 1 1 4 4 2 1 1 1 3 3 2 4 1 4 1 1 4 1 2 3 2 1 1 3 4 1 1 3 4 2 2 3 1 2 1 2 2 4 2 3 2 3 
3 4 4 4 4 3 4 1 3 4 2 1 1 4 1 2 2 3 1 3 4 2 4 4 3 1 4 3 4 2 4 4 1 1 2 2 1 2 1 4 1 2 4 2 4 1 1 2 3 3 3 1 3 3 3 3 3 3 3 3 4 1 4 4 4 4 3 4 4 3 4 2 4 4 2 3 4 4 4 3 1 2 4 3 1 2 2 2 2 4 2 4 1 2 1 1 2 4 1 3 3 3 1 1 3 4 2 3 1 2 1 2 3 1 1 4 3 4 4 1 3 1 4 1 3 3 2 3 2 3 3 4 2 3 3 2 3 3 4 1 3 2 4 3 3 1 1 1 1 3 1 2 4 2 4 0 3 3 1 1 3 2 1 4 1 2 3 4 3 2 2 3 3 3 2 2 3 4 1 2 1 4 1 1 2 2 1 4 3 1 4 1 1 2 2 1 2 4 2 3 
2 2 3 3 2 2 3 4 2 4 2 1 3 4 1 1 4 4 3 4 3 4 3 1 4 3 1 1 2 1 3 4 1 2 4 1 3 3 4 3 1 4 4 1 3 2 4 1 2 1 1 1 1 3 2 2 2 2 3 2 4 3 3 4 1 1 1 3 2 4 2 4 4 2 3 4 1 2 4 3 2 4 3 4 1 4 3 3 4 3 1 2 4 4 4 2 1 3 3 1 1 3 4 3 2 1 4 4 4 2 3 4 2 3 4 1 2 1 2 1 4 4 4 3 2 4 2 1 1 2 1 2 2 3 3 1 3 2 2 4 2 4 1 4 4 1 4 1 3 1 3 1 3 1 3 3 0 4 2 1 4 2 3 2 1 1 2 3 1 2 4 4 1 4 3 1 3 3 4 3 4 4 3 2 3 2 2 2 1 3 2 3 4 2 2 4 1 2 3 2 
2 2 1 2 4 4 1 2 1 4 4 3 2 4 4 2 3 2 3 2 3 2 1 3 1 4 3 2 3 1 4 3 1 4 1 1 1 1 4 2 2 2 3 3 4 1 4 2 1 1 3 2 2 2 3 2 3 4 3 3 3 3 2 2 3 1 4 1 3 3 4 2 3 2 4 1 1 4 2 3 3 3 4 4 2 3 3 2 2 1 3 1 3 3 2 3 3 1 4 2 3 3 4 3 2 2 2 2 2 4 3 2 3 2 2 4 2 1 2 4 1 1 1 4 1 4 1 2 2 1 3 3 2 1 1 1 4 2 3 3 2 2 1 2 4 4 2 2 2 4 3 4 4 1 2 3 4 0 4 1 4 2 4 4 4 2 3 4 1 3 1 2 4 1 4 1 4 4 4 3 1 4 2 3 3 1 4 3 1 3 4 4 1 1 2 4 4 1 4 4 
1 2 3 3 4 1 4 1 4 4 2 4 2 4 3 2 4 2 4 2 4 2 2 4 3 1 3 3 1 2 2 1 2 1 2 3 4 1 4 1 2 3 1 2 3 4 4 2 2 2 4 3 4 2 2 2 3 3 3 1 1 4 4 4 2 3 2 2 2 1 3 3 3 1 3 3 1 1 2 3 2 1 1 3 3 1 2 3 1 2 1 4 1 3 2 2 2 1 4 3 2 4 4 3 3 4 4 4 4 3 1 1 1 4 2 2 4 1 2 2 1 4 4 2 4 2 4 2 1 3 3 3 3 4 1 4 3 3 1 2 3 3 4 2 3 3 4 3 2 2 4 4 1 3 3 2 2 2 0 3 3 2 4 4 3 3 2 3 1 1 3 2 3 2 1 4 2 2 3 2 2 1 2 1 4 4 4 2 2 4 3 4 3 4 3 1 3 3 3 2 
2 1 3 1 3 4 2 3 2 1 2 1 2 4 3 3 3 4 4 4 1 1 2 4 2 3 4 3 1 3 1 1 1 3 1 3 2 2 4 1 3 3 3 1 4 3 4 1 2 4 3 3 1 1 1 1 1 4 3 4 3 3 4 4 1 3 2 3 3 2 2 3 3 2 2 2 4 2 1 2 1 1 4 3 2 4 3 3 4 3 2 4 2 4 4 2 2 4 1 2 4 4 3 4 1 3 4 4 2 3 2 2 2 4 1 1 3 1 4 1 3 2 2 3 2 2 4 3 3 1 2 4 2 3 4 3 2 3 2 3 4 2 2 1 1 2 1 2 3 1 4 3 3 2 4 3 3 3 4 0 1 2 3 3 3 4 4 2 3 3 1 3 4 2 1 1 4 2 3 1 3 2 2 4 1 3 4 1 2 1 4 3 2 1 1 1 3 3 2 4 
2 3 4 1 2 1 1 3 4 4 1 4 4 3 3 2 3 3 3 2 4 4 1 3 3 3 4 3 2 1 1 1 1 1 2 1 1 1 2 1 3 1 2 3 2 2 3 2 1 2 3 4 3 2 3 3 1 4 2 1 3 4 2 2 1 4 4 1 1 3 2 1 3 4 1 2 1 2 3 1 3 2 1 3 2 2 3 3 1 1 4 3 4 2 2 1 1 3 1 4 4 1 4 4 2 1 4 3 3 2 3 3 2 2 3 4 1 2 2 2 1 4 4 3 3 1 3 3 3 1 2 4 3 4 2 4 3 4 2 2 4 4 3 4 2 1 4 4 1 4 4 2 3 4 2 1 2 4 2 1 0 2 4 2 1 3 2 3 2 4 2 3 2 1 4 1 3 2 3 4 4 4 1 4 3 3 2 1 2 3 4 2 3 2 2 4 2 2 3 3 
4 1 3 4 1 1 4 2 4 3 1 4 1 2 4 2 3 4 1 3 2 2 4 1 1 3 3 4 4 4 2 1 3 2 3 3 3 1 4 1 1 3 3 3 3 4 3 3 4 3 3 2 4 3 3 2 4 1 3 3 4 4 4 2 4 2 4 1 4 3 3 1 1 4 2 4 3 4 1 4 4 2 2 4 4 1 3 3 1 2 3 4 2 4 2 1 4 2 1 4 1 1 2 2 3 1 3 2 1 2 1 1 1 2 2 3 4 1 3 3 4 3 2 1 3 4 3 3 1 3 3 4 3 2 1 2 2 2 2 2 1 4 1 1 4 2 3 1 2 2 4 3 2 1 3 2 4 2 4 3 1 0 4 3 2 1 2 2 2 3 1 4 1 3 2 1 3 2 1 2 2 1 4 3 4 4 2 3 2 3 4 2 1 2 1 2 4 2 3 3 
2 3 3 4 3 3 2 2 3 1 1 3 2 4 1 3 3 4 2 2 2 4 3 2 3 2 1 1 3 3 1 1 4 1 1 3 4 2 1 4 2 2 1 1 4 1 2 4 2 1 4 1 4 3 1 2 1 2 1 3 4 2 4 3 3 3 3 3 1 2 3 3 3 3 3 3 2 2 4 2 2 4 4 1 1 2 3 2 2 1 2 2 3 3 4 3 3 1 2 1 3 2 3 4 3 4 2 1 2 2 2 3 2 1 2 2 1 2 2 3 4 4 4 1 2 1 2 2 2 1 4 2 3 1 2 4 2 3 2 3 3 3 1 3 3 1 4 3 1 3 1 1 2 3 3 4 3 1 1 4 2 4 0 3 2 1 4 3 2 4 2 2 4 3 2 3 3 1 1 4 3 3 3 1 1 1 2 1 4 2 3 4 4 4 1 1 2 2 1 2 
3 4 4 2 1 1 4 2 1 2 3 1 2 3 2 2 2 4 4 3 2 3 3 1 3 2 1 4 3 1 2 3 4 2 4 2 2 2 2 4 3 3 2 3 3 3 4 1 3 3 3 3 1 2 3 2 3 2 3 3 2 3 1 1 1 4 2 1 2 1 3 4 4 3 1 1 2 1 1 2 4 1 3 4 3 3 3 2 4 1 1 1 2 3 4 3 3 1 3 1 3 2 3 2 4 4 2 3 1 3 3 2 1 3 2 4 1 2 2 2 2 2 1 4 4 3 4 1 3 3 4 3 3 4 4 3 2 3 3 3 2 3 4 1 2 1 3 2 4 2 3 2 1 4 4 3 1 3 3 2 3 4 3 0 3 4 1 1 4 2 1 4 3 4 2 4 3 3 1 3 3 3 1 2 2 3 3 4 3 3 3 1 3 4 2 3 4 1 4 3 
4 3 2 3 3 4 3 2 3 4 2 4 3 3 2 2 3 1 2 2 3 4 1 1 4 1 1 4 2 3 3 1 1 3 4 4 2 2 2 3 4 2 2 4 4 1 4 4 2 1 4 1 1 2 3 4 1 4 4 3 4 2 3 3 2 1 2 4 2 3 1 3 2 4 1 3 3 3 1 4 4 4 4 1 3 3 4 1 4 1 2 2 4 2 2 1 2 3 4 1 2 4 2 4 1 2 2 1 4 3 1 3 3 4 3 4 3 4 2 1 1 2 3 4 1 4 1 4 1 2 2 4 4 2 4 2 2 1 2 2 4 3 4 4 2 4 1 4 3 4 2 2 4 4 4 1 2 2 4 3 3 3 1 3 0 3 2 2 3 2 1 3 4 1 2 1 3 2 4 2 3 2 3 4 3 3 3 2 3 4 2 1 2 4 4 4 3 2 3 2 
2 2 1 1 3 2 1 1 1 2 2 1 3 2 3 2 3 2 3 3 2 1 1 2 3 3 1 3 3 2 3 1 2 1 4 4 2 3 1 4 4 3 2 2 2 1 4 1 3 4 1 2 1 1 4 4 2 4 3 4 3 2 3 4 3 3 3 3 4 3 1 2 1 4 4 2 3 2 1 2 1 4 2 2 2 3 2 1 1 4 2 3 1 2 4 2 2 2 2 3 4 4 4 3 3 1 4 2 4 3 1 1 2 1 2 1 4 3 4 3 4 1 1 4 2 2 2 3 1 4 3 1 1 4 4 1 1 2 3 4 1 3 2 1 3 4 4 4 1 2 4 2 3 4 4 2 1 4 1 3 3 3 4 4 2 0 4 3 2 3 1 1 3 1 2 2 1 1 3 4 1 2 1 3 1 4 4 4 4 3 2 2 4 3 2 1 3 3 2 4 
1 1 1 1 4 4 3 4 4 2 4 4 2 1 3 4 4 1 1 1 1 2 2 4 2 2 4 3 2 2 1 1 1 4 2 4 4 2 4 4 4 4 3 4 2 4 2 1 1 2 4 3 4 4 4 4 4 1 1 4 4 4 4 3 3 4 4 4 2 1 3 3 2 1 3 1 3 3 3 4 4 4 2 1 2 2 1 4 3 4 2 2 2 3 2 3 1 3 2 4 3 1 1 4 3 3 4 1 3 3 2 3 2 1 2 1 4 3 4 2 3 3 1 2 3 3 3 1 3 3 4 1 2 1 1 2 3 1 1 3 2 4 4 2 1 4 4 1 4 4 3 1 1 3 1 1 3 4 1 1 4 4 3 2 3 2 0 4 1 4 2 1 2 4 4 4 3 3 1 4 2 2 4 2 4 2 2 2 4 2 1 1 2 4 2 1 4 3 1 3 
2 4 4 4 3 2 3 2 2 1 1 1 1 1 3 3 4 2 4 2 2 2 3 4 3 2 1 3 2 4 3 1 1 3 2 1 2 1 3 1 1 1 3 3 4 1 2 1 2 2 1 1 1 4 4 2 4 1 2 3 1 4 4 1 3 2 4 1 3 1 1 3 3 1 2 3 4 4 4 4 2 4 4 3 2 1 1 4 1 2 1 4 4 2 1 3 1 4 2 1 1 4 3 3 1 4 1 3 3 1 4 2 4 3 3 4 1 3 2 2 3 2 3 2 3 3 1 1 2 4 3 3 4 2 2 3 1 2 1 1 4 2 4 1 1 2 3 3 3 3 3 1 3 1 2 2 1 4 3 3 3 1 4 4 3 4 2 0 1 3 4 1 1 3 4 1 3 2 2 1 1 1 1 3 3 3 4 3 2 3 2 2 3 4 2 4 4 3 4 1 
3 4 1 3 2 3 3 4 4 4 1 4 2 3 2 4 2 4 4 1 2 2 4 2 3 1 4 4 3 2 2 2 2 4 1 2 1 4 2 4 1 1 1 4 1 2 2 1 4 4 4 3 1 1 3 1 4 3 3 3 1 3 2 2 3 3 2 2 4 4 2 3 3 2 3 3 3 2 4 3 4 2 3 3 2 2 3 1 4 3 4 3 4 3 4 1 3 2 2 4 3 4 1 2 1 2 4 3 4 4 3 2 3 3 4 3 2 2 3 1 4 1 2 2 2 4 1 3 2 1 4 3 3 4 4 3 2 3 3 4 4 1 4 3 1 2 1 2 1 4 2 3 2 4 3 3 4 4 3 3 2 2 4 1 1 4 3 1 0 4 1 3 1 4 2 3 1 3 3 3 4 4 4 4 4 4 4 3 4 3 2 4 3 3 3 3 1 4 1 4 
4 4 3 1 3 4 4 2 4 1 2 4 3 1 4 2 1 4 1 4 3 3 2 1 4 4 2 3 4 4 3 1 2 1 2 4 2 4 3 2 1 2 3 1 3 2 1 4 3 1 1 2 2 2 4 3 3 3 4 2 2 4 4 2 4 4 2 3 4 3 4 4 4 1 1 2 2 4 2 4 2 1 4 2 3 1 1 3 4 3 1 1 1 1 1 2 4 3 3 1 2 3 1 4 2 4 1 1 3 2 2 3 2 3 3 2 1 4 3 4 4 3 1 1 1 1 4 2 2 3 2 2 4 4 1 1 4 1 3 4 3 3 4 3 4 2 4 2 4 4 1 1 4 3 4 1 4 4 3 1 3 2 3 2 2 1 2 3 3 0 2 3 2 4 4 2 3 2 4 2 3 3 2 3 4 3 4 3 4 2 1 1 3 4 2 3 3 4 3 3 
2 2 3 3 1 4 4 2 3 1 3 4 2 2 1 4 2 2 3 1 3 4 1 1 1 3 3 4 4 2 4 4 2 2 4 3 3 3 4 2 4 2 3 3 4 3 3 1 3 3 1 3 2 2 2 1 2 2 1 3 4 2 3 4 1 1 1 4 4 1 2 2 3 4 4 1 4 4 1 2 3 3 3 3 4 1 3 2 3 2 1 1 3 2 3 4 1 4 4 4 4 1 1 3 3 1 3 1 1 3 4 2 4 2 2 3 1 3 4 4 1 3 2 2 4 3 3 3 1 4 2 3 4 1 3 4 4 1 1 2 4 2 1 2 1 4 1 2 3 1 1 3 1 2 4 3 1 3 2 1 1 2 4 3 2 4 2 1 3 2 0 2 2 2 4 2 3 1 2 3 4 3 3 3 2 4 4 1 1 4 4 4 3 1 1 3 3 3 1 2 
4 1 3 2 4 1 1 2 1 4 1 3 1 2 4 1 4 3 2 2 1 1 4 1 2 4 2 4 1 1 4 1 3 2 4 1 3 1 4 3 3 2 2 2 4 2 4 4 2 3 2 3 1 3 4 4 3 1 1 2 4 2 4 3 2 1 1 1 4 3 2 3 2 1 3 2 4 3 4 2 2 1 4 2 2 1 2 4 3 1 2 3 3 1 1 2 1 3 2 1 3 2 4 4 1 2 3 1 3 3 2 3 1 4 1 4 3 3 4 2 2 4 3 1 4 2 2 3 2 3 4 4 1 2 4 2 3 3 2 2 3 2 2 3 3 1 3 2 2 2 1 2 2 1 1 1 2 1 4 3 4 1 2 4 1 3 2 1 1 1 1 0 1 3 1 4 4 2 1 3 1 1 4 4 1 3 2 4 4 3 3 4 4 4 1 3 1 2 4 3 
2 2 2 4 3 1 4 4 1 3 2 2 1 2 4 1 1 4 1 1 3 4 4 4 2 4 4 1 4 3 2 2 2 4 4 4 2 4 1 4 4 1 1 4 3 2 2 2 3 1 4 2 4 1 1 3 2 4 3 1 1 3 4 2 1 3 3 1 4 3 3 4 2 3 4 4 3 4 3 3 4 1 4 4 2 2 1 4 4 1 3 3 3 1 4 4 4 4 1 4 4 1 2 4 1 2 4 2 4 3 1 3 1 2 1 4 2 1 1 4 3 3 1 4 4 1 3 3 2 3 1 3 4 1 4 4 2 3 2 4 4 3 3 1 1 3 2 1 1 2 2 1 4 3 3 3 3 1 3 3 2 2 4 1 1 2 4 1 4 3 4 4 0 1 2 3 4 1 4 1 2 2 1 2 3 2 4 3 4 1 4 1 2 1 1 2 4 4 3 3 
4 3 1 3 1 1 4 4 1 1 3 3 3 2 2 3 3 4 3 2 1 4 1 2 3 3 4 4 3 4 1 2 1 3 1 2 4 4 2 4 1 3 4 1 3 3 2 2 4 4 1 3 2 4 1 4 4 3 3 2 1 3 1 2 3 4 3 1 3 1 4 1 4 1 1 4 1 3 3 4 2 1 2 2 3 2 3 3 2 4 2 1 4 1 4 1 1 2 1 4 3 1 4 4 3 1 2 1 3 4 3 2 2 2 4 2 4 2 1 2 3 3 2 3 2 4 4 1 2 4 2 4 3 3 4 2 2 1 1 1 4 3 3 2 2 1 2 1 2 2 3 2 4 3 3 3 4 4 2 1 1 4 2 2 3 4 1 1 2 2 4 4 1 0 1 2 3 3 1 3 1 2 4 4 2 2 4 4 4 4 4 1 1 3 2 4 1 2 3 4 
1 4 3 4 3 2 4 4 1 3 4 2 3 3 1 1 1 4 2 4 2 3 3 1 2 3 4 3 4 2 2 4 2 3 1 3 4 1 3 1 4 1 1 2 4 4 2 4 1 3 3 3 2 2 4 1 1 3 2 2 3 1 3 2 1 2 2 3 4 4 4 2 4 2 4 3 4 2 3 4 1 3 2 4 1 4 4 4 2 4 1 2 4 1 4 4 2 2 3 4 2 2 3 1 4 1 4 4 4 2 1 1 4 1 2 3 3 2 4 4 1 1 2 3 1 4 3 4 1 1 4 3 4 2 3 2 1 3 4 3 1 2 4 1 2 1 1 3 2 2 4 1 1 2 1 3 2 2 1 4 3 1 4 2 1 3 1 3 2 3 3 4 1 4 0 2 4 1 3 1 1 1 2 2 1 4 2 3 2 4 2 1 4 4 4 1 3 2 1 2 
3 1 2 2 2 4 3 2 3 2 4 4 3 2 4 3 4 4 3 3 3 2 3 1 4 4 2 2 1 1 2 4 1 3 2 1 4 1 3 2 3 2 4 4 1 2 2 1 3 1 4 4 4 1 1 1 2 2 4 3 3 2 2 4 3 1 1 1 4 4 2 4 1 3 2 1 4 1 2 4 1 3 2 3 2 1 4 2 3 4 2 3 1 4 3 3 2 4 1 2 2 2 3 3 1 4 2 1 3 2 4 4 4 1 3 2 3 3 4 1 2 4 3 3 3 2 1 4 3 3 3 1 4 1 2 2 4 1 4 2 2 2 3 3 3 3 3 3 3 2 2 4 3 3 2 3 1 2 4 3 3 1 4 1 1 4 3 2 1 4 2 2 1 3 3 0 4 3 2 4 4 4 4 2 2 3 3 4 3 2 4 2 3 4 1 4 2 3 2 1 
4 4 3 4 2 2 3 3 4 2 3 3 2 4 4 1 2 2 3 4 2 4 3 2 2 1 3 1 2 1 3 2 3 1 4 4 4 1 3 1 1 3 4 1 4 4 4 1 2 3 1 2 2 4 1 3 2 1 1 2 4 3 3 3 4 4 3 3 2 4 3 1 1 3 4 3 3 4 4 4 4 1 2 2 4 1 3 1 2 1 4 4 1 2 2 3 3 4 1 2 4 4 4 4 4 4 2 2 4 2 4 4 1 2 2 3 3 3 4 4 3 1 1 4 2 4 1 1 3 3 4 2 2 2 4 1 4 4 3 2 3 2 3 1 3 1 1 3 2 3 2 1 1 2 1 2 4 2 3 2 3 1 3 4 3 1 1 1 2 2 3 2 1 1 2 1 0 4 4 3 1 2 1 3 3 4 4 3 1 4 4 4 4 2 2 3 1 3 4 3 
2 3 1 2 2 4 2 2 4 2 3 1 3 3 2 4 1 3 3 3 2 3 1 4 2 3 1 1 1 2 2 4 3 2 3 2 4 3 1 2 3 3 3 4 1 3 3 4 4 2 2 1 2 2 3 1 3 2 2 2 2 1 4 2 1 2 3 4 4 2 3 1 4 3 3 1 3 4 4 2 1 3 4 4 1 3 1 4 4 1 3 2 1 2 1 4 3 2 4 1 2 3 2 2 4 3 3 1 1 3 4 4 3 3 2 3 3 1 3 4 3 4 2 1 1 2 4 2 1 2 1 4 4 3 3 1 2 3 4 1 1 1 2 3 1 1 1 3 1 4 2 1 2 2 4 2 2 3 1 1 3 2 3 3 1 3 4 2 1 1 1 3 2 4 2 3 2 0 1 2 1 1 2 4 4 1 4 2 1 2 2 2 4 2 4 4 1 2 2 3 
4 3 1 2 4 1 2 4 3 2 2 3 4 4 3 4 1 1 1 3 1 1 2 1 2 4 3 1 2 2 1 4 2 3 2 4 4 1 1 3 1 3 2 1 2 2 4 4 2 4 2 2 1 3 3 1 3 4 3 1 2 4 4 3 1 2 4 2 1 1 1 1 2 3 4 2 1 2 3 1 1 1 2 1 1 3 3 4 1 4 4 2 4 2 4 3 2 2 1 3 3 1 1 2 2 1 2 3 2 3 2 2 2 4 1 3 3 3 4 3 3 1 3 2 1 4 1 3 2 4 1 1 3 4 2 4 4 1 4 1 2 4 1 2 1 3 4 1 4 2 4 3 1 2 4 2 2 3 3 2 1 3 2 1 4 4 1 2 1 3 2 4 1 3 2 1 1 3 0 1 3 1 2 4 2 2 3 1 3 1 2 3 3 1 3 4 2 1 1 3 
3 2 3 3 1 1 4 4 1 3 3 1 3 2 4 3 2 1 2 2 4 2 4 2 3 2 1 1 2 1 1 4 2 2 3 2 2 3 2 2 1 1 4 4 2 3 2 3 2 4 2 2 3 3 4 3 2 1 2 4 3 3 3 4 4 2 2 1 2 3 1 1 3 2 4 3 3 1 3 4 1 4 2 4 3 1 2 2 2 4 2 1 3 4 1 1 3 3 3 1 2 2 2 4 1 2 3 4 2 1 3 4 3 3 1 1 2 4 4 4 2 3 1 3 4 4 3 3 4 4 4 3 1 2 1 3 2 1 4 3 2 3 4 4 3 1 4 1 4 4 4 3 2 2 4 3 2 4 3 3 1 2 4 1 3 1 2 1 2 2 1 4 1 1 1 3 1 2 3 0 3 2 1 4 4 2 4 1 2 1 2 1 4 2 3 4 2 4 2 1 
1 3 4 2 2 4 1 4 4 1 4 1 4 2 2 1 3 3 1 2 4 3 3 3 2 3 3 2 4 2 4 3 3 4 4 3 1 1 2 3 2 1 2 3 2 3 2 2 4 2 2 3 3 2 1 3 2 2 2 1 2 2 3 1 2 1 4 3 1 4 4 4 2 2 1 2 2 2 2 1 4 4 1 2 4 4 1 4 1 3 3 3 2 4 1 4 2 3 3 2 2 2 4 2 2 2 3 3 3 1 1 3 3 2 2 1 3 4 1 2 1 3 3 1 2 2 4 2 3 1 1 1 3 1 2 3 2 2 4 1 3 3 4 4 2 1 1 2 4 2 3 2 2 2 1 3 1 4 2 1 1 3 2 1 3 4 4 4 1 3 3 4 2 3 4 1 1 2 4 4 0 2 1 2 1 4 4 1 1 3 2 4 2 4 4 3 2 4 2 2 
2 2 2 3 4 1 4 4 3 4 4 2 3 2 4 3 3 1 4 3 4 2 3 1 4 1 4 1 2 3 3 2 2 3 2 2 3 2 1 1 2 4 3 2 3 2 2 4 2 4 4 4 1 2 3 4 4 3 3 2 4 3 3 3 3 2 1 2 3 3 2 3 1 3 1 3 4 3 3 1 4 1 2 3 1 1 1 2 3 4 4 3 3 3 4 3 2 1 4 3 3 3 2 4 4 1 4 2 1 4 4 4 1 1 3 2 1 3 4 1 4 2 3 2 1 4 3 3 3 3 2 1 3 2 1 4 3 4 3 3 4 4 2 4 2 2 1 3 3 1 1 4 1 4 1 1 4 4 2 1 1 4 3 4 2 4 2 4 4 1 4 3 1 4 2 2 4 2 1 2 4 0 4 4 3 1 4 1 1 2 2 4 1 1 3 3 3 3 4 1 
2 2 3 4 1 4 1 4 1 2 4 1 1 4 1 2 3 4 3 3 1 4 4 1 3 2 3 4 3 3 1 2 4 4 1 2 3 1 4 4 2 3 4 4 3 2 1 4 2 2 4 2 1 2 3 4 1 2 3 2 2 4 2 1 3 2 1 4 1 2 4 1 1 4 2 2 4 1 3 2 2 3 4 3 2 4 3 3 2 2 1 3 2 4 1 1 3 1 2 1 4 4 4 2 4 4 4 3 1 1 1 2 4 3 2 1 2 1 2 1 4 1 3 4 1 1 4 4 2 2 1 3 3 3 3 1 4 2 2 1 3 1 4 4 3 3 1 1 3 4 2 3 3 1 3 1 4 2 3 2 3 4 2 4 1 4 1 1 3 2 4 2 3 3 1 2 3 4 1 4 3 1 0 3 1 4 4 1 1 1 3 4 2 3 3 4 1 3 4 4 
2 3 1 1 1 1 1 2 1 2 1 2 4 2 1 2 1 2 4 1 1 3 2 1 2 2 4 4 2 2 4 3 3 3 3 3 2 2 1 3 1 4 4 1 4 2 2 2 4 4 2 1 1 4 2 3 2 4 2 1 2 1 1 3 3 3 1 3 2 3 4 2 3 3 3 1 1 4 3 3 3 2 2 1 4 2 3 2 3 2 4 4 1 3 4 4 3 4 4 3 2 1 3 2 4 1 1 1 4 4 2 1 2 4 4 1 3 3 4 4 4 3 1 1 1 1 1 1 4 3 4 3 2 3 1 4 2 4 4 2 4 4 2 4 4 2 1 2 1 2 2 4 4 2 4 4 3 3 3 1 4 3 3 3 1 1 2 3 3 2 4 2 2 4 1 1 3 2 1 4 1 2 2 0 4 3 4 3 2 3 1 1 1 2 3 3 3 1 2 3 
1 1 4 4 2 1 1 2 1 3 4 2 2 3 4 4 3 4 1 1 2 3 3 4 3 2 4 1 2 2 4 4 1 3 2 2 4 2 4 3 1 1 1 1 4 3 3 3 3 4 2 1 4 3 1 2 1 4 1 1 1 4 4 3 2 2 2 3 1 4 2 3 4 3 1 3 4 2 3 2 2 1 2 1 2 1 1 3 3 4 2 4 3 3 3 4 1 1 1 4 1 3 1 3 3 1 1 4 4 2 3 1 1 3 4 4 2 3 3 3 3 1 1 3 4 1 3 1 2 3 4 3 4 3 3 3 4 4 4 4 4 1 1 3 2 3 2 2 4 1 2 4 1 3 1 1 1 1 4 2 4 1 2 2 1 2 3 1 1 2 1 1 3 3 2 4 2 1 1 4 1 1 2 4 0 3 1 3 3 3 3 4 2 4 1 2 3 3 1 1 
3 2 1 1 4 2 2 1 4 1 1 2 2 3 4 2 4 1 1 4 2 4 3 1 2 3 3 4 2 1 2 2 2 4 4 4 3 3 4 4 3 2 4 2 3 1 3 2 2 1 1 1 2 1 2 1 4 3 1 2 3 4 4 4 1 4 1 4 1 1 3 3 3 1 1 4 4 3 4 2 2 2 1 1 3 1 1 3 4 1 2 3 4 3 1 4 3 1 4 2 1 1 2 1 4 1 3 3 2 4 2 3 1 4 3 1 2 4 3 1 1 4 3 3 4 4 4 3 3 4 2 2 4 1 2 4 2 4 3 1 1 3 4 3 1 2 4 4 2 1 2 2 1 1 1 1 4 1 4 2 3 3 1 3 4 1 4 1 4 2 4 4 3 4 2 3 3 3 2 1 2 1 1 3 1 0 3 4 4 3 1 3 2 4 4 2 1 1 3 3 
1 1 2 1 3 1 4 3 1 2 1 2 2 3 1 2 3 4 3 4 3 4 2 4 1 3 1 4 2 3 4 2 4 1 3 1 4 1 4 2 2 4 1 2 1 4 2 2 1 4 2 3 1 1 2 1 2 4 1 2 1 3 4 2 3 2 4 2 4 1 1 3 3 4 1 3 3 3 2 3 4 2 2 3 3 1 3 1 1 4 2 4 4 1 3 1 4 2 3 3 4 2 2 3 1 1 3 2 4 2 4 3 3 1 1 3 2 1 4 2 1 2 3 1 1 3 4 1 3 3 1 3 4 2 4 4 3 2 2 2 3 3 1 2 1 4 1 3 2 3 4 4 3 3 2 4 3 1 3 3 2 3 4 2 3 1 2 1 3 1 4 1 2 1 2 1 1 4 1 3 1 2 2 4 1 2 0 4 3 4 3 3 1 2 2 2 3 4 3 1 
1 1 1 1 4 1 3 4 3 1 1 1 3 1 4 2 1 2 2 1 3 1 2 3 4 2 2 4 2 3 4 3 3 3 4 4 3 2 1 2 1 3 1 2 2 1 1 4 3 4 3 1 2 2 2 2 4 1 3 4 3 2 3 1 3 2 1 3 2 4 2 1 3 2 1 1 1 2 1 1 2 3 1 4 1 4 2 3 3 2 4 3 4 3 1 1 2 1 2 4 2 3 3 1 2 2 4 2 2 3 3 2 4 3 2 1 2 1 4 3 2 4 2 2 2 1 3 3 1 2 3 3 3 4 4 3 1 3 3 4 3 2 2 1 2 3 2 2 2 3 3 1 4 2 2 1 2 1 4 4 2 1 4 3 1 3 1 2 1 4 1 2 1 1 2 4 2 4 4 1 2 3 3 2 4 2 2 0 1 4 3 4 2 4 4 4 3 4 4 4 
3 1 4 4 4 4 3 2 4 3 2 1 2 1 3 4 2 1 3 2 2 3 2 4 4 1 3 3 3 2 4 1 3 1 1 1 4 3 3 1 2 3 4 4 3 3 3 3 1 1 4 2 1 4 2 3 4 2 4 4 4 3 4 1 4 3 4 3 2 2 3 2 3 4 4 1 1 1 1 3 1 3 4 4 2 3 2 1 3 2 2 4 4 3 2 3 2 3 2 1 1 3 2 4 3 1 4 4 3 1 1 1 3 3 4 2 4 4 1 3 1 2 1 1 3 1 4 3 2 2 4 1 4 3 2 2 1 1 2 2 2 3 3 4 2 3 2 1 4 3 1 3 1 1 1 2 3 4 1 1 3 3 2 4 2 2 4 4 2 2 1 3 2 4 2 4 2 1 3 1 1 1 3 1 2 3 3 3 0 1 2 1 1 1 1 3 3 3 2 2 
3 3 1 3 4 1 2 3 1 4 4 4 1 2 3 3 3 1 2 4 1 2 1 1 2 1 3 3 2 4 4 4 3 4 1 1 3 4 1 4 1 1 3 2 3 2 2 4 1 3 1 1 3 2 3 4 4 4 1 1 3 4 4 1 4 4 4 1 1 2 1 2 3 4 4 3 2 2 1 1 1 3 3 3 3 3 2 2 4 4 4 3 1 3 3 3 1 2 3 2 3 1 1 1 4 1 3 2 2 1 2 3 1 2 4 2 2 3 3 2 4 3 3 2 3 3 1 2 1 2 2 4 4 1 1 4 2 4 3 1 3 1 1 4 3 3 3 1 3 4 4 3 3 1 1 3 4 2 3 1 4 3 3 3 4 2 2 2 1 4 4 3 3 4 1 1 3 1 2 1 2 2 4 2 3 3 4 4 1 0 1 1 1 3 1 1 4 2 1 3 
3 4 4 4 3 3 2 2 2 1 2 3 4 4 1 1 3 1 2 3 3 2 2 1 1 3 3 4 2 2 3 3 1 4 2 3 3 2 3 4 1 3 4 3 3 4 2 2 1 4 2 1 2 3 1 2 3 2 2 3 2 2 3 4 1 3 4 3 2 3 1 3 4 1 4 2 3 3 1 3 2 4 4 3 4 3 2 4 4 1 3 4 3 1 4 4 2 1 2 3 2 3 2 4 3 3 4 3 2 3 3 1 3 2 2 4 4 3 4 2 3 3 1 1 3 2 3 2 3 3 4 1 1 1 3 4 1 1 1 4 1 2 4 2 2 2 1 2 3 3 4 2 4 4 4 1 3 1 3 4 2 1 3 4 3 2 3 4 1 3 2 3 4 2 1 4 2 3 4 2 3 3 1 3 1 3 2 2 2 3 0 2 1 2 4 3 2 2 4 4 
4 2 1 3 3 2 1 3 3 4 2 2 3 2 4 3 1 2 4 4 2 3 2 2 2 3 3 4 1 3 1 1 1 4 3 4 4 1 3 3 4 1 2 3 4 2 2 3 4 2 2 3 4 1 1 2 1 3 3 3 4 2 2 4 2 1 4 1 3 4 4 3 4 1 3 2 4 3 3 2 4 3 3 2 3 4 3 2 2 4 2 4 2 1 1 1 4 3 1 4 3 4 2 2 2 2 2 2 2 3 2 4 2 1 2 2 4 3 1 4 2 4 3 3 3 1 3 4 1 4 4 2 1 4 3 4 3 4 3 2 4 3 4 2 1 2 2 1 4 3 4 4 3 2 2 1 4 2 2 2 3 3 2 3 2 3 3 1 1 2 2 2 4 3 2 2 2 3 4 4 4 2 4 3 2 1 2 3 1 3 2 0 1 3 4 4 2 1 4 1 
3 4 3 4 4 1 3 3 1 2 4 1 1 2 4 1 2 4 2 1 3 3 3 3 4 1 1 4 3 2 1 3 3 1 1 2 3 3 1 1 2 3 2 1 1 1 4 2 2 3 4 1 3 2 2 2 4 3 1 4 4 3 3 2 4 4 2 2 2 1 3 3 4 4 2 2 1 3 2 2 4 1 3 3 2 3 1 2 2 2 4 2 4 3 2 4 1 4 4 2 4 4 2 2 2 3 3 4 3 4 4 1 2 2 4 3 2 4 2 1 2 1 4 2 3 4 4 1 3 2 1 1 2 1 3 2 2 4 4 3 2 2 2 1 3 4 3 4 2 4 1 3 3 3 2 1 1 3 4 1 3 4 1 3 2 3 1 3 4 2 2 3 4 1 1 2 3 4 2 1 2 4 1 3 3 4 3 2 4 3 3 2 0 3 4 2 2 3 3 2 
2 2 1 2 1 1 1 1 2 4 2 1 3 2 3 4 2 1 4 2 1 1 4 4 1 4 1 4 2 2 1 1 4 4 2 4 3 4 4 3 4 3 4 1 2 4 1 1 1 3 3 1 2 2 2 3 1 4 2 2 3 4 1 3 1 3 2 2 1 2 2 3 4 3 4 3 3 1 4 3 2 4 1 1 2 2 1 3 3 2 4 1 3 2 4 3 1 2 3 1 1 2 3 2 4 3 2 2 1 3 1 1 1 3 1 2 3 1 1 2 2 3 2 4 1 2 1 1 4 1 2 1 2 1 4 2 4 4 3 4 3 4 1 1 2 2 2 4 2 3 3 2 1 2 2 4 3 3 1 2 2 4 2 3 2 3 1 4 3 3 2 2 3 1 2 4 3 1 4 2 2 1 1 4 2 2 4 2 1 3 2 2 4 0 3 4 4 3 3 1 
3 4 4 2 4 4 1 2 4 4 2 2 4 3 4 4 1 3 4 2 2 1 4 2 2 3 4 2 1 2 3 1 3 4 3 1 1 1 2 1 1 3 2 4 4 3 4 1 2 4 1 4 2 1 2 1 2 2 2 2 1 3 1 4 3 1 2 1 4 4 1 4 1 3 3 4 2 2 1 4 2 4 4 3 2 2 1 3 1 2 2 1 1 1 1 1 1 1 1 2 1 4 4 4 3 1 2 3 1 3 3 2 3 3 3 4 2 2 2 3 2 1 1 1 1 1 1 2 3 4 1 3 4 2 4 2 2 2 4 3 3 3 1 1 3 4 2 4 3 4 2 1 3 1 1 3 1 1 2 3 1 3 4 2 1 3 2 3 4 3 2 1 4 2 3 3 1 2 1 1 4 2 1 3 4 3 1 4 3 3 2 4 2 1 0 4 4 4 2 3 
4 1 3 4 1 2 2 4 3 2 2 1 3 2 4 4 2 2 3 4 1 2 2 2 4 1 2 1 3 1 1 1 4 3 1 3 4 2 4 3 2 3 2 1 1 1 3 2 3 2 4 2 1 2 2 3 1 3 3 4 4 1 2 2 1 1 2 2 3 3 4 4 3 1 4 3 4 4 1 4 1 3 1 1 2 3 4 1 4 2 1 1 1 1 1 2 1 2 4 4 2 3 1 3 1 3 1 4 2 1 4 2 4 1 4 2 3 2 2 4 4 2 3 4 1 3 4 1 1 1 1 1 3 1 2 3 2 1 2 4 1 1 2 2 1 1 3 4 4 3 1 1 3 1 3 4 4 3 2 4 1 2 3 4 2 4 2 1 2 1 3 1 1 3 3 2 3 4 4 2 4 1 4 3 2 1 1 2 1 1 3 4 3 3 4 0 1 2 2 4 
1 4 3 3 1 2 1 4 1 2 2 4 1 2 2 2 1 2 2 1 3 4 3 2 1 4 1 1 2 4 3 3 4 3 1 1 4 4 3 4 1 2 4 3 1 4 2 2 3 3 3 2 3 3 3 2 4 4 4 3 2 4 4 4 4 1 2 1 1 2 3 1 2 1 4 2 1 4 3 1 4 1 2 3 4 4 1 1 4 2 4 2 1 4 3 4 4 4 1 3 1 1 1 2 3 1 2 2 1 2 1 2 3 1 3 1 4 3 1 3 1 4 4 3 1 1 2 4 2 4 4 4 3 3 4 1 3 2 3 1 3 2 1 2 1 4 3 3 3 4 4 1 1 2 4 1 1 2 4 3 2 1 2 2 4 2 4 3 4 2 4 1 2 2 4 4 4 4 3 1 1 3 4 1 3 3 2 2 1 1 4 1 2 1 1 3 0 4 3 2 
3 3 1 3 4 4 4 4 3 2 2 3 3 1 3 1 3 1 3 4 2 4 4 1 2 1 3 4 1 3 1 1 2 4 2 4 1 4 1 2 4 2 1 2 2 2 3 4 1 4 2 1 2 4 4 1 3 4 3 3 4 1 2 3 3 4 1 2 1 1 1 3 3 4 3 3 1 3 3 3 2 3 1 1 4 4 1 3 2 3 4 3 2 4 3 2 3 2 1 1 4 4 4 3 1 4 2 1 4 3 1 3 3 2 3 4 1 4 2 4 3 1 2 2 4 4 4 4 3 4 1 2 2 4 1 1 1 2 4 3 1 2 2 2 2 4 2 4 1 1 3 4 4 3 1 2 3 2 2 4 2 3 3 1 3 2 2 2 4 3 2 1 3 3 2 2 3 4 3 4 2 3 4 2 4 1 4 1 4 2 1 2 2 3 2 2 2 0 3 4 
1 3 3 4 3 1 3 2 4 3 4 2 2 1 3 2 1 2 4 3 4 2 1 2 2 4 3 4 3 4 3 3 1 1 2 2 1 1 4 3 2 4 1 1 4 4 3 1 1 2 3 4 2 2 2 2 3 2 2 2 1 3 4 2 2 1 3 2 3 4 2 2 1 3 3 1 3 2 1 3 3 2 1 3 3 2 2 2 1 1 2 3 1 4 1 4 4 3 3 4 4 2 4 4 4 3 2 3 4 4 1 3 4 2 2 1 2 3 4 3 3 4 3 3 3 4 3 2 3 4 4 3 1 3 4 4 1 3 4 4 3 4 2 4 4 1 4 4 2 2 4 4 3 1 4 1 2 3 3 4 1 2 1 4 1 2 4 1 4 4 3 2 3 4 2 3 3 2 1 3 2 1 2 3 3 2 2 3 2 1 4 1 4 2 3 3 3 1 0 1 
4 4 3 4 4 2 3 2 3 3 3 3 3 4 2 2 2 4 4 1 4 4 3 3 1 4 3 2 3 3 4 1 4 4 3 3 3 1 1 1 2 2 4 3 4 2 4 4 4 4 1 1 3 1 2 3 3 4 4 2 2 1 3 4 2 4 4 1 4 3 2 2 4 4 3 1 2 4 2 4 1 1 4 3 3 2 2 1 4 4 4 3 4 2 3 3 3 4 2 4 2 3 4 3 4 2 3 1 1 3 3 1 1 1 4 2 1 1 1 3 4 3 3 2 4 4 1 1 1 3 4 2 3 1 4 1 2 1 4 3 3 2 3 1 3 2 1 3 3 4 3 1 1 3 3 3 2 4 3 1 4 3 4 4 4 1 2 1 2 2 4 3 1 3 1 3 3 2 1 3 1 2 3 3 1 4 3 1 1 2 2 3 3 1 4 2 2 1 1 0 
