200
3 386
4 8
4 180
4 287
2 123
3 132
5 390
1 357
5 465
4 407
2 347
2 65
3 180
5 144
3 280
5 323
1 445
3 213
4 206
5 103
1 32
3 449
1 142
2 430
4 10
2 339
1 376
2 424
3 104
1 405
2 296
1 479
4 314
2 44
2 84
4 466
5 101
1 203
4 358
1 387
1 182
5 458
2 221
4 25
4 167
3 438
2 339
2 356
5 6
4 93
5 100
4 400
3 214
3 71
2 441
4 58
1 193
4 164
5 422
5 28
3 283
5 15
2 144
1 454
3 274
1 477
9 21
6 470
10 49
6 147
7 133
10 389
9 103
9 287
7 366
7 449
6 161
10 161
6 438
6 141
6 149
7 306
7 482
6 389
9 162
8 315
8 452
8 23
8 395
7 261
7 443
7 27
10 83
8 340
9 382
6 328
10 192
8 372
10 82
9 333
10 286
7 2
6 120
6 26
6 49
7 273
8 101
8 3
7 472
8 127
8 389
8 382
10 449
6 25
7 318
6 195
7 498
10 257
10 410
7 129
9 4
9 472
6 364
6 78
7 397
6 452
6 146
6 384
6 392
9 203
10 481
8 105
9 203
12 337
16 435
12 495
18 333
17 412
11 406
14 74
13 433
17 126
14 474
20 83
15 326
17 198
12 137
15 353
11 26
15 283
16 273
19 14
11 54
16 299
19 116
16 127
12 443
14 201
18 401
16 440
19 121
12 85
16 56
12 135
19 441
14 488
13 154
18 458
18 97
14 393
19 424
14 453
13 75
14 444
15 503
18 459
16 51
18 105
19 69
19 217
16 170
15 471
20 237
18 445
16 180
15 439
14 230
15 349
20 211
18 323
19 35
15 351
11 401
13 228
12 213
13 250
19 187
14 401
14 464
19 496
2 3 2 2 3 1 3 2 2 1 3 1 1 1 3 3 3 2 2 2 1 3 1 1 1 3 3 2 3 1 2 2 3 2 1 1 2 2 2 1 3 1 1 2 3 2 3 3 2 2 1 1 2 1 3 2 1 3 3 3 3 1 1 2 1 3 2 5 5 6 4 6 6 6 5 4 4 5 6 6 6 4 5 4 5 6 4 6 6 5 6 4 5 4 4 5 6 5 5 4 6 6 6 5 4 5 6 5 4 5 4 4 4 4 6 4 4 5 6 5 4 5 6 6 4 6 5 5 4 5 5 5 6 6 8 7 9 9 9 10 8 8 7 9 7 7 9 9 7 8 8 9 10 7 9 7 8 9 9 8 9 7 9 7 9 7 10 7 8 10 9 10 8 9 10 8 7 9 7 7 9 8 10 8 10 9 7 8 7 7 8 8 10 10 8 10 9 7 9 10
2 3 2 2 1 1 3 1 1 3 3 1 3 1 1 2 2 3 3 1 2 3 2 3 2 2 1 2 3 1 2 3 2 2 3 3 3 1 1 2 1 3 2 3 2 1 1 1 2 3 1 3 2 2 1 1 1 3 3 1 1 3 1 3 2 3 1 1 5 5 5 5 6 6 4 5 5 6 4 5 5 5 5 5 5 5 4 4 4 4 6 5 5 5 6 4 5 6 4 5 5 6 5 6 5 6 6 5 5 5 4 5 5 5 4 6 6 5 6 4 6 5 6 5 6 5 6 6 4 6 6 6 5 4 6 7 7 7 9 7 9 10 10 9 9 10 10 10 7 8 7 10 8 9 10 7 8 8 9 8 9 7 9 7 8 10 10 10 8 10 8 8 8 10 8 8 10 9 10 9 7 7 9 8 8 7 7 9 9 8 9 10 10 8 8 8 9 10 10 10
3 2 2 1 3 1 1 3 2 3 3 1 1 1 3 1 2 1 3 2 1 3 2 3 3 1 1 3 3 1 1 1 1 1 3 3 1 1 3 2 2 1 1 1 2 2 1 1 1 2 2 3 2 3 2 2 3 2 2 1 1 2 1 2 2 2 3 2 2 6 4 4 6 6 6 4 5 5 6 5 4 4 5 4 6 5 6 6 6 6 5 4 4 5 6 4 4 6 5 4 6 6 4 5 6 5 6 5 6 5 5 6 6 4 6 6 4 4 4 4 4 6 4 5 4 4 6 4 5 6 4 5 6 6 6 6 10 7 7 9 10 10 9 8 10 10 8 8 9 9 8 9 7 10 8 9 8 10 9 8 10 7 7 7 9 7 10 8 8 7 7 9 10 7 9 8 10 9 8 9 8 10 8 10 9 8 8 8 8 8 8 7 9 7 7 7 10 9 10 8
3 3 3 2 1 2 1 3 1 2 1 1 3 3 2 3 2 1 3 1 1 3 1 1 1 1 2 2 1 1 1 2 1 2 1 3 1 1 2 3 3 2 1 3 3 1 3 3 3 1 3 2 1 2 2 3 1 2 1 2 1 1 1 2 1 3 2 2 1 3 6 5 6 5 6 6 5 4 6 6 5 4 5 4 4 4 4 6 6 4 4 5 4 6 4 4 5 4 6 5 6 6 6 5 6 6 6 6 6 4 4 5 6 6 6 5 4 6 6 5 6 6 6 4 4 6 6 6 4 6 6 5 6 4 4 5 4 7 9 10 9 10 9 10 8 10 9 10 9 7 8 10 7 10 7 9 9 7 9 9 7 9 9 10 7 9 9 9 7 10 7 10 10 9 8 8 10 9 8 9 10 7 8 9 8 7 10 8 8 8 9 7 8 9 10 9 8 9 8 10
3 2 3 2 1 2 2 1 1 3 2 3 3 3 1 2 1 2 3 3 1 3 3 3 2 2 2 2 3 1 2 1 1 2 2 3 3 2 2 2 2 3 1 2 3 1 2 2 1 1 3 1 3 1 1 1 3 1 3 1 2 2 1 1 2 2 1 1 3 3 3 4 4 4 4 5 5 5 6 5 4 4 4 4 5 6 6 4 6 5 6 6 5 5 6 4 6 4 6 4 6 6 4 6 5 5 4 6 6 4 5 4 5 6 6 6 6 6 4 6 5 6 5 4 6 4 5 6 5 4 4 5 4 5 5 6 4 4 7 10 10 8 7 10 8 7 7 9 9 10 9 8 10 10 8 9 10 8 8 10 10 7 7 8 10 8 10 7 7 9 10 10 7 9 9 7 8 7 9 8 7 10 8 7 7 10 9 7 9 7 8 9 9 8 9 8 7 9 8 8
2 3 1 1 1 1 3 1 1 2 1 1 2 1 3 2 1 1 3 2 3 1 1 3 3 2 1 3 3 3 3 1 3 1 3 1 2 2 1 2 2 1 2 2 2 2 2 3 1 2 2 2 3 3 3 1 2 3 3 1 3 1 1 3 1 2 3 2 3 3 2 1 6 4 5 4 4 6 5 4 4 4 6 5 5 5 5 5 6 4 4 5 6 5 4 6 5 4 6 6 6 5 6 5 6 5 4 5 6 5 6 4 5 5 4 4 6 6 4 6 6 5 5 4 4 5 4 6 6 5 4 6 5 5 6 5 6 5 6 8 9 8 8 8 7 10 10 10 8 7 9 8 10 8 10 9 10 7 9 10 7 10 8 9 7 9 7 9 8 8 8 8 8 8 9 10 9 7 7 9 8 7 7 8 9 7 7 7 7 9 8 9 8 7 9 7 9 7 10 8
3 1 2 3 1 2 1 1 1 2 1 1 1 2 2 3 1 1 2 1 1 3 1 1 1 3 3 1 3 3 3 2 3 1 1 1 1 3 1 3 1 3 2 1 1 2 3 1 3 1 2 3 1 2 1 1 3 3 3 1 3 2 1 3 2 1 3 1 3 2 2 3 1 5 5 5 6 6 5 4 6 4 6 5 5 6 4 4 5 4 5 4 4 5 5 5 4 4 5 5 6 6 4 6 6 4 6 4 4 6 4 6 4 4 4 4 6 6 4 5 5 5 4 5 5 4 6 4 5 6 4 5 4 6 5 4 5 5 5 6 9 8 8 8 8 9 8 9 8 9 8 7 7 10 10 8 9 10 10 8 9 10 8 10 8 7 8 8 7 8 7 7 8 8 8 9 9 7 8 10 7 9 7 10 7 9 9 8 8 10 9 7 7 7 9 9 9 7 8 10
3 3 3 1 1 2 3 3 1 1 3 2 3 3 2 3 3 2 1 1 3 2 2 1 1 3 2 1 1 2 2 1 3 1 1 3 2 2 2 2 3 2 3 1 2 1 2 2 2 1 1 2 1 3 3 2 2 3 3 1 2 3 1 1 1 2 1 3 3 3 1 1 1 1 5 5 6 4 5 5 5 5 6 4 4 4 4 6 5 5 6 4 4 6 6 6 4 6 6 4 5 4 4 5 4 5 6 5 5 4 6 5 4 5 4 5 4 4 4 6 5 5 5 4 4 4 4 6 6 4 5 6 5 5 5 4 5 5 4 5 5 8 8 8 7 9 7 8 9 9 9 7 9 10 7 9 10 10 10 9 10 9 9 9 9 9 9 7 10 7 8 10 8 9 7 10 7 9 9 10 7 10 9 9 9 10 7 9 9 7 9 9 9 9 10 9 10 10 9 9
2 2 1 2 3 1 3 1 1 3 3 1 3 3 2 1 1 2 2 3 1 3 1 1 2 3 3 2 3 3 3 2 2 3 1 1 3 3 3 1 3 1 1 1 3 2 2 2 3 3 3 3 3 3 1 1 2 1 1 3 1 3 2 3 3 3 2 2 2 2 1 2 2 2 1 6 6 4 4 5 5 4 6 4 6 4 4 4 4 5 6 4 5 6 4 6 5 5 5 6 6 6 4 4 4 5 6 5 4 5 6 6 4 6 6 5 4 4 5 6 5 5 6 6 5 4 4 5 5 4 5 5 4 4 5 6 6 4 6 4 4 4 7 10 8 9 8 10 10 10 9 9 8 8 9 7 10 10 9 7 8 7 8 7 10 7 8 8 9 7 8 10 8 9 8 8 10 10 9 8 8 7 7 10 7 7 9 7 7 9 9 7 8 7 9 10 10 7 7 10
1 3 3 2 2 3 2 2 2 2 3 2 3 3 2 2 3 3 1 3 3 1 1 1 3 1 1 1 1 2 1 1 3 3 1 3 2 1 1 1 3 2 2 3 1 2 2 2 1 2 3 3 3 3 3 1 3 2 2 3 1 2 1 1 1 2 2 3 3 2 2 1 3 2 2 2 4 4 6 5 6 6 6 5 5 6 4 5 5 4 4 5 5 6 5 6 4 4 5 5 4 6 6 6 6 6 5 6 6 5 4 6 4 4 4 6 6 5 4 4 6 4 4 4 5 4 4 5 5 5 4 5 4 4 5 4 5 6 6 5 5 6 6 10 8 10 10 10 10 10 9 8 9 9 10 8 10 10 8 8 9 9 10 7 10 9 9 8 7 10 9 7 10 9 8 10 8 7 7 10 10 9 9 10 8 7 8 10 10 9 10 7 10 9 7 8 7 8 9 8
2 2 3 1 1 3 2 2 3 3 3 3 2 3 3 3 1 2 3 2 2 1 3 2 3 2 2 2 3 3 3 2 3 2 1 3 2 1 2 3 2 2 2 1 3 2 3 3 2 3 2 2 2 3 3 3 1 2 3 3 2 2 1 2 1 2 2 2 1 1 3 3 2 1 1 2 2 5 6 4 4 6 5 6 5 5 6 4 5 4 6 5 5 5 6 6 4 5 5 6 4 6 4 4 6 4 5 5 6 4 5 5 6 5 4 5 5 4 6 5 6 5 4 4 5 6 4 6 4 5 6 4 6 6 4 6 5 4 4 4 5 6 4 5 9 7 9 10 9 9 8 8 10 8 10 8 9 7 8 7 9 8 10 10 7 10 10 7 9 10 9 9 10 7 10 8 7 7 7 7 9 9 9 9 10 10 8 9 9 9 8 10 8 8 9 10 7 10 9 8
1 3 1 2 1 1 2 1 3 3 3 2 1 2 2 1 3 3 3 2 1 3 3 3 3 2 3 1 2 3 3 1 1 1 1 2 1 1 3 3 3 3 1 2 3 1 3 3 1 3 2 1 1 1 3 3 1 2 2 3 3 2 3 3 2 2 1 1 2 2 3 2 1 2 3 1 3 2 5 5 5 4 4 4 4 4 4 5 6 5 6 4 5 4 5 5 6 5 5 6 4 6 5 4 5 5 5 5 5 6 4 5 6 6 6 4 4 6 5 5 6 5 5 5 4 6 6 6 5 6 5 5 5 4 5 6 6 4 6 4 6 4 6 4 6 7 7 10 9 8 10 8 9 7 8 8 7 10 10 7 9 7 10 9 10 10 8 9 8 7 9 9 9 8 10 8 9 9 10 9 7 8 7 8 8 8 9 7 10 8 10 7 10 10 10 9 9 9 8 8
3 3 1 3 2 1 2 3 3 3 2 1 3 1 1 2 1 3 2 3 3 2 2 1 2 3 2 2 1 3 3 1 2 2 2 1 2 2 3 1 2 2 3 2 3 2 2 3 1 1 2 2 2 1 3 1 2 1 2 2 3 3 2 2 3 2 3 2 3 1 2 3 3 3 2 1 3 2 2 6 5 4 6 4 5 5 5 6 6 5 6 4 4 5 6 5 5 4 6 6 6 5 4 5 4 4 5 5 4 6 5 5 6 6 6 4 5 4 4 5 5 6 4 4 4 4 5 5 4 6 6 6 6 4 6 6 4 6 5 4 6 4 4 6 4 5 8 8 8 7 7 8 10 9 9 7 7 9 8 10 10 10 10 10 7 7 7 8 10 10 8 10 9 8 10 10 7 9 9 7 8 8 10 10 8 8 7 10 8 9 7 9 8 9 8 10 8 8 9 9
3 2 3 3 1 3 1 2 2 1 3 3 3 2 3 2 2 1 3 2 1 2 3 1 2 1 1 1 1 2 1 3 1 2 1 2 2 2 2 3 1 3 3 1 2 3 2 2 3 3 3 1 2 2 1 3 1 1 3 3 3 1 3 3 2 1 1 1 3 3 1 2 3 1 2 2 1 1 3 1 5 4 4 6 4 5 5 6 5 5 5 6 5 6 5 5 6 4 4 4 4 5 4 4 4 5 5 4 5 4 4 6 4 6 6 6 5 4 6 5 4 4 6 6 6 5 6 6 4 6 5 5 6 5 4 6 4 6 5 4 6 4 6 4 6 4 4 10 9 7 8 10 7 10 10 9 7 7 8 8 10 9 8 9 9 9 8 8 8 9 10 8 10 10 10 7 8 9 10 8 8 10 8 8 9 10 8 7 8 7 8 9 10 8 7 10 8 9 9 10
3 3 2 1 3 1 2 1 3 3 3 3 1 1 3 2 2 3 3 1 1 2 2 2 1 2 2 2 1 3 3 2 2 1 1 3 2 2 1 2 1 3 2 1 3 3 3 2 2 1 3 3 2 1 2 2 3 2 3 2 3 1 1 3 1 3 2 2 2 3 3 3 2 3 3 1 3 1 1 2 1 5 6 6 5 4 5 4 5 5 5 4 6 5 5 4 5 5 5 6 4 5 4 4 6 6 6 5 5 6 6 4 4 6 4 4 5 5 5 6 5 5 5 6 5 6 5 5 6 4 4 6 5 6 6 4 4 6 4 6 6 5 4 4 5 5 4 5 9 10 9 10 8 10 9 8 9 8 10 9 7 9 9 8 9 10 9 9 8 8 8 9 10 10 9 9 9 7 9 8 8 7 10 7 9 8 10 9 7 10 8 7 7 10 9 9 10 10 9 7
1 1 2 2 1 1 2 2 1 1 2 2 1 3 1 2 2 1 2 3 1 2 1 2 2 3 2 3 1 2 3 1 3 2 2 3 2 2 3 3 3 2 3 1 1 3 3 2 1 2 1 1 3 2 2 1 1 2 3 2 3 1 2 1 1 3 2 3 1 2 3 2 3 1 2 2 1 2 2 3 2 3 4 6 6 5 5 6 6 6 4 6 4 4 5 6 4 4 4 5 6 4 5 4 6 6 6 6 6 4 4 6 5 4 4 6 4 4 4 6 5 6 6 4 6 4 4 6 4 6 6 5 5 6 4 5 5 5 5 6 6 4 4 5 4 5 4 4 4 8 7 9 10 10 9 8 9 8 8 10 8 10 9 9 7 10 9 8 8 9 10 10 8 8 9 10 8 10 9 9 8 8 10 8 10 7 10 9 9 7 9 8 7 9 7 9 8 10 7 7
2 1 3 1 2 2 3 1 1 1 2 3 3 2 3 1 1 1 3 1 3 1 3 2 2 3 3 3 1 3 3 2 3 3 3 2 3 3 1 3 2 1 1 1 2 2 3 3 3 1 1 3 3 1 3 3 3 2 3 1 2 3 1 2 1 3 3 1 1 1 1 1 2 1 3 3 3 1 1 3 3 1 1 5 6 5 4 4 6 6 4 6 5 4 5 5 5 4 5 5 4 4 5 6 6 5 6 4 6 6 4 5 6 6 5 5 6 5 5 5 5 6 6 6 6 4 6 5 5 5 5 4 6 6 5 6 5 6 5 4 5 4 4 5 4 5 5 5 4 5 7 9 9 9 10 8 8 8 10 9 9 8 9 7 8 9 8 7 7 7 8 10 10 8 7 10 7 9 8 10 9 10 8 10 9 8 8 8 7 8 8 8 7 9 8 7 10 7 7 7
2 3 1 3 1 2 1 1 2 3 3 3 1 1 3 1 3 3 3 1 2 2 3 2 2 2 2 2 3 2 1 3 2 1 3 2 1 3 2 1 2 2 3 3 1 3 1 1 2 3 3 1 3 1 1 1 2 3 2 3 3 1 1 2 2 3 2 3 1 3 3 1 1 2 3 1 2 3 3 3 3 1 1 2 5 5 6 6 4 5 4 5 5 6 6 6 5 6 6 6 5 6 6 6 5 4 6 5 6 5 6 4 6 6 5 4 6 6 4 6 5 5 6 6 5 5 4 5 6 6 5 5 4 6 5 4 4 5 5 6 4 5 6 6 6 6 5 6 5 4 6 7 10 8 9 9 10 9 7 9 8 10 7 7 8 9 9 10 7 7 8 8 9 7 9 9 9 8 7 10 10 8 7 9 7 10 10 7 7 8 9 8 10 7 9 8 10 7 9 9
2 3 3 1 3 3 3 2 1 2 3 1 1 1 3 1 1 2 3 1 2 3 1 3 2 1 1 3 3 3 2 2 3 1 3 3 2 1 1 3 2 3 1 1 3 3 3 3 1 3 1 3 1 1 3 3 2 2 3 3 3 1 3 2 1 1 2 2 2 2 2 2 3 2 1 2 3 1 1 3 3 2 3 1 2 4 6 4 6 6 5 6 5 6 4 6 4 4 5 4 5 4 6 4 6 5 4 6 4 4 6 5 4 6 6 4 4 4 4 5 5 5 6 4 5 5 4 6 5 5 5 4 6 6 5 5 5 4 4 4 5 5 6 4 5 5 4 5 4 5 4 4 10 10 7 10 9 10 8 8 10 7 10 7 7 9 9 8 7 9 7 9 8 7 7 9 10 10 8 7 9 9 8 10 7 7 10 7 10 8 9 9 8 9 10 7 9 7 9 8
1 1 3 3 3 2 2 2 3 1 3 1 1 2 3 1 2 2 2 1 1 2 1 3 2 1 1 1 2 2 1 2 3 3 2 2 2 3 3 3 1 3 3 3 2 1 2 3 1 1 1 3 3 2 3 2 1 2 1 1 2 3 2 3 2 1 3 3 3 3 2 3 3 2 3 2 2 3 2 2 1 1 1 1 2 1 5 6 6 5 5 4 4 5 5 4 6 6 5 5 4 6 4 5 5 6 5 4 5 5 5 4 4 6 4 5 5 6 4 5 6 4 6 5 6 5 4 6 4 6 6 5 5 4 6 6 4 4 6 4 5 5 4 4 4 6 6 4 4 5 6 4 4 10 9 7 8 8 9 9 7 8 9 7 10 8 10 10 9 10 7 8 7 10 8 10 9 7 7 9 10 7 8 9 8 8 8 7 9 7 8 10 8 8 9 8 8 8 7 7
3 2 1 1 1 3 1 3 2 3 2 2 3 1 2 1 2 2 3 3 2 2 2 3 3 1 1 2 1 3 1 2 2 1 3 1 2 1 3 3 2 1 2 1 1 3 2 1 3 2 3 2 2 3 1 2 2 3 1 1 2 1 2 2 2 3 3 3 2 1 3 1 2 2 2 1 2 3 2 1 2 3 1 3 3 2 2 6 5 6 6 4 5 6 5 4 4 4 4 5 5 4 5 4 4 6 4 5 6 5 4 6 4 5 5 4 4 4 4 5 4 4 6 5 4 6 4 5 4 4 6 5 5 5 6 4 4 4 5 6 4 5 4 4 5 5 6 6 5 6 5 4 5 4 7 8 9 8 9 8 10 9 8 7 10 9 7 7 8 10 10 9 8 9 10 7 10 9 8 10 8 10 9 7 8 7 10 8 9 10 7 10 9 7 8 8 9 10 8 7
1 1 2 2 3 2 2 3 2 2 2 2 1 2 2 3 3 3 2 1 1 1 1 1 3 3 3 3 3 1 1 3 1 3 3 2 3 3 2 3 3 1 1 1 1 1 2 2 2 2 1 3 1 3 1 2 1 1 1 2 1 1 1 1 1 2 1 1 1 2 3 2 2 1 3 2 1 3 2 2 3 1 2 3 1 2 1 2 4 4 5 4 5 4 5 5 4 4 5 6 4 4 5 5 6 4 4 6 4 5 4 5 5 5 6 5 5 4 5 6 5 4 5 6 6 6 5 6 5 6 5 6 6 5 4 4 6 4 4 5 4 5 5 6 4 6 6 4 6 5 6 6 5 5 4 8 8 9 7 7 10 9 10 8 10 9 10 9 9 10 9 9 10 10 10 7 7 9 7 7 8 10 8 7 10 9 8 9 7 10 10 9 9 8 7 7 9 10 10 7
3 3 2 3 3 1 1 2 3 3 3 1 2 2 3 3 3 3 1 2 2 3 3 2 3 1 2 2 2 3 2 3 3 3 2 3 2 1 2 3 2 2 2 3 1 2 3 2 1 2 3 1 1 3 2 2 3 1 1 2 2 1 1 1 3 1 1 3 3 2 2 2 2 2 2 1 1 3 3 2 3 3 2 2 2 2 3 1 1 6 6 6 6 5 5 6 6 5 4 6 6 6 4 6 5 6 5 5 5 5 5 5 6 6 6 4 5 6 5 5 5 4 4 6 4 4 6 5 4 6 6 5 5 6 4 5 6 6 4 4 4 6 5 4 4 6 5 5 4 6 6 6 6 5 6 4 10 10 10 8 9 10 8 10 7 10 9 8 7 8 7 7 10 7 8 7 7 7 8 9 7 7 8 9 7 7 10 9 10 9 7 8 9 9 7 8 10 8 10 8
2 1 1 3 1 3 2 3 1 3 1 2 3 1 3 1 3 3 1 2 2 2 3 2 3 2 3 2 1 2 1 2 1 2 2 2 3 2 2 2 2 2 2 2 1 1 1 1 3 1 1 1 1 3 3 1 1 3 3 2 3 2 1 3 2 3 3 2 1 2 1 2 3 2 1 3 3 1 2 2 3 3 1 2 3 3 3 3 3 1 5 6 5 4 5 6 6 6 4 4 4 4 6 6 4 6 5 5 6 4 6 4 4 4 6 6 6 4 6 4 4 6 5 4 5 4 4 4 4 5 5 6 5 4 5 5 4 6 4 6 5 4 4 5 6 5 6 6 6 4 5 4 5 5 6 4 6 8 7 8 10 8 7 10 9 8 10 9 9 9 9 7 7 10 10 7 7 7 10 9 8 8 10 8 9 9 7 7 9 9 10 9 7 7 9 9 9 10 9 10
1 1 2 1 3 2 2 3 1 2 2 2 2 1 2 1 3 2 3 2 1 2 3 3 3 3 2 2 1 1 1 3 1 2 2 3 3 1 1 1 2 2 2 1 1 2 1 1 3 1 2 1 2 1 1 3 3 2 2 2 2 3 1 1 1 1 3 3 1 3 2 1 3 1 1 2 1 1 2 1 3 1 1 1 3 3 3 1 2 3 2 4 6 6 5 4 5 4 4 6 6 5 5 6 4 5 5 4 6 5 4 4 6 5 5 4 4 6 6 6 4 5 4 4 6 4 4 4 5 5 5 6 5 6 5 5 4 5 4 4 5 5 4 5 6 6 5 6 6 6 5 6 5 6 4 4 5 4 9 7 8 8 8 10 7 9 8 10 9 7 7 9 10 7 9 10 7 8 9 8 8 8 8 9 7 8 8 9 7 8 10 9 8 7 8 9 9 8 10 9
1 1 2 3 2 2 2 3 1 2 1 3 1 2 1 2 2 3 2 3 1 1 1 2 2 1 2 2 1 1 2 1 2 1 3 2 2 1 2 3 2 2 1 3 3 2 3 1 2 3 1 2 3 2 3 2 3 3 3 2 2 2 1 1 1 1 1 3 3 3 2 1 1 1 2 2 3 3 1 3 1 2 2 3 2 3 2 2 1 3 3 2 6 6 5 4 4 6 5 4 6 6 4 5 5 5 6 5 6 6 6 6 4 4 4 4 6 5 6 5 4 5 5 5 6 4 6 4 6 6 6 6 4 5 5 4 4 6 5 4 4 4 6 4 6 6 6 4 6 6 5 6 6 4 4 4 4 6 6 8 9 10 8 8 8 10 9 9 10 9 9 10 9 9 9 9 10 8 10 9 9 7 9 7 8 8 7 7 7 10 10 7 10 7 7 8 8 9 9 9
1 2 2 1 1 1 2 2 1 3 1 3 1 2 2 1 1 1 3 3 3 1 2 1 2 1 2 1 2 3 3 2 2 1 2 1 2 3 2 3 3 2 1 3 3 1 3 1 2 3 3 2 1 3 3 2 2 2 3 1 3 2 2 2 1 3 2 2 1 3 3 3 3 3 3 1 1 2 1 2 1 2 1 3 3 3 2 3 1 1 1 3 2 6 4 4 5 5 5 4 4 4 6 4 6 5 6 4 6 4 5 6 6 6 5 6 5 5 4 4 6 4 5 4 4 6 5 5 5 5 6 5 5 5 4 4 5 5 4 6 6 6 5 6 6 4 5 4 5 6 4 4 5 5 6 4 6 5 5 5 7 9 9 8 10 7 7 8 8 8 10 10 10 9 8 8 10 10 8 8 9 9 8 8 9 10 8 8 8 9 8 10 8 10 8 8 7 7 8 7
1 2 2 1 3 3 2 3 3 3 3 2 2 1 2 2 1 1 3 1 2 2 3 1 3 3 1 2 2 1 1 1 3 1 3 2 3 3 1 3 1 3 2 1 2 3 2 2 3 3 3 3 3 1 3 1 2 3 3 1 2 2 3 3 3 2 1 1 1 3 2 3 2 1 2 3 3 3 1 3 1 1 3 2 3 2 1 1 3 2 1 3 1 1 5 5 4 5 6 4 5 6 5 6 5 4 4 6 5 6 4 4 6 6 5 5 5 6 6 5 5 5 6 4 5 6 4 6 6 6 4 4 5 5 4 6 5 4 4 5 6 5 4 4 4 6 4 4 6 6 6 5 5 4 5 5 5 4 4 6 4 9 9 8 10 7 10 10 7 9 8 9 9 7 9 9 10 10 8 7 8 8 7 8 8 7 9 8 9 7 7 7 9 9 7 10 10 9 10 9
3 2 3 3 1 1 3 2 3 1 2 1 2 3 1 3 1 2 2 2 2 1 2 2 2 2 2 2 3 2 3 2 3 2 3 3 1 2 3 2 2 1 1 2 3 2 3 1 3 1 1 3 3 1 2 3 1 1 1 2 1 3 2 2 1 2 3 1 1 3 2 2 1 3 1 2 3 1 3 2 2 1 1 3 2 2 3 1 3 1 1 2 1 3 1 6 5 5 4 5 6 6 5 5 6 5 4 5 6 4 5 5 6 5 5 4 4 6 6 5 6 6 6 6 4 5 6 5 6 6 4 6 4 5 6 6 4 4 5 6 6 6 6 4 4 5 4 4 6 6 5 4 4 5 5 6 4 6 4 5 6 4 10 8 10 8 8 10 7 7 8 9 8 10 9 10 9 10 7 7 8 8 10 9 10 7 9 10 10 9 9 7 7 7 7 10 10 8 10 8
2 3 3 3 1 1 1 2 3 2 1 3 3 3 2 2 1 2 1 1 1 2 3 2 3 3 3 2 2 3 2 2 2 1 3 2 3 1 2 2 2 3 2 3 1 1 1 3 3 3 3 3 2 3 1 1 1 1 3 1 1 3 1 3 1 2 1 3 1 3 1 1 3 3 3 3 2 2 2 1 2 3 1 3 3 3 3 1 3 3 2 1 1 2 3 1 5 6 6 6 5 4 4 6 6 5 4 6 6 4 4 5 4 4 4 4 4 6 5 5 6 6 5 6 6 5 5 6 5 4 6 6 4 4 5 4 6 5 4 5 5 5 4 4 5 5 5 5 4 6 5 6 4 4 6 6 4 6 5 5 5 5 4 8 8 9 8 10 9 7 8 9 10 10 8 7 9 9 7 9 10 8 7 9 8 7 8 8 7 8 9 9 8 8 7 9 8 8 7 9
3 3 1 1 2 2 3 1 3 2 1 1 3 2 1 2 2 1 2 1 1 1 1 2 3 2 3 3 3 1 1 2 2 1 1 1 2 3 2 3 1 3 3 3 3 2 3 2 3 3 3 3 3 2 1 3 3 3 2 3 1 3 2 1 1 2 1 2 1 1 1 3 3 1 1 2 1 2 1 1 1 2 2 2 1 2 1 2 2 1 2 2 2 3 1 1 1 4 4 5 5 4 4 4 4 4 5 6 6 5 5 4 4 5 6 6 4 5 5 6 6 5 4 5 4 5 5 4 4 4 6 4 5 4 5 6 5 5 4 6 5 5 4 6 5 5 6 5 4 4 6 6 4 5 4 6 5 5 5 6 5 4 4 5 7 7 8 8 10 10 9 7 10 7 10 7 8 7 9 9 9 8 7 9 9 9 8 10 9 9 7 9 10 7 8 9 8 8 8 7
2 3 1 2 1 3 3 1 1 3 2 2 1 3 1 3 2 2 2 1 1 2 2 1 1 2 1 1 1 3 2 1 1 3 2 3 1 3 1 2 2 3 3 1 1 1 3 1 3 2 1 1 1 2 3 2 2 3 3 3 1 3 3 2 1 1 3 1 3 1 2 2 2 3 1 3 2 1 3 2 1 3 2 3 3 1 3 1 3 2 2 3 1 2 3 1 2 2 6 5 5 4 4 4 5 5 4 5 5 6 5 5 6 6 5 5 6 5 6 5 4 6 4 6 4 6 4 6 4 6 5 4 4 4 6 4 5 5 5 5 5 4 4 4 4 6 6 4 4 6 4 6 5 4 6 4 6 5 4 5 4 6 6 4 5 7 7 8 8 9 8 10 8 10 9 9 8 7 7 7 10 7 7 8 10 10 9 10 9 10 10 8 9 9 10 10 10 9 8 10
3 3 1 1 1 3 2 1 2 1 2 2 2 2 1 2 1 2 1 3 1 1 3 1 1 1 3 1 3 2 2 1 2 2 1 1 1 1 3 1 2 1 3 3 1 1 3 3 1 2 3 3 1 2 1 1 1 3 1 1 1 3 2 3 1 2 2 1 2 3 2 1 3 2 3 3 1 3 2 1 3 3 2 1 1 2 2 1 1 3 2 1 2 1 2 3 2 1 2 4 6 5 5 6 4 5 4 6 6 5 5 6 4 5 5 4 4 6 6 5 5 5 4 5 6 5 4 4 5 5 5 4 5 4 5 5 5 4 6 5 4 6 4 5 6 5 5 5 5 5 5 4 5 5 5 4 4 4 6 5 6 5 6 5 4 4 8 10 10 9 8 10 8 10 7 10 10 9 10 7 8 7 7 10 9 10 9 8 9 8 10 10 8 10 10 8 8 8 9 9
2 2 3 3 2 3 3 1 2 3 2 3 3 3 3 3 2 1 1 2 2 3 2 1 3 2 3 1 1 2 2 1 1 3 2 2 2 3 3 2 1 1 1 2 1 1 1 3 3 2 2 2 3 2 3 3 2 1 3 1 3 2 3 3 3 2 3 2 3 1 2 1 1 3 1 1 1 3 2 2 1 3 1 3 2 3 2 2 1 3 2 2 1 1 3 1 3 2 2 2 5 6 5 6 4 4 5 6 6 6 6 5 5 6 5 6 6 4 5 4 4 6 6 6 5 4 6 6 5 6 5 5 5 5 4 5 5 5 4 6 5 6 6 4 6 5 4 6 6 6 6 6 5 5 5 5 5 5 5 4 6 4 5 6 6 5 4 10 10 9 8 10 8 8 8 7 7 8 9 9 10 10 7 7 9 8 9 9 7 7 8 7 9 7 10 9 10 9 8 9
3 3 2 1 3 1 3 2 2 3 2 2 1 2 2 2 3 1 2 2 3 1 1 2 3 1 2 3 3 2 2 1 1 2 2 1 2 1 3 1 2 2 3 1 1 3 1 2 3 2 2 1 2 3 1 1 1 3 3 2 2 3 3 2 2 3 1 3 2 1 3 3 2 1 2 2 2 2 2 2 2 1 3 2 1 3 2 1 1 2 3 3 2 2 2 2 1 2 1 3 1 4 4 6 5 4 5 6 6 4 5 4 4 6 4 4 6 6 4 4 6 5 5 5 6 5 6 6 4 6 4 4 4 5 6 4 5 5 6 5 4 5 6 4 5 4 5 4 4 5 5 6 4 6 4 6 5 4 4 6 6 5 4 6 5 5 5 6 9 9 8 7 9 10 7 7 10 7 7 9 8 10 8 7 7 10 10 8 7 9 10 9 9 10 7 7 9 8 8 10
3 3 1 1 2 1 1 2 3 1 1 3 3 2 2 2 1 3 2 2 3 1 3 3 3 2 2 2 2 1 1 3 2 1 3 2 2 2 3 1 3 2 2 2 1 3 3 3 1 3 2 3 2 3 1 3 2 2 1 2 2 2 3 2 1 3 3 1 2 3 2 3 3 2 3 2 3 2 1 1 2 3 2 3 3 1 2 3 2 2 3 3 2 3 3 3 3 2 2 3 2 1 4 6 6 6 6 6 6 4 5 5 4 6 5 6 6 4 5 5 5 4 5 5 6 6 6 4 4 5 6 6 5 4 4 6 4 5 5 5 6 4 4 5 5 5 4 5 4 5 6 4 6 5 6 4 6 4 6 6 6 4 6 4 6 6 6 6 4 10 7 7 10 7 7 8 9 9 10 8 10 10 9 9 10 7 10 10 10 9 8 8 10 8 7 7 7 10 8 9
3 1 1 2 3 2 3 3 3 3 2 2 1 2 1 2 1 3 3 1 2 2 1 1 2 3 3 3 3 1 3 2 1 2 3 3 2 1 3 1 1 1 3 1 3 1 3 3 1 2 2 3 1 3 1 1 2 3 2 1 1 3 1 1 3 1 2 2 3 3 3 2 2 3 3 3 1 2 3 1 2 2 3 3 3 3 2 3 2 3 3 2 3 3 2 2 2 1 3 3 1 2 3 5 6 6 6 6 6 6 6 6 6 5 6 4 4 4 5 5 5 4 4 6 4 5 6 5 4 4 4 6 6 4 5 5 4 6 6 5 4 6 6 6 6 5 5 6 5 4 4 6 6 4 5 4 5 6 5 4 6 6 5 4 4 5 5 5 6 6 8 10 10 7 8 10 8 9 9 9 10 8 10 9 9 9 8 7 7 9 10 7 9 7 7 9 10 9 8 9
1 2 3 3 2 1 2 1 2 1 1 1 2 2 1 3 3 1 3 2 2 2 2 1 3 2 2 3 1 1 3 2 1 1 3 2 2 1 1 3 1 3 3 3 1 3 2 1 1 3 1 1 1 1 3 3 1 2 3 3 3 1 2 3 2 3 1 2 3 3 2 2 1 1 1 3 1 2 1 1 1 2 3 3 2 1 1 3 2 2 1 3 1 2 3 3 3 3 1 1 2 3 2 3 4 5 4 4 4 4 4 5 6 5 5 6 4 6 6 4 4 5 5 6 6 4 5 6 5 6 5 5 5 4 4 4 4 6 4 4 6 6 6 6 6 4 5 4 5 6 4 4 6 6 5 4 6 4 6 4 5 4 5 6 4 4 6 4 5 4 5 7 9 10 10 10 9 10 8 9 8 9 8 7 7 10 7 7 7 10 9 8 8 9 10 9 7 10 9 9
2 1 1 1 3 3 2 3 2 3 3 2 3 2 1 1 1 1 1 3 1 1 2 2 2 1 1 2 1 2 3 3 3 1 1 1 2 3 1 3 2 1 1 1 3 2 3 2 2 2 1 2 1 2 1 1 1 1 1 3 1 1 1 2 2 1 2 1 3 2 2 3 2 1 3 1 3 3 3 2 2 2 3 2 3 2 1 3 3 2 3 3 3 2 3 3 2 3 2 1 3 1 2 3 3 6 4 4 5 4 5 5 5 4 5 4 4 5 5 6 5 4 4 4 6 4 5 5 5 5 4 4 6 6 5 5 4 5 5 5 5 4 4 6 6 5 4 6 4 5 4 6 5 6 4 4 5 4 5 4 5 4 5 5 4 5 6 4 5 6 5 4 7 10 10 9 9 9 8 7 10 9 7 10 7 8 7 9 9 7 7 8 9 7 9 7 10 7 9 8
3 1 2 2 2 3 3 3 3 3 3 2 3 2 2 2 3 3 1 3 1 1 3 2 3 3 2 1 1 1 1 1 3 1 2 3 3 1 3 3 3 1 2 2 1 2 1 3 3 3 2 2 2 2 2 2 3 1 3 2 1 3 2 2 1 1 1 1 3 3 3 3 3 2 2 1 2 3 1 2 2 1 2 2 3 2 2 1 2 1 1 2 3 2 3 1 3 1 3 1 3 1 1 3 3 1 5 6 6 4 5 5 6 6 6 5 6 4 5 6 4 6 5 5 5 6 5 6 6 5 4 5 5 5 4 5 6 5 4 4 5 5 6 5 6 4 5 6 4 5 6 6 5 6 5 6 4 5 5 5 5 5 6 6 6 4 4 6 5 6 6 6 6 9 7 9 9 10 7 7 7 8 10 9 9 10 10 9 10 10 9 8 8 10 7 8 7 8 7 8
3 1 2 1 1 1 2 3 2 3 2 1 1 1 2 2 1 2 3 2 1 1 3 1 2 1 2 1 1 3 2 2 1 2 2 1 3 3 1 2 2 1 3 1 2 1 3 3 3 1 2 1 1 2 2 3 3 2 2 3 3 1 3 1 2 2 1 1 1 3 3 1 3 3 3 1 2 2 1 1 3 3 2 3 1 3 3 1 1 1 3 3 3 2 2 3 1 3 3 2 2 3 3 1 1 1 1 5 4 6 5 5 6 5 5 4 6 4 5 5 5 5 6 6 6 6 5 6 5 5 5 6 4 6 4 6 6 5 6 6 5 6 6 4 5 6 5 6 4 5 5 4 6 6 6 5 6 5 4 5 4 5 5 6 5 5 6 6 6 6 4 4 5 6 9 8 10 8 10 8 10 10 9 7 7 10 7 10 10 7 9 7 8 10 10 7 8 9 8 9
1 3 2 1 2 3 1 2 2 2 2 3 3 2 3 1 3 1 3 3 2 2 3 3 1 3 2 2 3 3 1 1 1 3 1 2 2 2 1 1 1 3 3 2 3 2 2 3 2 3 2 1 1 1 3 1 1 2 3 1 1 3 2 1 1 2 1 1 1 3 2 1 1 3 3 3 3 1 3 1 2 2 3 1 2 3 3 1 1 2 3 3 1 3 3 1 2 1 1 3 3 2 3 1 3 1 2 2 6 6 5 6 4 6 6 6 5 5 5 6 6 5 5 5 5 5 5 6 4 4 4 5 5 5 4 6 4 4 4 5 4 6 6 4 4 6 4 5 4 5 5 6 6 5 4 5 4 5 4 5 5 5 5 6 5 4 5 4 6 5 4 5 5 4 6 8 8 7 8 9 9 8 8 8 10 8 7 8 9 7 8 7 9 10 8 10 8 10 10 7
3 3 1 1 3 3 1 2 3 3 2 3 3 2 3 3 2 3 3 2 2 3 1 3 1 3 1 2 3 3 1 3 3 1 1 2 2 3 1 2 3 2 2 1 3 1 2 2 2 2 1 2 2 1 1 1 3 2 2 1 1 2 2 1 1 3 1 3 3 1 3 1 1 1 2 3 3 3 3 2 1 2 2 2 1 3 1 1 1 1 3 1 1 3 2 1 3 1 3 3 2 3 1 2 3 2 2 3 2 5 6 5 5 5 6 4 6 5 5 6 4 5 5 4 5 4 6 5 5 5 5 6 5 6 6 6 4 4 4 4 6 4 5 4 4 6 4 5 4 5 4 4 6 4 6 5 6 5 5 6 6 4 5 6 4 5 5 4 4 5 4 4 4 5 6 5 10 9 7 7 10 9 8 7 8 9 10 8 8 8 9 10 7 7 10 9 10 10 9 9
3 1 2 3 1 2 2 3 2 2 2 3 1 1 3 1 3 3 3 2 3 3 2 3 1 3 3 3 3 1 1 1 2 1 1 3 3 2 3 1 3 3 3 1 1 2 2 2 3 1 3 1 2 3 2 1 3 1 1 1 1 3 2 1 1 2 2 3 3 2 2 1 2 2 2 3 2 3 3 2 2 2 1 3 2 1 3 2 1 3 1 3 2 3 1 3 2 1 3 3 1 1 2 2 2 3 1 1 2 3 6 4 4 5 4 5 5 6 4 6 4 5 6 5 6 5 6 4 5 4 6 4 5 6 4 6 6 4 6 4 5 4 5 4 4 4 4 6 5 4 5 6 5 6 6 4 4 5 6 4 5 6 6 4 6 5 4 4 5 6 4 6 5 5 5 6 4 9 9 10 10 10 10 8 8 10 8 8 8 9 7 10 7 10 8 9 10 7 9 9
1 1 3 2 1 2 3 2 1 2 3 2 3 2 2 3 2 2 3 1 1 3 1 3 3 2 1 1 3 3 3 1 2 1 2 2 2 3 3 2 3 2 3 2 3 2 3 1 3 3 1 2 3 2 3 1 3 2 2 2 2 2 3 1 2 2 3 3 3 3 3 2 1 1 3 2 3 2 1 3 2 3 3 1 2 3 2 2 1 3 1 1 2 2 3 1 1 1 1 2 1 1 1 2 2 1 3 3 1 2 2 4 4 4 5 4 6 5 4 5 5 4 6 6 4 5 4 6 6 4 4 4 5 6 6 4 4 5 6 6 5 4 5 6 6 6 5 6 4 4 5 5 6 6 5 5 6 5 5 6 4 6 4 4 5 6 5 4 4 5 5 6 4 6 5 4 4 5 9 7 8 10 8 9 7 9 10 10 10 8 9 9 9 10 10 8 10 9 7 10
3 1 2 1 1 2 3 1 2 3 2 3 3 2 3 1 3 3 2 2 3 3 3 2 3 2 2 2 3 1 3 3 3 2 2 2 2 2 3 2 2 3 2 3 2 2 2 3 1 3 2 2 2 2 2 3 3 3 2 3 3 1 3 1 3 3 3 2 3 2 2 1 2 1 1 2 2 3 2 3 3 1 3 1 3 2 3 1 1 3 3 3 3 3 3 3 3 3 3 1 2 2 2 2 1 2 2 2 2 2 1 1 4 5 4 4 5 4 6 5 6 5 4 4 4 4 4 6 5 4 6 6 6 5 6 5 6 6 6 5 4 4 5 5 5 6 6 4 5 4 4 4 4 6 6 4 6 5 6 6 4 6 5 4 5 6 4 5 5 6 5 6 5 5 4 5 6 4 4 9 8 8 8 8 9 10 7 8 10 9 7 7 10 8 7 7 10 7 10 9
1 1 2 1 1 2 2 1 2 1 3 3 2 3 3 1 3 2 3 2 2 2 2 3 2 3 1 3 3 2 2 1 1 3 3 2 1 2 2 1 1 3 2 3 2 3 2 1 2 1 2 2 2 2 2 3 3 3 3 3 1 2 2 2 2 2 1 2 3 3 2 1 2 2 2 2 2 1 2 3 2 2 1 3 1 3 2 2 3 1 2 3 3 2 3 2 3 1 2 3 3 2 3 1 1 2 1 3 2 1 2 1 3 4 5 5 5 6 5 6 6 4 6 6 5 4 4 4 4 6 5 6 6 5 4 6 4 5 6 6 5 6 5 4 5 4 5 5 6 4 4 5 5 5 6 4 4 6 5 5 5 4 6 5 6 4 5 5 5 6 5 4 5 5 4 6 5 6 5 6 9 9 8 10 8 10 7 10 9 9 7 10 9 10 7 8 8 9 10 8
2 1 1 2 1 1 2 3 2 3 1 3 2 3 2 3 1 1 3 3 2 2 1 1 3 2 3 2 1 3 2 1 3 3 2 1 3 2 3 1 1 2 3 1 2 1 3 3 2 2 1 3 2 2 1 2 3 2 1 2 2 2 1 1 2 2 1 2 2 1 3 2 3 3 3 3 2 1 1 2 2 3 2 3 3 3 2 2 2 3 3 2 3 1 3 3 3 1 2 2 2 3 1 2 2 1 1 3 2 3 3 2 1 1 4 6 5 4 5 4 5 5 5 6 6 5 4 6 4 5 6 4 4 6 4 4 6 6 5 5 5 6 5 4 4 6 6 4 5 6 5 5 5 5 6 5 4 6 5 5 4 4 4 6 5 5 6 6 4 5 5 6 6 4 6 4 6 6 6 5 6 7 9 7 9 8 7 8 10 7 10 8 10 9 7 7 8 9 8 8
3 1 1 3 2 2 1 2 3 2 1 3 1 3 3 1 3 1 3 1 3 3 3 1 2 2 3 1 1 2 2 3 3 2 3 2 3 3 1 1 2 2 1 3 3 1 3 1 1 3 2 3 2 1 3 2 1 1 3 2 2 3 1 3 3 2 1 2 1 2 3 2 1 2 3 3 2 3 2 1 2 2 2 1 3 1 3 2 2 2 2 2 2 3 3 1 1 3 2 3 3 3 1 2 3 2 1 2 3 2 2 1 2 1 2 5 5 6 6 5 4 5 5 6 4 6 4 6 4 5 6 4 5 5 6 6 5 6 6 6 5 4 4 6 4 4 5 6 5 4 5 4 6 6 6 6 6 4 6 4 4 6 5 4 5 4 5 5 6 4 4 4 6 4 4 5 6 4 4 5 6 5 9 8 10 9 9 7 10 7 9 9 8 8 10 8 9 8 8 7
1 3 3 1 3 3 2 1 1 3 3 3 2 3 2 3 1 2 3 2 2 2 2 1 1 2 2 1 2 2 1 3 1 1 3 3 2 3 2 2 1 3 1 2 1 2 1 3 3 2 1 1 1 3 3 2 3 1 3 3 3 2 2 1 2 3 3 3 2 1 1 3 2 1 1 2 3 3 1 3 1 2 1 2 3 1 1 3 3 2 1 3 1 2 2 2 1 3 2 1 3 1 1 2 3 2 2 3 2 3 1 2 1 1 3 3 5 6 4 4 4 4 4 6 5 5 5 6 6 6 5 5 4 4 4 4 6 6 6 6 5 5 4 5 5 4 5 5 5 6 6 6 5 6 5 5 5 6 5 5 5 5 4 5 5 4 6 6 4 5 4 4 6 6 5 6 5 6 5 6 4 5 6 9 10 7 7 7 7 10 7 9 10 8 10 9 10 9 7 7
2 3 3 3 3 3 2 1 3 2 1 2 2 2 2 3 2 3 2 1 1 1 3 1 1 2 1 1 3 3 2 3 1 3 2 1 2 1 2 2 1 3 2 2 3 2 2 3 2 1 2 1 1 3 3 2 1 2 1 1 1 1 2 2 2 3 3 2 3 2 2 1 3 2 2 1 2 3 1 2 2 3 1 1 1 3 2 1 1 1 2 2 3 2 3 1 2 2 1 2 2 2 1 3 1 3 3 3 1 1 2 3 2 1 2 1 2 5 5 4 6 5 6 5 6 6 5 6 6 6 4 4 5 6 6 6 5 4 5 6 4 5 6 6 6 5 5 6 4 4 4 4 4 6 4 5 5 4 4 5 6 6 4 6 4 4 4 4 4 6 6 5 5 5 4 6 5 5 5 5 4 6 5 5 10 7 10 10 9 10 7 9 10 8 7 10 8 9 9 10
2 2 3 1 1 1 3 3 3 3 3 2 1 3 3 3 3 2 3 1 2 2 3 1 3 3 2 3 1 2 3 3 1 2 2 1 3 2 3 3 1 3 3 1 3 2 1 2 2 2 2 2 3 3 3 2 2 3 2 3 1 3 3 1 2 2 1 2 2 1 2 2 1 1 3 1 1 2 3 2 3 2 3 1 2 3 1 1 2 2 3 3 1 3 2 1 3 1 3 1 1 1 2 3 1 3 3 1 2 1 2 3 1 1 1 1 3 1 5 5 4 6 4 6 6 4 4 5 6 5 6 5 5 6 4 6 6 5 5 6 5 5 4 6 5 4 5 6 5 4 4 4 5 5 6 5 4 4 4 6 6 4 4 4 5 5 5 4 4 4 6 5 6 6 4 6 4 6 5 4 6 5 4 5 4 8 8 7 7 9 8 7 8 10 9 7 10 9 9 7
2 3 3 1 1 2 3 1 3 3 2 3 2 2 3 1 3 2 1 3 3 3 2 3 2 2 2 2 3 2 3 3 2 3 1 3 2 3 3 3 1 2 2 2 1 1 2 3 2 2 1 1 1 3 1 3 1 2 2 2 1 1 1 1 2 3 2 3 2 3 3 3 3 2 1 3 2 1 3 1 2 1 1 2 3 2 3 2 1 2 2 3 2 3 3 3 3 1 2 3 2 1 3 2 1 2 2 1 2 1 2 3 3 3 1 1 2 2 2 4 6 6 4 4 5 6 6 5 6 6 6 5 5 6 6 6 4 4 6 6 6 4 6 6 4 6 4 6 6 6 4 5 6 4 4 5 4 4 5 5 6 5 6 5 5 4 4 6 6 4 5 5 5 6 4 6 4 5 4 5 5 6 5 5 5 6 7 9 8 10 8 7 8 10 9 9 8 10 7 9
2 3 3 3 1 1 3 2 1 1 3 1 1 1 1 2 1 2 2 1 1 2 2 2 1 3 2 3 3 3 2 2 3 3 2 1 1 2 2 3 2 2 3 1 1 1 3 3 3 2 1 1 3 1 2 1 2 1 1 3 2 3 1 2 2 1 2 2 2 3 1 3 3 1 2 1 2 2 1 2 1 3 2 3 2 1 3 2 3 3 1 3 1 3 1 1 3 1 1 3 1 1 2 2 2 2 1 1 1 1 2 1 1 2 2 3 1 3 1 1 6 4 6 5 4 4 5 5 5 5 4 6 4 4 6 6 4 5 6 4 4 4 6 5 6 4 4 5 5 4 5 6 6 4 5 5 5 4 6 6 5 4 5 6 4 6 6 5 6 5 5 4 6 6 6 4 6 5 6 6 5 6 5 6 4 5 5 8 9 9 8 7 10 7 10 7 7 9 8 8
3 1 1 3 3 3 1 2 2 1 2 3 2 1 1 3 2 2 3 2 1 2 1 1 3 1 1 2 1 1 3 2 1 1 2 2 1 1 3 1 1 1 3 2 1 3 2 1 2 3 3 2 3 2 1 3 1 3 1 2 3 1 2 3 1 2 2 3 1 2 3 2 1 3 3 2 2 3 1 3 1 3 1 1 1 1 1 2 2 3 2 3 2 2 1 2 2 2 3 3 1 3 2 2 3 1 3 2 3 3 1 2 3 1 3 2 2 1 1 1 3 4 5 4 4 6 5 5 4 4 6 4 6 4 5 6 4 5 6 4 4 5 4 6 6 6 4 4 6 6 5 6 4 5 5 4 5 5 5 4 5 4 6 4 5 4 4 6 5 6 5 6 5 6 5 4 5 4 4 5 4 4 5 6 5 6 5 6 10 9 9 9 8 7 10 10 8 7 7 8
3 1 1 2 2 3 1 3 1 2 1 2 3 3 3 1 2 2 2 2 3 3 1 3 3 2 3 3 1 2 2 1 1 2 2 2 1 3 2 1 3 2 1 2 2 2 1 1 3 2 1 1 2 1 1 3 1 1 2 1 3 3 1 1 3 2 2 1 3 1 1 1 1 3 1 1 3 1 1 1 2 2 3 2 1 1 1 3 1 2 2 3 3 3 1 1 2 2 1 3 1 2 3 3 1 2 2 3 1 3 2 2 2 1 2 1 2 1 3 1 2 2 5 5 4 5 6 6 4 6 6 4 5 5 5 4 6 6 4 6 4 5 6 5 6 5 5 4 6 4 5 4 4 5 5 5 5 5 4 6 6 5 4 5 4 4 4 6 5 6 6 6 5 5 4 6 5 4 6 4 4 4 6 6 4 5 4 4 5 9 9 9 9 9 8 8 10 7 10 9
3 3 1 3 3 1 1 2 1 2 3 1 1 2 3 3 1 3 1 3 2 1 1 3 3 1 1 1 1 3 2 3 3 3 3 2 1 1 3 1 3 1 3 3 2 2 2 1 2 3 3 2 3 2 1 2 3 2 1 2 3 3 3 1 1 2 3 2 1 1 1 1 3 3 1 2 3 2 1 1 1 2 1 1 3 1 1 3 1 2 1 2 3 1 1 2 3 1 3 1 2 3 1 2 2 1 1 1 3 1 3 2 2 3 2 2 1 2 1 3 3 2 3 4 4 4 4 4 6 5 4 5 4 4 6 6 4 5 6 5 4 5 4 6 6 4 6 4 4 4 4 5 6 5 4 4 4 5 4 4 5 6 4 5 4 5 4 4 6 4 6 5 6 4 6 5 4 6 4 6 6 5 4 6 6 6 6 5 4 4 10 10 7 9 10 10 8 7 7 7
2 3 1 3 1 1 2 2 1 1 3 3 1 3 1 1 2 1 1 1 3 1 3 3 2 1 1 3 3 2 2 3 2 3 1 1 1 1 1 1 3 3 2 2 2 3 1 1 2 2 1 1 2 3 2 1 1 2 2 1 2 1 2 2 1 1 3 3 3 3 1 3 2 2 3 3 3 3 2 1 3 1 3 2 3 2 1 3 2 2 3 3 2 1 3 3 1 2 1 2 2 3 1 1 3 3 1 3 3 3 2 3 1 1 1 2 1 2 2 1 3 2 2 2 6 5 5 4 4 6 5 5 6 5 5 6 5 4 6 6 5 4 5 6 6 5 6 6 5 4 6 4 4 5 4 5 4 5 5 4 6 5 4 5 4 5 6 6 5 6 6 6 4 6 4 5 4 4 6 4 5 6 6 4 4 4 6 4 4 5 4 8 8 10 9 10 10 7 9 8
1 1 3 3 3 3 3 2 1 1 2 3 2 2 2 1 3 2 1 1 3 3 1 1 2 1 1 3 3 2 1 1 1 3 1 1 1 1 2 1 2 3 1 1 3 2 3 3 1 2 2 3 3 2 1 2 3 3 3 2 3 1 1 3 1 1 2 3 1 3 3 1 3 3 1 2 2 3 3 1 2 2 2 1 3 2 3 3 2 3 3 3 2 1 1 1 1 3 1 3 1 3 1 1 1 3 2 3 1 3 1 2 3 1 2 1 2 3 3 3 3 1 2 3 1 5 4 5 4 6 4 4 6 6 5 5 6 6 6 4 4 5 5 4 5 6 6 6 5 4 6 6 6 6 6 5 5 4 4 6 4 6 4 6 6 4 6 6 4 5 6 4 6 6 6 4 5 4 6 5 4 5 6 6 4 5 4 5 4 5 4 6 10 9 7 7 8 8 9 7
3 2 3 2 1 3 2 2 2 1 1 1 1 1 3 1 3 2 3 2 3 2 1 2 1 1 2 2 2 1 1 1 2 3 3 3 1 2 3 2 3 2 2 3 3 3 1 2 2 2 1 3 1 3 1 1 2 1 1 3 2 3 2 2 2 2 2 3 2 1 3 2 1 1 1 3 2 1 1 3 2 2 1 1 1 1 1 3 3 2 3 2 1 3 2 2 2 1 3 2 3 3 1 1 1 3 3 1 3 3 1 1 2 1 3 1 2 1 1 2 3 2 2 1 1 2 6 6 6 5 5 6 4 6 6 5 6 5 4 5 6 6 6 5 6 5 6 6 4 5 5 4 5 6 6 6 4 5 6 5 4 5 6 6 5 4 5 6 4 5 4 5 4 5 5 4 6 5 6 4 5 5 4 6 5 6 6 5 6 6 5 5 4 9 7 9 8 9 10 7
2 1 1 3 3 3 2 1 3 2 3 2 2 2 1 3 3 3 2 3 1 2 2 1 2 1 2 3 1 1 2 1 1 2 3 3 3 2 3 1 1 3 2 1 3 1 1 1 1 3 3 3 1 1 2 3 3 2 2 1 1 3 3 1 3 1 1 2 2 3 3 1 2 1 3 3 1 3 2 1 1 1 3 3 3 3 3 3 2 3 3 2 1 1 2 1 3 2 2 2 3 3 1 2 2 3 2 3 1 3 1 3 2 3 1 1 3 3 3 1 1 2 1 2 3 1 2 6 6 4 4 4 6 6 5 5 4 5 6 6 6 4 4 4 5 4 6 6 5 4 6 4 6 4 6 4 4 6 6 6 6 6 5 6 5 6 4 5 4 4 4 6 5 5 4 5 5 4 6 4 6 5 6 6 4 6 5 4 6 4 6 6 4 6 9 10 7 7 9 9
3 1 2 2 1 3 3 1 1 2 2 3 1 1 2 3 2 1 1 1 2 1 1 1 3 3 3 1 1 3 2 2 2 2 2 3 2 3 3 1 2 3 2 3 1 1 3 2 1 3 1 2 2 2 3 2 1 2 3 3 3 1 2 1 3 1 1 3 2 2 3 2 2 3 2 1 2 2 3 3 1 2 2 1 2 1 3 1 3 2 2 2 1 3 3 3 2 3 3 3 2 2 3 3 1 2 3 1 1 2 2 3 3 1 3 1 3 2 3 2 2 2 1 1 1 3 1 2 5 4 5 5 4 5 6 6 6 6 5 4 4 6 5 5 4 4 6 4 4 5 5 5 4 5 6 5 4 6 4 6 6 6 4 6 5 4 6 4 5 6 6 6 5 6 5 6 6 5 5 5 5 6 5 4 5 6 6 5 4 6 6 6 5 5 5 8 9 7 9 8
2 2 1 2 3 3 3 1 1 1 1 2 2 3 3 2 3 1 1 3 3 2 3 2 2 1 3 1 1 1 1 2 1 1 3 3 1 1 1 1 2 1 2 1 1 1 1 2 1 3 2 3 1 2 1 3 3 3 1 3 1 2 2 3 2 3 2 1 2 1 1 3 1 1 3 2 3 2 3 1 3 2 1 2 3 3 1 3 2 3 3 3 2 3 2 1 1 1 3 3 2 3 1 1 2 3 2 1 2 2 1 1 3 2 2 3 2 3 3 2 3 3 1 2 1 1 3 1 3 4 6 5 4 6 5 4 6 5 4 4 5 4 4 6 6 6 4 4 4 4 4 4 4 5 6 5 6 4 5 6 6 6 4 6 6 6 4 4 4 5 4 4 4 5 5 6 6 6 6 4 4 5 5 4 5 5 6 4 5 4 6 4 4 4 4 5 7 8 10 10
3 2 1 1 3 3 2 2 2 2 1 1 1 2 1 2 3 2 1 2 3 1 1 1 3 1 2 3 3 2 2 2 1 3 2 3 2 3 3 2 3 3 1 2 1 1 3 2 2 2 3 1 1 2 2 3 3 1 2 3 1 2 3 1 3 2 2 3 3 1 2 3 1 1 2 2 1 1 3 2 1 2 3 1 2 3 2 3 1 1 3 3 1 2 2 3 1 1 1 1 1 2 2 1 2 1 3 1 1 2 3 1 1 3 1 2 3 1 1 2 2 2 1 1 2 3 3 3 1 1 4 4 5 4 5 6 6 5 4 6 6 6 5 5 5 4 6 4 6 4 6 5 4 6 5 5 6 5 5 4 4 5 4 5 6 4 6 6 5 4 4 6 4 6 4 6 6 5 5 4 5 5 6 6 4 4 4 4 6 6 5 5 6 4 4 4 4 10 7 7
3 3 2 1 2 1 3 3 1 3 2 2 1 3 1 1 3 3 3 1 3 1 1 1 2 1 3 3 1 2 1 3 2 2 1 1 1 1 1 2 3 2 3 2 1 1 2 2 1 3 3 1 2 3 1 2 3 2 3 3 2 1 2 2 3 3 3 3 1 3 3 2 3 3 1 1 2 3 1 1 1 2 1 1 2 2 1 2 2 1 1 1 1 1 2 3 3 1 2 1 1 1 3 3 2 1 2 3 2 1 1 3 3 1 3 2 3 1 2 2 1 2 3 1 2 1 1 2 1 1 1 4 6 4 6 4 5 4 4 4 5 5 5 5 5 6 5 5 6 5 6 5 4 6 5 4 6 4 5 5 4 6 4 4 4 4 4 5 4 5 6 5 5 6 5 4 6 4 5 6 6 5 5 5 4 6 5 4 4 4 5 6 6 5 5 6 6 6 9 8
3 2 3 2 2 2 1 2 3 2 3 2 2 1 2 1 3 3 3 3 3 3 2 1 2 2 3 1 1 3 1 2 3 1 1 1 3 2 2 3 2 1 2 2 2 2 2 2 3 3 2 2 2 1 3 2 3 2 1 3 1 1 2 1 1 3 1 3 1 3 1 1 1 3 3 2 3 2 3 3 2 3 2 2 3 2 3 1 2 3 1 2 2 1 2 3 3 1 2 3 2 2 1 1 3 1 3 1 3 1 3 2 1 1 2 1 2 3 2 3 2 3 2 1 1 1 1 3 1 3 3 1 4 4 4 5 6 4 4 6 6 5 4 4 5 6 6 5 6 5 4 5 5 6 6 6 5 4 4 4 5 4 6 6 5 6 4 6 4 4 5 5 4 5 6 4 5 4 6 5 5 4 6 5 5 5 4 4 4 4 5 5 5 5 5 6 6 5 4 10
2 2 1 1 3 2 2 1 2 1 1 1 1 2 2 3 2 3 1 1 1 1 2 1 1 2 3 3 3 2 3 1 3 2 1 3 3 1 2 1 3 3 1 1 1 2 1 3 2 3 2 3 1 3 2 3 2 1 1 3 1 2 1 1 2 3 2 1 2 3 3 2 2 3 2 1 3 1 3 3 3 2 3 1 3 1 2 2 2 3 2 2 2 1 3 1 3 2 2 1 2 2 2 1 1 1 2 3 3 2 1 1 2 2 1 3 1 3 3 3 1 3 2 2 2 1 3 1 3 2 2 2 3 6 5 5 4 6 6 4 4 5 6 4 5 4 4 5 4 6 4 5 4 6 6 6 4 6 6 6 6 4 5 4 6 5 6 5 4 4 6 5 4 4 5 6 5 6 4 5 5 5 6 6 4 4 5 4 6 4 4 4 4 4 4 6 5 4 4 6
5 1 1 2 1 2 3 3 3 2 2 3 2 1 3 1 3 1 1 2 1 3 2 3 3 1 3 1 1 2 3 2 3 3 2 2 1 3 1 3 1 3 2 2 2 3 1 2 3 2 3 3 2 3 2 3 3 2 2 1 1 3 3 3 3 1 1 1 1 3 3 2 1 3 2 3 2 3 2 1 2 2 2 1 3 1 3 2 3 1 2 3 1 1 1 2 2 2 1 2 1 1 3 1 3 2 1 1 1 2 2 2 1 3 2 1 2 2 1 2 1 1 1 1 1 3 1 2 2 1 1 2 1 2 5 6 6 5 6 6 4 4 6 5 6 6 4 4 4 4 5 5 6 6 4 6 5 6 5 5 4 5 6 6 6 4 5 4 5 5 4 5 5 6 6 6 6 4 4 5 5 6 5 5 4 4 5 6 6 5 4 6 6 5 4 5 6 6 4 4
5 4 1 3 2 2 2 3 3 1 1 3 2 3 1 1 1 3 3 1 1 2 3 2 1 1 1 1 2 3 3 1 1 3 3 2 3 3 2 1 2 2 2 1 2 2 3 1 1 3 2 3 2 2 1 3 1 2 1 1 1 3 3 2 3 2 2 3 3 3 2 1 2 2 2 3 1 3 1 2 3 3 3 1 2 3 2 1 2 1 3 1 3 3 2 3 2 1 3 3 2 3 2 3 2 1 1 1 3 2 3 2 3 2 3 3 1 2 3 1 1 2 1 1 3 1 2 1 3 1 2 3 1 1 2 5 5 4 5 4 4 4 5 5 4 5 5 4 6 6 5 5 5 6 6 6 6 6 4 5 4 4 4 4 4 6 6 4 5 6 6 5 4 5 5 5 5 5 4 5 6 5 5 4 6 5 5 5 6 5 6 4 6 4 5 5 4 4 6 4
6 4 6 3 1 1 3 1 1 3 1 1 3 1 2 1 2 2 3 1 2 2 2 1 3 1 3 2 2 3 2 1 2 3 2 3 2 1 1 2 1 3 1 2 3 2 1 2 2 2 1 1 1 3 1 3 1 1 2 1 3 1 1 1 2 2 3 1 2 2 3 1 1 1 1 1 3 3 2 1 2 2 1 2 3 3 1 1 2 1 3 1 2 1 3 1 3 3 2 2 3 3 2 2 2 2 1 1 1 1 3 3 1 3 1 3 3 1 3 2 2 3 3 1 1 3 3 1 2 1 3 3 3 3 1 2 5 4 5 5 4 6 6 5 5 6 4 5 6 4 5 5 6 5 4 6 4 6 5 5 5 6 4 6 6 6 4 6 6 6 6 5 5 5 5 4 6 6 5 4 6 5 4 5 5 6 6 6 6 6 5 4 5 4 6 5 5 5 4 5
4 5 5 4 2 2 2 1 1 1 1 2 1 2 3 1 3 3 1 1 2 3 1 2 3 2 1 3 2 1 1 1 1 3 1 2 1 2 3 1 1 1 1 3 3 3 2 1 2 3 2 1 1 3 2 3 2 2 3 2 3 3 3 2 3 1 3 2 2 1 2 1 2 3 2 1 1 3 3 2 3 1 1 1 2 3 3 1 2 2 3 2 2 3 3 1 1 2 1 3 2 1 2 2 3 1 3 2 2 3 1 1 2 3 1 1 2 1 1 2 2 2 1 3 2 2 2 2 2 1 2 1 3 3 2 3 1 6 4 5 5 6 5 6 5 6 4 4 4 6 6 6 5 4 4 6 4 6 5 4 6 5 6 6 4 5 6 4 4 4 5 5 5 4 4 6 6 5 4 4 5 4 4 5 5 6 4 4 4 6 6 4 4 6 5 4 6 6 4 5
6 5 5 5 6 3 2 1 2 1 2 1 2 1 1 2 2 1 2 1 1 2 3 2 1 2 1 2 1 1 3 3 3 1 2 3 3 1 1 1 2 1 3 3 3 1 1 3 1 2 2 1 1 1 2 3 1 3 2 3 3 2 2 3 2 3 1 1 3 3 3 2 3 1 3 2 3 3 3 1 1 1 2 3 2 2 3 2 1 2 1 3 3 1 3 2 3 2 1 1 1 2 1 1 3 3 3 1 3 3 3 1 3 1 1 1 1 3 2 2 3 3 2 1 1 3 2 1 3 3 2 2 2 1 3 2 1 1 6 5 5 5 4 4 4 4 5 4 4 4 4 4 6 6 4 5 5 6 6 5 6 6 6 4 6 4 5 4 6 6 5 4 6 6 5 5 6 4 5 4 6 6 4 5 5 4 4 6 6 5 6 6 4 6 5 6 4 4 4 4
4 5 6 4 4 4 2 3 2 2 1 1 2 3 2 2 2 3 3 2 2 3 2 2 3 1 2 2 1 3 2 3 1 1 2 1 1 1 2 2 1 3 1 3 1 2 1 3 2 1 1 1 2 3 1 1 3 2 2 3 1 3 2 1 3 3 3 2 3 1 3 2 3 2 2 1 2 3 2 2 2 2 2 1 2 1 2 1 3 1 3 3 2 2 1 1 3 3 2 3 3 1 1 3 3 3 3 3 3 1 1 1 2 3 2 1 3 3 2 1 1 1 1 3 3 2 2 3 3 1 2 3 2 2 3 2 1 3 1 4 6 6 4 4 6 4 5 6 5 6 4 5 5 4 5 6 5 6 6 4 4 4 5 4 6 4 5 4 4 6 4 5 6 6 5 6 6 5 6 4 6 6 5 4 4 5 5 4 4 6 6 4 5 6 6 6 4 4 4 6
6 6 4 5 4 5 6 1 1 1 2 3 1 2 1 2 3 1 2 1 2 2 1 1 2 1 1 2 3 3 3 1 1 2 2 3 1 3 2 3 3 3 2 1 1 3 3 2 3 2 2 3 2 1 2 3 2 1 3 1 1 3 3 3 2 2 3 3 2 2 3 3 3 1 3 1 3 2 1 3 2 2 1 2 3 3 1 1 1 3 1 1 2 2 2 2 1 3 2 1 2 3 3 3 2 2 1 2 1 2 1 1 1 3 2 1 2 1 2 2 1 3 2 1 3 2 3 1 2 3 1 2 1 2 1 3 3 2 3 2 5 5 6 4 4 4 5 4 5 5 6 6 4 4 4 5 6 6 6 5 5 5 5 4 5 4 4 5 5 5 5 6 5 5 6 4 5 5 5 4 4 4 5 5 6 5 5 6 6 5 4 6 5 4 5 4 6 6 5 6
6 4 5 6 4 6 5 6 3 1 2 2 3 3 2 2 3 2 2 1 2 3 2 3 2 2 2 3 2 3 3 2 2 3 3 1 2 2 3 3 2 3 2 2 1 3 1 2 1 2 1 3 2 3 1 1 2 3 3 1 2 2 1 2 2 2 3 3 1 2 2 2 2 2 3 1 2 2 1 2 2 1 2 2 1 3 2 3 2 2 1 3 3 3 1 2 2 1 1 3 2 2 1 2 2 1 2 1 2 3 1 2 1 3 1 2 3 3 3 3 2 3 1 3 1 3 3 3 2 3 1 3 1 3 3 3 2 1 2 3 2 5 4 5 4 4 6 4 6 5 4 6 6 4 6 4 4 4 6 6 5 6 5 5 5 6 5 5 4 6 5 4 4 5 5 6 6 5 5 4 6 5 6 5 6 5 6 6 5 5 4 6 6 5 5 4 5 5 4 5
6 6 6 5 4 6 4 5 5 2 3 1 3 3 1 3 3 1 3 1 1 2 1 2 2 2 3 1 1 3 3 2 2 2 1 3 3 3 1 3 3 2 3 3 3 2 3 3 2 1 1 3 1 2 2 1 2 2 3 1 2 3 2 2 2 2 2 2 1 2 2 1 2 3 2 2 1 3 3 3 3 1 2 3 2 3 3 3 3 2 3 2 1 2 3 1 3 2 3 1 2 2 2 1 2 3 1 2 2 1 3 2 1 1 1 1 3 3 2 1 3 1 2 2 2 1 1 3 1 3 3 3 1 3 1 3 3 3 2 3 2 2 4 4 5 4 4 6 6 5 4 4 5 4 6 4 6 5 6 4 6 6 6 4 6 6 5 5 5 4 6 4 5 6 5 5 4 4 5 4 4 5 6 5 6 5 5 6 5 6 4 4 6 6 6 4 4 6 4 6
6 4 5 6 6 4 5 5 6 6 3 1 3 2 3 3 3 1 3 3 3 1 1 3 1 1 2 2 3 3 1 2 3 1 1 1 3 1 3 2 2 3 1 1 1 3 2 3 2 2 3 1 2 1 1 2 2 3 2 1 3 3 1 1 1 2 3 2 1 3 1 3 3 1 1 1 2 3 2 2 1 2 1 3 2 3 2 2 3 1 3 3 3 3 1 3 2 3 2 1 3 1 1 1 2 2 3 1 2 3 2 3 2 2 3 2 2 2 1 2 3 3 1 1 2 1 3 3 3 2 3 2 2 1 3 1 1 3 1 1 1 1 3 4 6 5 6 5 5 5 6 4 4 6 6 6 5 4 4 4 6 5 5 4 5 4 5 4 5 5 4 5 4 5 4 4 5 6 4 6 6 5 6 4 4 6 4 5 5 6 5 6 4 6 4 6 6 6 4 6
4 5 6 4 6 4 6 5 4 4 5 3 2 2 1 2 3 1 2 1 3 1 1 3 2 3 1 1 2 1 2 3 2 1 1 3 3 1 3 3 3 2 1 3 1 1 2 2 3 1 1 3 1 3 3 2 3 2 2 2 1 2 1 3 3 2 2 1 1 3 3 1 1 3 2 3 2 2 2 2 3 1 3 3 1 2 1 1 2 1 2 2 1 1 2 3 3 1 1 3 3 1 1 1 2 3 3 2 3 3 3 3 1 3 2 2 2 3 3 2 2 2 3 1 2 2 3 1 1 1 2 1 3 1 1 3 1 3 1 3 3 2 2 1 6 5 6 6 6 6 4 4 5 5 5 5 4 5 5 6 4 4 5 4 5 4 4 4 4 4 5 5 4 4 5 4 5 4 6 6 5 5 6 4 4 4 5 4 5 4 5 4 5 4 6 5 6 4 4 5
5 6 5 4 6 4 4 5 5 6 4 4 3 1 1 2 3 2 3 1 1 3 3 1 3 2 3 3 3 3 2 1 3 1 3 2 1 2 1 3 1 2 1 1 1 3 2 2 2 1 3 1 2 2 2 1 3 2 1 1 3 3 3 2 3 3 2 2 2 2 2 2 3 3 1 2 1 1 2 2 2 3 3 1 2 2 3 2 3 1 3 2 1 2 2 3 2 3 1 2 1 2 1 2 1 1 3 1 3 1 1 2 2 1 1 2 1 2 1 2 1 2 3 1 1 1 1 2 1 1 2 1 2 3 1 3 1 2 3 3 3 1 1 1 3 4 4 4 5 6 4 4 6 4 4 5 5 4 4 6 6 6 4 5 4 5 6 6 6 5 4 4 4 6 6 6 6 5 4 6 6 5 5 5 4 4 6 6 4 6 5 4 6 6 5 5 4 6 6 5
6 5 6 4 4 6 5 4 4 6 5 4 5 3 3 1 2 3 2 3 1 1 3 3 1 3 3 1 1 2 2 1 3 3 3 1 2 2 2 1 2 2 3 2 3 3 1 3 2 1 3 2 1 2 2 3 3 3 3 1 3 3 3 3 3 3 3 1 1 2 2 1 3 2 1 2 3 1 2 2 2 3 3 3 3 1 3 3 1 1 1 2 3 1 2 3 2 3 2 3 3 3 2 2 2 3 2 1 1 1 1 2 2 1 2 1 1 1 2 1 3 1 1 3 2 2 2 3 3 2 3 1 1 1 3 1 3 1 1 2 3 2 3 1 3 3 5 4 4 5 6 5 5 6 4 4 6 5 6 4 4 4 5 6 5 6 5 6 5 4 4 6 4 4 5 4 5 6 4 6 6 6 5 4 5 6 5 5 6 4 5 5 5 4 6 5 5 4 6 4
5 6 4 6 4 5 4 6 5 6 6 6 6 4 3 3 1 1 3 1 1 3 3 1 2 1 3 3 2 2 3 2 1 2 1 1 3 2 2 2 3 2 2 3 1 1 3 2 1 2 3 1 3 1 1 2 3 2 3 3 3 2 1 3 3 3 3 3 3 3 1 1 1 2 2 1 1 1 2 1 2 2 2 1 3 1 3 1 2 1 2 1 1 2 2 1 1 2 2 3 2 1 1 2 3 2 3 2 1 2 3 3 1 3 2 3 3 2 1 2 1 3 2 3 1 1 3 1 1 1 3 1 2 2 3 3 3 1 2 3 2 2 3 2 2 2 2 6 5 6 6 5 6 4 6 5 4 6 5 6 4 4 6 5 5 5 6 6 5 4 5 6 4 5 6 6 4 5 5 5 5 4 4 4 5 5 6 6 6 5 6 6 6 5 4 4 5 4 5 4
6 5 5 5 5 6 6 6 4 5 4 4 5 5 5 2 1 2 2 1 3 3 3 1 3 2 3 2 1 1 2 3 3 1 3 1 1 2 2 1 1 3 3 1 1 1 2 2 3 3 3 2 2 2 1 3 1 3 1 1 2 3 1 2 1 1 3 2 1 2 1 2 1 3 1 1 1 2 2 2 1 1 2 2 3 2 3 3 2 1 1 2 1 3 2 3 2 2 2 2 2 1 1 3 1 2 1 2 1 3 2 1 1 2 2 2 1 2 3 2 2 3 3 3 2 1 1 3 3 2 1 3 2 1 2 2 1 1 1 3 2 2 3 3 1 3 3 3 5 4 6 5 4 5 6 4 6 4 5 5 4 6 4 5 4 5 4 6 6 5 4 6 4 6 6 4 4 4 4 4 4 4 5 4 5 6 5 5 5 4 4 6 4 4 4 4 6 4 5 5
5 5 5 6 5 5 6 4 6 5 6 5 5 5 5 6 3 2 1 3 3 1 2 1 3 1 3 3 3 1 2 3 2 1 3 3 2 3 3 2 3 2 3 1 1 3 3 1 1 1 3 1 2 1 2 2 1 2 2 2 1 3 1 1 3 2 3 3 2 2 2 1 2 3 3 2 2 2 2 3 1 1 2 1 3 1 2 1 2 1 2 1 3 2 1 3 3 3 2 1 2 2 1 1 1 3 1 2 3 2 2 2 3 2 2 2 2 3 3 3 2 2 1 1 3 1 2 2 1 2 1 2 1 3 2 1 3 3 1 2 2 2 2 2 1 1 2 2 2 4 4 5 6 4 6 6 5 4 4 5 5 5 6 5 4 6 4 6 4 4 6 4 5 6 4 6 4 5 6 4 6 4 6 5 6 4 6 4 6 6 6 6 5 5 5 5 6 5 5 5
5 5 4 6 6 6 4 6 6 6 6 4 4 5 6 6 4 3 2 1 3 2 2 1 3 1 1 1 2 3 3 2 1 3 3 2 2 3 2 2 1 3 1 1 1 3 1 3 1 1 2 3 1 3 1 3 1 1 2 1 1 1 3 3 3 3 3 2 2 3 3 3 3 2 1 2 1 1 3 1 2 1 2 1 3 3 2 1 3 1 1 1 2 1 2 1 1 3 1 1 2 3 3 1 3 2 1 3 1 2 1 1 3 2 1 1 3 1 3 3 2 1 2 2 3 2 3 3 3 1 3 1 3 2 1 1 2 2 2 1 3 1 2 1 1 1 1 1 2 2 4 6 6 4 6 5 5 4 4 6 4 6 4 6 6 6 6 6 5 6 6 6 4 4 4 5 5 6 4 6 6 5 6 5 4 5 4 6 6 5 6 6 5 6 6 6 6 5 5 6
5 6 5 6 5 6 6 6 6 4 6 6 5 6 6 5 4 5 3 1 3 1 1 2 1 2 1 2 3 2 1 2 2 1 2 1 1 1 2 2 3 3 3 1 2 2 2 2 3 1 3 3 1 1 2 1 1 2 1 3 2 3 1 2 3 3 3 1 2 2 2 1 3 2 2 2 2 1 2 1 2 1 1 1 2 3 1 3 2 3 3 3 3 2 2 1 2 3 2 3 1 1 2 1 3 2 1 2 3 1 1 1 2 3 1 2 3 1 1 1 2 2 1 1 2 3 1 1 3 2 3 1 1 2 3 3 3 3 3 2 2 2 2 3 2 3 1 3 3 2 3 4 4 5 4 6 6 5 6 5 5 5 4 4 6 5 6 4 4 4 5 6 4 6 4 6 4 4 6 4 4 5 5 6 5 6 6 4 4 6 6 5 6 5 4 5 4 4 5 6
4 6 4 5 4 6 4 5 4 4 4 6 4 4 6 4 4 5 5 2 2 1 1 1 3 1 3 3 1 3 3 1 1 1 1 2 1 3 3 2 2 2 1 1 2 3 1 2 2 3 1 3 2 1 3 2 2 3 2 3 2 3 1 1 3 3 1 2 3 2 3 1 1 1 3 2 2 2 1 2 3 3 1 2 3 2 3 3 2 3 3 2 1 2 2 2 1 3 3 2 1 3 3 3 2 2 3 1 1 3 3 2 2 2 1 2 2 1 2 3 2 2 3 2 2 1 2 1 1 2 3 2 3 3 1 3 2 3 3 1 2 3 1 3 3 2 3 1 3 1 1 3 6 4 4 5 6 4 4 5 4 5 6 6 4 5 4 4 4 5 5 4 4 5 4 5 5 6 4 6 6 5 5 5 4 6 6 6 4 4 4 5 5 6 5 6 5 5 4 4
4 4 4 5 5 4 5 6 5 5 5 6 5 5 4 6 4 6 5 5 2 1 3 1 1 3 3 3 1 3 1 2 2 3 1 3 3 1 3 3 2 2 2 3 2 3 1 1 1 1 2 1 2 3 1 3 1 2 3 3 1 3 3 1 3 1 3 3 2 2 1 1 2 1 2 3 2 2 1 3 1 3 2 2 3 3 1 2 3 1 3 3 2 3 3 2 2 1 1 3 3 1 1 2 3 3 3 3 3 1 3 2 1 1 2 3 3 3 3 2 3 1 2 2 3 3 2 3 1 3 1 2 2 1 2 1 3 3 3 3 1 1 2 1 3 3 3 3 3 3 3 1 2 6 4 4 5 6 6 4 5 4 5 6 4 5 4 4 6 6 4 4 5 6 4 6 6 4 5 4 6 5 4 5 6 5 6 6 4 5 5 4 6 5 6 6 4 5 4 4
4 6 6 4 5 5 5 5 5 4 4 5 5 4 5 6 4 4 4 4 6 2 1 3 3 2 2 3 2 1 1 3 3 3 3 1 1 1 3 1 3 2 3 1 3 3 2 3 1 1 2 1 2 1 2 3 3 3 2 2 3 3 3 3 3 2 2 1 2 2 1 3 1 2 1 1 1 1 1 3 3 1 3 2 1 1 1 1 2 1 1 3 2 3 2 2 1 3 3 3 1 3 1 1 3 3 1 3 1 2 2 1 3 3 1 3 3 2 2 2 3 1 3 2 3 3 2 3 2 1 3 2 2 2 3 3 1 1 2 1 1 3 2 3 2 2 3 2 1 1 3 1 2 1 6 6 5 4 5 5 6 6 4 4 4 5 5 6 6 4 5 5 5 4 5 5 4 6 5 5 4 4 4 6 4 4 4 5 6 5 6 5 6 6 5 6 6 5 4 6
4 6 4 5 6 4 5 6 5 5 6 4 5 5 6 6 5 5 5 6 5 5 2 1 1 3 3 3 3 1 3 1 3 2 2 2 2 1 3 2 3 1 2 1 1 2 3 2 3 3 2 3 2 1 1 1 2 3 3 2 2 2 1 2 1 1 3 1 2 3 2 2 3 2 2 1 3 1 3 2 3 2 2 3 3 1 3 3 1 2 1 3 1 3 3 2 2 2 3 1 3 2 1 2 1 2 3 1 1 1 2 1 2 2 1 3 2 3 3 1 2 3 1 1 3 3 3 2 2 2 2 1 1 3 1 1 2 2 2 3 3 1 3 2 3 1 1 3 3 1 1 3 3 1 3 4 4 4 4 4 4 4 5 4 4 5 5 6 6 6 4 5 4 4 6 4 6 4 5 4 4 4 4 6 5 6 4 6 5 4 4 6 4 6 5 5 6 6 4 4
4 5 5 5 4 6 6 5 5 4 4 6 4 6 6 5 4 6 6 6 6 5 4 1 3 2 3 3 2 3 3 2 3 3 1 3 1 3 1 3 3 3 1 3 1 3 1 3 1 1 3 3 1 2 1 3 2 3 3 3 1 1 3 2 3 3 1 3 2 1 2 1 1 1 1 3 1 1 2 2 2 2 3 1 1 2 3 1 3 1 3 1 3 2 3 3 3 2 1 2 2 3 3 2 1 3 1 1 2 3 1 3 1 1 1 1 3 3 2 1 3 2 3 1 2 1 3 3 3 3 1 2 3 3 2 3 1 2 2 1 3 3 3 2 3 2 2 1 3 2 2 3 3 2 1 1 6 4 4 6 4 4 5 5 4 4 5 4 6 6 5 6 4 4 5 4 6 5 4 4 6 5 6 4 4 5 5 4 5 5 4 4 4 6 4 4 4 6 6 4
5 4 6 5 4 5 4 4 5 4 4 6 4 6 5 5 5 5 4 5 4 4 4 4 3 2 1 1 1 3 3 3 1 2 3 1 3 2 1 2 1 1 3 2 2 3 2 3 1 2 3 3 1 3 2 2 1 3 2 2 1 1 3 1 3 3 3 1 3 1 2 1 3 1 3 2 3 3 2 1 1 1 1 2 3 3 1 1 1 2 2 1 3 3 1 3 1 1 1 3 2 1 1 1 3 2 2 1 3 3 2 3 3 1 3 1 1 3 3 1 3 3 1 1 3 3 2 2 3 1 1 3 1 3 3 2 3 2 2 3 2 3 3 3 2 1 3 3 2 2 3 2 2 3 1 2 2 5 4 6 4 6 5 4 5 4 5 6 4 5 5 5 6 4 4 4 6 5 6 5 6 4 4 5 4 4 4 6 6 6 4 5 6 4 5 4 4 5 4 6
5 4 6 6 5 6 4 6 4 5 4 6 6 6 4 6 5 5 6 5 6 5 6 6 5 1 2 1 1 1 2 3 1 3 3 1 1 3 3 2 2 1 2 3 2 1 3 3 3 2 1 1 3 2 3 1 3 2 2 3 2 3 1 3 2 1 1 3 1 1 1 2 3 3 1 1 3 3 3 1 3 2 3 3 3 2 2 1 2 1 3 2 1 1 3 3 1 1 1 3 1 2 1 2 2 1 3 1 1 3 2 3 1 2 1 2 2 3 1 1 3 1 1 2 1 1 2 1 3 3 2 1 3 3 2 3 3 2 2 3 1 2 2 2 3 2 3 2 3 3 1 3 2 1 1 1 2 3 5 6 5 4 5 5 5 5 5 4 6 4 6 6 6 4 5 6 4 6 6 4 5 5 6 5 4 6 5 5 5 4 4 5 4 5 4 6 5 6 5 6
6 4 5 6 4 6 6 6 6 6 6 6 4 6 4 4 4 6 5 5 6 4 6 5 6 6 2 1 1 2 2 2 2 2 2 2 1 2 2 1 2 1 1 3 3 1 1 2 1 3 3 3 2 2 1 2 1 3 2 1 3 2 3 2 1 2 2 2 1 3 2 3 2 2 3 2 2 3 3 1 2 1 3 2 3 1 1 1 1 3 1 1 2 1 2 3 2 3 2 3 2 2 3 1 2 1 3 1 2 1 2 2 2 2 2 3 2 1 3 2 3 1 1 3 3 1 2 1 2 2 3 2 1 2 3 3 1 1 3 3 3 2 1 3 1 2 2 3 3 2 2 1 2 2 2 1 2 2 1 4 5 6 5 4 6 5 6 4 4 5 4 4 5 4 4 5 6 6 5 6 6 6 6 5 6 6 4 4 6 6 6 6 6 6 5 6 4 4 4 5
5 5 6 6 4 4 5 6 4 4 5 4 4 6 6 5 6 5 6 4 4 4 5 5 5 4 6 2 3 3 2 2 3 2 1 1 1 3 2 1 3 1 2 2 2 1 2 3 2 2 3 2 3 3 1 2 3 3 3 2 1 1 3 3 1 1 1 1 1 1 2 2 1 3 3 1 2 1 1 1 1 3 3 1 3 2 1 1 2 3 3 2 3 1 2 2 2 3 2 2 1 3 3 2 1 1 3 1 1 2 3 3 3 2 2 1 1 3 3 3 3 3 3 2 2 3 3 2 2 2 3 3 1 2 3 2 2 3 1 3 1 3 1 3 3 3 1 3 3 2 1 1 2 3 1 2 2 1 3 1 5 5 5 5 4 5 4 5 4 5 4 4 4 6 5 5 4 5 4 5 6 5 4 6 5 5 5 5 4 6 6 5 6 5 4 5 5 5 6 5
5 5 5 5 4 4 5 6 4 6 5 5 4 5 5 5 6 5 5 5 6 5 5 6 6 5 6 6 3 2 3 2 2 1 1 2 3 1 2 1 1 1 2 2 1 3 3 2 3 2 2 2 3 3 1 1 3 1 3 3 3 1 3 3 1 2 2 3 3 2 2 3 1 2 2 3 3 2 3 2 3 3 1 3 3 1 2 1 1 2 1 3 2 3 3 3 1 2 1 3 2 1 3 1 3 1 3 3 2 2 2 3 1 3 2 1 2 2 3 3 3 2 1 3 2 1 1 3 2 1 1 3 2 1 2 2 3 2 1 2 2 2 1 1 1 3 1 3 2 1 2 3 1 3 1 3 3 2 1 3 1 4 4 6 5 6 4 5 4 5 5 4 4 4 5 4 6 5 4 5 6 6 4 4 6 4 4 5 5 5 4 4 4 6 5 4 6 5 5 6
6 4 5 6 6 6 5 4 4 5 6 5 4 4 4 4 5 6 5 6 6 4 6 5 4 5 5 4 6 1 2 3 1 1 3 3 2 2 2 1 2 2 1 2 2 2 2 2 1 2 2 2 3 1 2 2 1 1 2 2 2 2 1 2 1 1 1 2 1 2 2 3 1 1 1 1 1 2 2 1 1 1 2 2 1 2 1 1 1 2 1 1 2 3 3 3 2 1 3 2 2 2 1 1 1 3 2 2 3 1 1 2 2 2 2 1 1 2 1 2 2 3 1 2 3 1 2 2 1 1 2 1 1 2 1 2 2 2 1 2 1 2 1 1 1 1 3 2 1 2 1 3 3 3 1 3 2 2 3 2 3 1 6 6 5 6 4 5 6 4 6 5 6 6 5 4 5 4 6 4 4 6 5 6 6 6 4 5 5 6 4 5 5 5 4 5 5 5 4 5
4 4 6 5 4 4 5 6 5 6 6 6 6 4 5 5 5 4 4 5 6 5 6 6 6 5 4 5 4 6 3 1 2 2 3 1 3 1 3 2 2 3 2 2 3 2 2 1 2 2 2 3 3 3 2 1 3 1 1 3 1 3 3 3 3 2 1 2 1 3 2 3 3 1 3 2 2 3 1 3 3 2 2 3 2 2 3 1 3 1 1 1 3 3 1 2 1 1 1 1 1 1 3 2 2 3 2 3 1 1 1 1 1 3 2 3 2 1 2 3 1 3 1 2 3 1 2 3 1 2 1 3 1 1 1 2 2 2 2 1 2 2 2 1 3 2 1 3 1 2 1 1 1 3 1 2 3 2 3 1 3 2 1 4 6 6 4 5 5 5 5 6 5 6 6 4 6 6 5 4 5 4 4 6 4 5 4 4 5 4 6 6 5 5 4 4 5 4 4 5
5 5 5 4 5 5 4 6 6 4 6 4 6 5 5 4 4 6 4 4 6 6 6 6 6 5 6 5 4 6 4 3 2 2 2 1 2 2 1 1 3 2 1 3 3 1 3 2 3 2 3 2 3 3 3 2 1 3 2 3 2 2 1 2 2 1 2 3 1 2 2 3 1 2 3 2 2 2 3 3 3 2 1 2 3 3 3 1 1 2 3 3 1 2 2 2 1 1 2 3 2 2 1 1 1 2 3 2 2 3 2 3 2 1 1 3 2 3 1 2 3 1 3 3 1 1 1 1 1 3 1 3 1 1 3 1 1 2 3 3 1 2 3 2 2 2 2 1 2 3 3 1 3 3 3 2 3 1 1 2 3 1 2 2 4 4 4 4 6 5 5 5 4 6 5 5 5 6 4 6 6 5 5 4 4 6 4 4 4 6 4 6 6 4 6 6 6 5 6 6
6 5 5 5 4 6 4 6 6 5 6 6 5 4 4 6 6 5 5 6 5 5 6 4 5 6 4 5 4 4 5 4 2 3 1 1 1 1 3 1 2 2 1 1 1 3 1 2 2 1 1 1 2 2 2 3 3 1 1 1 2 3 2 3 2 2 1 3 1 1 2 3 1 2 2 2 1 3 3 1 1 2 3 3 1 1 2 2 3 1 1 1 2 2 2 3 3 3 2 1 2 1 3 2 1 2 2 2 3 3 3 1 1 3 2 3 3 1 1 3 3 2 1 1 1 3 3 1 2 2 2 2 3 1 1 1 1 1 1 3 2 2 2 2 3 3 3 3 1 2 1 2 1 3 3 3 1 2 3 2 2 1 1 3 2 5 5 6 4 6 5 4 5 6 5 6 6 6 4 4 5 4 6 4 5 6 6 5 4 5 6 6 5 6 6 4 4 4 5 4
5 6 5 4 5 6 6 4 6 5 5 6 5 6 6 6 6 6 5 4 4 4 5 5 6 4 6 6 4 6 4 4 4 2 2 1 2 3 3 2 1 2 3 2 1 3 3 1 2 2 2 1 2 2 2 3 1 1 3 2 3 1 3 3 3 3 2 1 2 2 2 1 3 1 2 2 2 1 1 2 3 2 1 2 1 1 1 1 1 1 3 1 3 1 3 2 3 2 2 1 3 3 1 3 1 1 1 3 1 3 2 3 1 3 2 1 3 3 2 1 3 2 3 1 3 3 2 3 2 2 2 1 2 3 2 3 1 3 3 1 1 2 3 1 2 3 2 3 3 2 3 1 2 3 3 2 1 1 2 2 2 3 2 1 3 3 6 5 4 4 4 4 4 5 6 5 6 6 5 5 6 5 4 5 6 5 5 5 6 5 4 6 6 4 6 5 4 4 6 6
4 6 4 6 5 6 5 5 4 4 5 6 6 5 6 4 5 5 4 5 4 6 5 6 6 5 5 5 4 5 4 6 4 5 1 3 1 1 2 3 2 2 3 1 1 2 3 2 1 1 1 1 3 3 1 3 3 2 2 1 1 2 2 1 2 3 1 3 3 3 1 3 1 1 1 2 2 2 3 2 2 1 1 3 2 3 2 2 3 1 1 1 3 1 3 1 3 2 3 2 1 2 3 1 3 3 1 1 3 1 1 2 3 3 3 2 1 3 2 2 3 2 2 3 3 3 1 3 2 2 2 1 2 1 3 2 2 3 3 2 3 1 2 1 3 2 1 1 2 1 1 1 2 1 2 1 2 2 1 3 2 1 2 3 2 3 3 4 4 4 6 5 4 5 4 5 4 4 5 5 6 5 4 6 5 6 5 5 4 6 4 5 4 6 4 6 4 5 5 4
5 4 4 4 4 4 5 6 5 4 4 6 5 5 5 4 5 4 5 6 6 6 5 4 4 6 6 5 6 5 5 4 4 6 4 1 2 1 2 2 3 2 1 2 3 3 3 2 1 2 2 2 2 3 2 3 2 1 3 3 3 1 1 2 3 3 1 2 1 2 1 1 1 2 3 3 1 2 3 2 1 3 3 1 3 3 3 2 2 2 2 2 2 2 2 3 2 3 1 2 3 1 2 3 3 2 3 2 3 2 1 2 3 1 1 2 2 2 1 1 3 1 1 2 2 3 3 3 3 1 1 3 3 3 3 1 1 1 3 3 1 3 2 1 3 1 2 3 3 2 2 2 3 2 1 1 3 1 2 3 3 1 3 1 3 3 3 1 6 5 5 5 5 6 4 4 5 5 6 5 5 4 4 5 5 5 5 6 6 6 5 6 5 5 5 6 5 4 5 5
6 6 5 5 6 5 5 6 6 6 6 5 5 6 6 4 6 6 5 6 5 6 6 5 5 6 4 4 6 5 4 5 4 5 6 5 2 3 3 1 2 1 2 3 1 3 2 2 1 1 3 1 2 2 1 3 2 2 1 1 2 1 1 3 3 2 3 3 1 3 2 2 2 3 1 2 2 1 1 2 1 3 1 2 1 2 3 3 1 1 3 1 1 2 1 3 1 3 2 3 1 2 2 1 2 3 3 3 1 1 2 2 3 2 2 3 2 1 1 2 2 3 3 2 2 3 2 2 1 1 3 2 1 3 1 3 1 3 3 1 1 2 2 3 1 1 2 2 1 2 1 3 2 2 2 1 2 1 1 2 1 2 1 2 1 2 3 2 3 5 6 4 5 4 5 4 5 6 6 5 4 4 5 4 6 6 6 5 4 5 6 5 5 6 4 5 5 4 6 6
5 5 6 6 5 4 4 4 5 5 5 5 6 4 6 5 4 5 5 5 6 4 4 5 6 4 5 4 6 4 4 4 4 4 5 6 4 3 3 2 1 2 1 2 1 2 2 2 3 2 1 2 3 1 1 1 3 2 2 1 2 2 2 1 1 1 2 2 2 3 2 2 3 3 1 2 1 2 2 1 1 1 2 2 3 1 1 3 2 2 2 1 3 3 3 1 1 2 1 3 3 1 3 1 3 1 2 3 2 2 2 2 2 1 3 1 3 3 2 3 2 3 1 1 3 3 1 1 3 1 1 3 3 1 2 2 1 2 1 1 3 2 3 2 3 2 2 1 3 3 3 2 1 1 1 3 3 1 2 2 3 1 2 1 3 1 3 2 1 1 5 4 5 4 4 4 4 6 4 6 4 6 6 4 6 5 6 5 5 4 4 6 6 5 5 4 4 4 6 4
5 5 4 6 4 4 4 6 4 5 6 4 6 5 5 4 4 4 6 6 6 4 6 4 5 4 6 4 4 6 6 6 5 4 4 5 5 6 1 2 2 1 3 3 1 2 3 1 3 2 3 3 1 2 2 1 3 1 1 3 2 2 1 3 1 1 1 1 3 1 3 3 3 3 2 3 1 2 1 1 1 2 1 3 3 3 3 2 2 1 1 3 2 2 2 1 3 2 3 1 3 1 1 2 3 3 3 1 2 2 3 1 2 2 1 1 1 1 1 1 1 1 3 2 3 2 2 2 1 1 1 1 1 2 1 1 1 3 1 3 1 2 1 1 2 1 1 3 3 2 2 2 2 2 1 2 3 3 2 3 3 1 3 3 1 1 3 3 3 1 3 5 5 4 5 4 4 4 6 6 4 6 4 5 5 6 5 5 5 5 5 4 5 5 6 6 6 6 5 4
4 4 6 6 5 4 4 4 4 4 6 5 6 5 4 4 4 6 4 4 5 5 5 6 5 6 4 4 5 4 5 6 4 5 4 4 4 5 4 3 1 3 2 2 2 1 2 1 3 3 2 1 2 2 3 3 1 1 3 3 2 2 3 2 1 3 2 1 3 3 3 1 2 1 1 2 3 2 2 3 3 2 1 2 2 2 1 3 3 2 3 3 3 3 2 3 2 2 3 1 1 2 2 1 3 1 3 2 3 3 3 3 3 3 1 1 2 2 1 3 1 2 3 3 3 3 3 3 1 2 2 1 2 3 1 2 2 2 3 3 1 3 1 2 1 2 3 2 2 3 3 1 1 1 1 2 3 3 3 2 1 1 3 3 1 1 1 3 2 2 1 1 6 6 6 4 5 6 4 6 6 5 6 4 5 6 4 6 6 4 4 4 4 5 4 4 4 4 5 5
4 4 4 4 4 6 5 6 4 5 6 6 6 6 6 4 5 5 5 5 5 4 5 6 6 5 4 6 4 4 6 5 6 6 5 5 4 4 5 5 3 3 2 2 1 3 3 3 1 3 1 2 2 3 2 2 3 2 3 1 1 1 3 3 2 3 3 3 2 2 3 1 1 1 2 1 1 1 1 1 2 2 2 3 2 3 2 3 1 3 1 3 2 2 3 1 1 3 2 1 2 1 3 3 2 3 3 2 3 1 2 3 1 3 2 3 1 3 3 1 3 2 3 2 2 3 3 2 2 2 3 2 3 2 3 2 1 2 2 3 1 3 2 1 3 1 3 2 2 3 3 3 1 3 1 2 1 2 3 3 1 2 3 1 2 3 2 2 3 2 1 2 1 6 4 6 6 6 6 6 6 6 6 5 4 6 6 6 6 4 5 4 6 6 4 4 5 4 4 6
6 5 5 4 4 6 6 6 5 4 4 5 4 5 6 5 6 4 6 5 6 4 5 4 5 5 5 4 4 4 6 4 4 6 4 4 5 4 4 4 4 3 2 1 3 3 3 1 2 1 2 3 1 2 2 1 1 3 3 3 1 3 3 1 2 2 1 3 1 1 3 2 3 1 3 3 3 3 1 1 2 2 2 2 1 1 2 3 1 3 2 1 1 3 1 2 2 2 2 3 2 2 3 2 3 3 3 2 2 1 3 3 1 1 2 2 3 2 1 3 1 3 1 3 1 1 3 1 3 1 1 3 1 1 2 1 3 3 2 2 2 3 3 3 2 3 3 3 1 3 3 3 1 2 3 2 3 2 3 2 2 3 2 1 3 2 2 2 2 3 1 3 2 3 5 6 4 5 6 6 5 6 5 4 5 4 5 4 5 4 5 4 5 6 4 4 4 5 5 5
5 6 4 4 4 5 4 5 6 4 4 5 4 4 5 5 4 5 5 4 5 4 4 5 5 5 4 4 4 6 6 6 6 5 6 5 6 6 6 6 5 4 1 2 1 1 2 2 3 3 2 1 3 2 2 2 3 2 1 1 2 2 1 2 3 1 3 2 3 1 2 1 2 2 3 2 3 1 1 1 1 1 3 3 1 2 2 2 3 3 1 3 2 3 2 3 2 3 1 1 3 2 3 3 3 2 3 3 3 2 2 2 2 3 2 2 2 1 2 3 3 1 1 2 2 3 3 2 1 1 2 2 2 1 2 2 2 1 1 2 3 3 2 3 3 2 1 1 1 1 1 2 3 1 1 1 1 3 3 2 3 2 1 1 2 1 2 1 2 2 1 3 2 2 3 5 6 6 4 5 4 4 4 6 6 5 5 6 5 4 4 6 4 4 5 5 5 5 6 4
5 5 6 6 6 5 6 5 5 6 5 4 4 6 6 4 4 5 6 6 4 5 4 5 6 6 5 6 6 5 6 5 5 5 6 6 5 4 5 6 4 5 5 1 3 2 2 1 3 3 2 1 2 1 2 2 2 2 2 2 2 2 3 2 2 2 1 3 1 2 1 2 1 2 2 2 1 2 2 3 3 1 2 3 3 2 1 2 3 3 2 2 2 3 2 2 1 2 3 3 1 1 1 2 2 2 2 1 1 1 3 1 1 3 1 3 2 3 1 1 3 1 3 2 3 3 1 2 1 3 1 3 2 2 2 2 1 3 2 3 2 3 1 1 3 2 1 1 2 3 1 1 2 3 1 1 1 2 2 2 2 1 3 1 3 2 2 2 1 1 2 2 1 3 1 2 5 4 6 4 5 4 6 6 4 4 6 6 5 5 6 5 5 4 6 6 5 6 5 5
4 4 5 4 4 5 5 6 5 6 5 4 6 6 5 6 6 5 6 4 5 4 4 5 4 4 4 4 5 5 5 4 4 4 5 5 5 6 4 6 4 6 4 6 2 2 2 2 3 2 1 2 1 2 2 1 1 3 2 2 2 1 2 1 2 3 2 1 2 2 3 2 3 1 3 3 2 2 3 1 1 2 1 1 1 2 2 3 1 2 1 1 2 3 2 3 1 3 1 3 2 2 2 1 1 1 3 3 1 2 2 3 3 2 2 2 1 2 2 3 1 1 1 2 2 2 1 2 1 3 2 2 1 3 3 1 3 1 1 2 2 2 1 3 2 2 2 3 3 3 3 1 1 2 1 3 2 2 3 2 3 2 1 1 3 2 1 3 2 3 1 1 3 3 3 1 2 6 5 6 6 6 5 4 4 5 4 4 5 6 4 6 4 4 4 5 6 5 6 6
5 5 4 6 4 6 4 5 4 5 4 6 4 6 6 4 5 5 4 5 6 6 4 6 5 4 5 4 6 5 6 4 5 5 5 4 4 5 6 4 5 5 4 4 4 1 3 2 1 3 3 2 3 3 2 3 2 3 1 2 3 3 3 1 2 2 3 3 2 3 2 1 1 1 1 2 3 2 2 1 3 2 1 3 3 3 3 3 1 2 2 2 2 1 1 2 2 3 2 2 3 1 1 1 1 2 3 1 2 1 2 3 1 2 3 2 1 2 2 3 2 3 2 2 3 1 1 3 2 1 1 3 2 2 3 3 2 1 1 2 1 3 3 1 2 2 2 2 2 2 3 3 2 1 2 2 2 2 2 3 2 3 2 1 1 3 2 2 3 3 2 3 2 3 1 1 2 1 5 6 6 5 5 4 6 6 6 6 5 4 6 6 5 6 6 4 6 4 6 6
6 5 5 6 5 4 6 5 5 5 4 4 4 4 6 5 4 6 6 4 4 4 4 5 4 5 5 4 4 4 6 6 4 4 6 6 4 6 4 4 6 6 6 4 6 6 3 2 2 2 3 3 1 2 2 3 2 1 3 3 2 2 1 1 2 2 1 3 2 1 3 3 3 2 2 2 2 3 1 2 2 1 3 2 1 3 1 3 3 3 1 3 2 3 2 1 2 2 1 1 3 2 2 1 2 2 2 1 1 1 2 2 2 2 3 1 2 2 2 3 2 3 2 2 3 2 3 1 3 1 1 3 3 1 3 1 1 3 1 3 3 2 1 1 1 1 2 3 2 2 3 1 3 1 3 3 3 1 3 2 2 1 2 1 2 3 2 2 1 3 3 2 3 2 1 1 2 2 2 6 5 4 6 6 6 5 4 5 4 4 5 5 6 5 4 4 5 4 4 5
4 4 4 6 5 5 4 4 6 4 4 6 5 6 5 6 5 6 6 5 5 4 5 6 6 5 4 5 6 5 6 4 4 5 5 4 4 4 5 5 6 4 5 6 5 5 4 1 2 2 3 2 3 3 3 3 3 2 2 1 3 3 3 3 1 1 3 3 1 3 2 2 3 2 2 2 3 3 3 2 1 3 3 3 1 1 2 3 2 3 3 1 1 2 1 1 1 3 1 3 3 2 2 2 3 2 3 2 2 1 2 2 2 3 2 3 2 2 1 2 1 1 2 3 1 3 1 1 1 2 1 2 2 3 2 3 2 2 2 1 3 3 3 2 1 2 3 2 3 3 2 2 1 3 1 2 3 3 1 2 3 2 2 2 3 1 3 1 1 3 1 2 1 1 3 1 2 2 1 1 5 5 6 6 5 4 6 5 5 6 5 4 4 5 5 4 5 6 5 5
6 4 4 4 4 5 6 4 5 4 6 4 6 5 6 5 4 4 4 5 5 4 4 5 4 4 4 6 5 4 6 6 4 5 5 5 5 4 6 6 6 4 4 6 5 4 4 5 2 1 1 1 1 1 1 1 2 2 2 2 1 2 1 2 2 2 1 2 1 3 3 1 2 1 3 2 1 3 3 3 2 1 3 2 1 1 3 1 3 3 2 1 2 2 3 3 2 2 3 3 1 2 2 2 1 2 3 1 1 1 3 1 2 1 2 1 3 2 1 1 1 3 2 3 1 2 1 2 3 3 2 3 3 2 2 1 3 2 3 1 3 2 2 2 1 2 1 3 1 1 2 1 1 3 1 2 2 2 3 1 1 1 3 3 3 2 2 1 3 2 1 1 3 1 3 3 3 2 2 2 1 5 5 4 6 5 4 4 4 4 4 4 6 6 4 6 6 6 5 5
5 5 4 4 5 5 6 5 6 5 4 5 4 5 6 5 4 4 5 4 6 6 6 5 4 4 6 4 6 4 5 5 6 4 6 4 5 6 4 6 4 6 6 6 6 5 4 6 4 2 2 1 3 3 3 1 2 3 3 1 3 3 3 2 3 2 2 1 1 3 2 3 2 2 2 3 3 3 3 2 3 3 3 1 3 1 1 3 1 2 2 3 3 2 1 2 3 1 3 2 1 3 1 2 3 3 2 3 1 3 2 1 3 3 3 2 3 2 2 2 3 3 3 2 2 3 2 2 3 3 2 1 2 1 2 2 2 3 3 2 2 3 1 3 1 1 1 3 1 1 2 2 3 1 3 1 2 3 1 1 2 3 1 3 3 2 3 3 1 3 1 3 3 1 1 1 3 1 3 3 2 3 5 6 4 5 5 5 6 5 5 6 6 5 6 6 5 4 5 4
4 5 5 5 6 4 6 5 5 5 4 5 5 5 6 6 5 6 4 6 5 5 4 4 4 5 6 6 5 6 4 5 6 6 4 6 5 5 5 6 6 4 6 4 6 5 5 5 4 4 1 3 2 1 2 1 1 2 3 1 2 3 2 3 2 3 1 3 1 2 1 1 3 2 3 3 3 3 3 3 1 1 1 1 1 2 1 1 2 1 3 1 2 3 2 1 3 1 3 2 2 2 1 3 3 2 1 3 3 1 3 1 2 3 2 1 1 3 1 2 3 3 3 3 1 1 3 1 1 3 2 3 2 1 2 1 2 3 2 3 3 2 2 2 2 1 3 1 3 2 2 1 3 1 2 1 3 2 2 3 3 3 1 1 1 1 1 3 3 2 3 3 2 3 2 1 1 3 2 2 2 1 3 4 5 4 4 5 6 5 6 4 4 6 5 5 6 5 6 6
5 6 4 6 4 6 6 6 6 5 6 6 4 5 5 6 5 5 4 6 6 4 4 5 5 4 6 6 6 5 5 6 4 4 5 5 4 6 5 5 5 6 6 5 6 4 6 5 5 6 4 3 1 2 1 2 2 2 1 3 2 3 3 3 2 3 3 1 2 3 3 1 2 1 2 1 3 2 3 2 1 1 1 2 1 3 1 2 1 1 2 3 1 3 3 1 2 2 2 3 2 1 3 2 1 1 1 1 1 2 1 2 1 2 2 3 3 1 1 2 3 1 2 1 1 1 2 2 3 3 3 3 2 3 1 1 3 2 3 3 2 3 1 2 2 3 1 2 3 2 1 2 2 3 3 1 2 1 3 3 1 3 1 2 2 3 2 2 2 3 1 1 2 1 2 2 1 3 3 1 1 3 2 3 5 4 5 5 4 4 4 4 4 6 5 4 6 5 6 6
5 6 5 5 6 5 4 6 4 4 4 6 5 6 4 4 5 6 4 5 4 5 5 6 4 5 4 5 4 6 6 6 5 4 5 4 6 5 5 6 6 6 4 6 5 5 4 4 4 4 4 6 3 1 2 2 1 2 1 3 3 2 2 1 3 1 2 3 3 2 3 2 2 1 2 1 3 3 1 1 2 2 1 1 2 3 2 1 1 1 1 1 1 3 2 1 2 3 2 1 2 1 1 3 3 1 1 1 1 1 2 2 2 3 3 2 1 3 2 1 1 2 3 2 2 2 1 1 3 3 1 3 3 1 3 2 2 1 1 2 3 1 2 2 3 2 3 2 3 2 1 3 2 1 1 2 1 2 3 2 1 1 3 1 1 1 1 3 1 1 2 1 2 3 1 2 3 1 3 3 1 2 3 2 2 5 6 5 4 4 5 5 4 6 6 4 6 4 6 6
5 4 6 5 6 5 5 6 5 4 5 6 6 6 6 5 5 5 6 6 4 4 6 5 5 5 4 5 5 4 5 6 5 5 6 6 4 6 4 5 6 4 5 5 6 6 6 4 6 5 5 5 6 2 1 1 3 3 1 1 1 3 1 2 3 1 3 2 1 2 2 2 1 2 1 2 3 3 2 1 1 3 1 2 2 3 1 1 3 3 3 1 3 3 2 1 3 2 3 2 3 1 3 1 1 3 2 2 1 3 1 3 2 2 2 1 2 1 3 1 1 1 3 3 2 3 1 1 2 1 1 3 2 1 1 3 3 2 1 3 3 3 2 3 1 3 1 2 3 2 1 2 3 2 1 2 1 3 3 3 3 1 1 2 2 1 3 2 1 1 3 1 1 3 1 1 2 1 2 2 1 3 1 1 3 1 5 4 4 5 5 5 4 6 4 4 5 6 5 4
6 6 6 6 5 4 6 5 5 5 6 6 6 4 4 5 4 5 6 6 6 5 5 6 4 4 5 4 6 6 6 6 5 6 6 6 4 6 5 5 4 4 6 6 5 6 4 6 5 4 4 5 5 5 3 1 1 1 2 1 3 2 2 2 3 1 2 2 2 2 2 1 2 1 2 2 2 3 2 2 3 3 3 3 3 3 2 1 2 2 2 3 1 2 3 3 1 3 2 1 3 1 1 2 2 1 1 1 1 1 2 2 3 2 3 3 3 2 1 3 1 3 3 3 1 2 2 3 3 3 3 1 3 3 2 3 1 2 1 2 1 2 1 1 2 3 1 3 2 2 2 2 3 2 1 2 2 2 1 1 2 1 3 1 3 1 2 2 3 3 1 1 3 3 1 1 1 2 3 3 3 3 3 1 3 2 1 5 6 4 6 6 4 5 6 5 4 5 4 4
4 4 6 6 4 5 4 5 5 4 6 5 6 5 5 4 5 4 5 6 6 5 6 5 5 4 5 4 6 5 5 5 6 5 6 6 5 4 5 5 5 4 6 4 4 6 5 5 5 6 4 5 4 4 6 1 1 3 2 3 3 2 2 2 2 3 1 1 3 3 1 3 1 2 1 2 1 2 2 2 3 1 2 2 1 1 3 2 2 2 1 3 2 1 1 2 1 1 1 2 3 3 2 1 3 1 1 1 1 3 3 3 2 2 1 2 1 2 1 2 3 3 1 2 3 3 3 1 2 1 3 2 2 2 3 2 3 3 3 1 1 3 3 3 3 3 2 3 3 3 2 1 2 3 3 2 2 2 3 1 3 3 1 3 1 3 3 1 1 2 2 2 2 2 1 3 1 1 2 2 2 1 3 1 2 1 1 1 6 5 5 4 6 5 6 5 6 4 5 5
5 4 4 5 6 4 5 4 6 6 4 6 6 4 6 6 5 4 4 5 6 5 4 5 4 5 4 5 6 4 5 6 5 5 4 4 4 6 4 6 5 6 5 5 4 4 4 4 4 5 4 6 5 6 5 4 3 2 2 2 1 1 1 1 2 3 3 2 1 2 3 2 3 2 3 3 2 2 3 3 3 1 2 1 3 1 2 3 3 3 3 3 1 3 3 1 1 2 2 2 2 2 1 1 2 2 3 1 1 2 1 1 1 2 1 3 1 2 2 2 2 1 2 1 3 1 1 1 2 1 3 1 1 1 2 1 3 1 2 2 2 2 2 1 2 1 2 2 1 1 2 3 1 3 1 1 3 2 2 3 1 1 3 3 1 2 3 3 1 2 3 2 1 2 2 2 1 2 1 2 2 3 2 3 1 3 1 1 1 6 4 4 5 4 4 6 6 5 6 4
5 4 5 6 5 6 6 5 5 4 5 5 5 6 6 6 4 6 4 6 4 4 4 5 6 4 5 6 6 4 4 5 6 4 6 4 5 4 5 5 6 6 6 6 4 4 6 6 5 5 4 6 6 5 5 4 6 2 2 3 3 2 3 1 1 1 2 3 2 3 2 2 1 3 1 3 3 1 1 2 1 1 2 3 1 3 3 2 3 1 2 1 2 3 2 3 1 3 2 3 3 2 2 3 3 2 2 1 3 3 3 1 3 2 1 3 2 2 3 3 2 2 3 3 1 3 3 1 3 3 3 1 3 2 3 3 3 1 3 3 3 3 1 3 1 1 2 1 2 1 1 3 2 3 2 2 2 1 1 1 1 2 1 1 2 1 3 2 1 1 3 1 1 3 2 2 2 2 2 1 2 1 2 1 3 2 2 1 1 2 4 5 6 6 6 5 5 5 5 5
4 4 5 5 6 6 4 6 6 6 5 4 6 4 4 6 4 4 5 5 5 5 6 5 4 5 5 6 6 5 5 5 4 6 5 5 6 4 6 6 6 5 4 6 5 4 4 5 5 5 4 5 4 6 6 4 6 4 1 1 3 1 1 3 2 3 2 1 1 3 1 2 1 2 2 2 2 3 2 2 1 3 3 1 3 1 2 1 2 2 3 3 3 3 2 3 3 3 1 3 3 2 3 2 1 1 2 2 1 1 3 3 2 3 2 2 2 1 1 3 1 3 2 3 2 2 2 2 3 1 2 3 1 3 3 3 1 3 1 3 3 1 3 1 1 3 2 1 1 3 1 2 3 3 1 3 2 2 1 2 1 1 1 2 1 1 3 1 3 3 3 3 3 3 3 3 3 2 3 3 1 1 3 2 2 3 3 1 2 3 1 5 4 6 5 6 5 5 5 6
5 5 5 4 4 4 6 6 6 5 5 6 5 5 4 5 5 5 5 4 4 5 5 6 5 5 4 6 6 6 4 4 4 5 5 4 5 6 4 5 6 6 6 5 5 5 5 5 6 5 5 4 4 5 6 5 4 6 6 1 1 2 3 2 1 3 2 2 2 2 2 2 2 3 2 3 1 1 2 2 2 3 3 3 2 2 1 2 1 3 2 1 1 1 3 1 3 2 1 2 1 3 3 2 2 3 3 1 2 1 3 2 3 1 1 1 2 2 1 3 2 1 3 1 2 1 1 1 1 1 3 2 1 3 1 1 3 1 2 3 3 1 3 2 1 2 1 1 2 3 3 3 3 3 1 3 2 3 2 2 2 3 1 2 3 1 3 2 1 2 1 2 3 1 1 3 1 3 3 3 1 2 1 2 2 1 1 2 1 1 2 3 5 6 6 5 6 5 5 5
5 5 4 4 6 6 6 6 5 6 6 6 6 6 6 6 6 4 5 6 4 5 6 5 5 4 5 6 6 6 6 6 4 4 4 5 6 5 6 5 4 6 4 6 6 4 4 6 4 5 6 6 6 6 4 4 5 5 4 4 1 2 1 1 3 2 2 1 1 2 1 2 2 1 2 1 3 2 2 1 1 2 3 2 2 2 3 3 2 1 1 2 3 2 2 1 1 1 2 2 2 3 3 1 2 3 3 1 1 1 1 3 2 2 1 3 3 3 3 3 1 1 3 2 3 3 3 3 3 1 1 3 2 3 3 2 1 2 2 3 3 3 3 1 3 3 1 1 2 1 2 2 1 1 2 2 2 3 3 3 1 3 3 2 3 2 1 2 2 3 1 2 3 2 3 2 2 3 1 3 1 3 1 3 3 3 2 3 1 2 3 2 3 5 5 4 4 6 4 5
5 4 4 5 6 6 6 6 5 6 4 5 6 5 5 4 5 5 6 4 4 4 5 4 6 6 4 5 5 6 5 5 6 6 6 4 6 5 6 4 6 6 4 5 4 4 5 5 6 4 6 4 5 4 4 6 6 5 6 4 6 2 3 2 3 3 1 2 3 1 3 3 1 1 3 3 3 2 3 1 2 2 2 2 2 3 1 1 3 3 2 1 3 1 1 1 3 3 3 1 2 2 1 3 3 1 2 1 1 2 3 2 2 2 3 3 2 3 1 2 1 1 1 3 1 2 3 3 2 1 2 3 2 3 2 1 2 3 2 2 2 1 3 3 1 2 1 3 1 1 3 2 1 1 2 3 3 2 2 3 2 2 2 1 3 1 1 1 3 2 2 2 2 1 1 3 1 1 3 2 3 1 3 2 2 2 3 3 1 2 2 1 3 2 6 4 5 4 6 4
6 6 4 5 4 6 5 4 6 6 4 5 6 5 5 6 6 4 6 5 5 4 5 4 4 6 6 5 6 5 6 6 6 4 4 6 6 6 6 4 5 6 5 4 5 4 6 6 5 6 6 5 6 5 4 5 6 5 5 5 5 4 1 3 2 1 1 3 3 3 3 1 3 1 3 3 3 1 3 2 1 2 3 1 1 3 2 3 2 1 3 2 1 2 2 1 1 3 2 2 2 2 3 1 2 1 1 2 1 2 2 1 2 2 1 1 1 3 3 3 2 2 3 2 1 3 3 2 1 3 1 2 2 1 3 1 2 3 3 2 3 2 1 3 3 3 3 1 1 2 1 2 3 1 1 2 3 2 1 1 3 1 2 2 3 1 1 2 2 1 3 3 1 3 1 1 2 3 2 1 2 1 1 2 2 3 3 3 1 2 2 1 2 3 1 6 6 6 4 5
4 6 6 5 6 4 5 5 5 4 4 4 5 4 6 6 4 4 4 4 5 6 5 5 5 4 5 5 4 5 6 4 5 6 5 5 6 4 5 5 4 4 4 4 6 5 6 5 4 5 6 4 6 6 4 4 5 6 6 6 4 4 4 1 2 3 2 3 1 3 1 3 3 2 2 2 2 3 1 3 3 3 2 3 3 2 2 2 3 1 3 3 2 1 1 2 2 2 2 2 1 3 1 2 3 3 3 2 1 1 3 2 3 2 3 3 2 3 3 3 1 2 2 1 1 3 2 2 1 1 3 2 2 1 1 3 2 1 2 3 1 2 3 2 2 3 1 3 2 2 3 3 1 3 1 3 2 2 2 2 2 3 1 3 3 1 3 3 1 3 3 1 3 3 1 3 3 1 3 3 1 2 1 1 2 2 2 3 2 2 3 3 1 3 3 3 4 5 4 5
4 6 5 4 6 5 4 6 4 4 5 4 6 6 5 5 5 6 5 6 4 6 6 4 5 5 5 6 6 6 4 4 6 5 6 4 5 4 4 5 5 4 5 5 6 5 6 4 5 6 6 4 5 6 6 4 5 5 4 5 5 6 4 5 1 1 1 2 2 1 2 2 1 3 1 2 1 3 3 3 1 2 1 1 3 3 3 3 3 3 2 1 3 1 1 2 3 2 1 3 3 1 3 1 3 1 2 2 1 2 2 3 2 3 2 3 3 1 3 1 3 1 1 2 2 2 2 2 1 2 1 3 3 3 3 3 1 1 3 2 1 3 1 2 3 1 1 1 2 1 2 3 3 2 3 2 3 3 1 3 2 3 3 2 2 2 1 1 2 2 1 1 1 2 2 2 3 3 2 3 3 2 2 3 2 3 3 3 1 2 1 1 3 3 3 1 1 6 4 6
6 6 4 5 4 6 6 4 6 4 5 5 5 5 6 4 6 5 6 6 6 4 4 5 5 4 5 6 5 6 4 4 4 4 5 6 4 6 6 4 4 4 6 5 6 4 5 5 4 6 4 4 5 6 6 5 5 4 4 5 4 4 6 6 5 2 1 2 3 3 3 3 3 2 1 2 1 1 1 3 3 3 3 2 2 1 2 2 2 3 3 2 1 3 3 2 3 3 3 1 3 3 1 2 1 2 3 1 1 2 1 3 3 1 2 3 1 1 1 2 1 1 3 3 1 2 2 3 1 2 3 1 1 1 3 1 1 3 3 1 1 3 3 1 3 2 2 3 2 2 2 3 1 1 3 2 2 2 1 3 3 2 1 2 1 1 3 3 1 1 2 3 2 2 3 1 2 2 2 1 3 2 1 3 1 3 2 1 1 1 2 2 1 3 3 3 2 3 5 4
6 5 6 5 6 4 6 5 4 5 4 4 5 4 4 6 4 4 6 5 4 5 5 4 4 5 5 4 6 6 5 5 5 5 4 5 5 5 5 5 5 5 5 5 5 5 6 6 5 6 5 5 6 5 5 6 5 6 4 6 6 4 6 5 6 6 3 1 3 3 2 2 1 3 2 3 3 3 3 3 2 3 2 1 1 2 3 2 1 2 3 2 1 2 3 2 1 2 1 1 1 3 3 3 2 1 2 3 1 2 2 1 1 2 3 3 3 2 1 1 1 3 1 1 2 3 1 1 2 2 2 2 1 3 1 1 2 3 3 2 1 2 1 1 3 1 1 1 3 3 3 2 1 2 3 1 2 2 3 2 1 2 2 2 2 1 1 3 1 3 1 2 3 3 1 1 3 2 3 3 3 1 1 1 3 1 3 3 3 2 1 3 3 2 3 3 3 3 1 5
4 5 4 4 5 4 4 4 5 6 4 5 6 6 5 5 4 6 4 4 4 5 4 4 5 4 5 6 4 4 5 5 4 4 5 6 6 5 6 6 5 5 6 4 4 5 4 4 5 5 5 4 5 5 6 6 5 4 4 5 5 5 4 4 4 5 6 2 1 1 1 1 2 3 2 2 3 2 2 1 3 2 1 1 2 2 1 1 3 2 1 3 1 3 3 1 1 3 2 3 1 1 3 3 1 3 1 1 3 1 2 3 3 2 1 2 3 3 1 3 3 2 2 2 2 3 1 3 2 3 3 2 1 3 1 2 3 1 3 1 2 1 2 1 2 2 3 2 2 3 2 2 2 2 3 3 3 1 3 1 3 1 2 2 2 2 2 3 2 3 2 1 3 2 3 3 1 2 3 3 3 1 1 1 1 3 1 3 1 3 3 3 2 3 3 3 1 2 1 3
7 6 6 5 6 5 4 4 4 6 5 6 5 5 4 6 5 5 5 6 6 5 5 5 6 4 5 5 4 5 6 6 6 6 4 4 4 5 5 5 6 4 4 6 6 4 5 6 5 5 6 4 4 6 6 4 4 5 6 6 5 4 4 5 6 6 6 4 2 1 1 1 2 1 3 3 1 3 2 2 3 2 3 3 3 1 1 1 1 1 3 2 3 1 1 1 3 1 2 3 2 2 2 1 3 3 2 1 3 3 2 2 2 1 3 3 1 2 2 3 2 2 3 3 2 3 1 2 3 1 3 3 3 3 3 2 1 2 1 2 3 3 2 3 1 3 2 3 3 3 3 3 1 1 3 1 3 2 1 1 3 2 2 3 2 3 2 2 2 3 2 2 1 1 1 1 1 2 2 1 1 2 2 2 2 2 1 1 1 1 3 3 2 3 3 3 3 1 2 3
10 7 4 6 6 5 5 4 4 5 5 6 4 5 6 4 5 5 6 4 4 5 6 4 4 4 4 4 6 6 5 5 4 6 5 5 4 4 4 5 6 6 6 6 6 4 4 4 5 5 5 5 4 4 6 4 5 6 4 5 4 5 4 4 5 6 4 5 4 3 3 1 3 2 2 1 2 2 3 2 1 1 3 3 3 2 2 1 2 3 3 3 2 2 2 2 1 2 1 1 2 1 3 2 3 3 1 1 1 2 2 1 1 3 3 1 1 3 3 1 2 2 3 3 1 1 3 2 3 3 1 3 3 2 3 1 2 3 3 2 3 3 1 3 2 2 1 3 1 2 1 1 2 1 3 2 3 1 2 3 1 2 2 1 1 1 2 3 2 2 3 2 1 3 1 1 2 2 2 3 3 3 1 1 1 1 1 2 2 2 2 3 2 1 1 3 1 2 2 3
8 10 7 4 5 5 6 5 6 4 5 4 6 5 6 6 5 4 5 4 6 6 5 4 4 6 6 4 6 4 4 6 5 6 4 4 6 6 6 5 4 6 5 4 5 5 6 6 4 4 5 6 5 4 6 4 5 6 5 5 4 5 4 4 6 6 6 5 4 6 2 2 2 1 1 1 1 1 1 2 3 3 3 2 3 3 2 2 1 3 2 2 1 3 1 3 3 1 1 3 1 2 1 2 1 2 2 3 2 3 1 2 1 2 3 2 1 1 2 2 3 3 3 2 2 3 1 3 2 2 3 3 2 3 2 1 1 1 3 3 3 2 3 1 3 3 2 1 3 1 2 1 3 2 1 2 1 1 2 3 1 1 1 2 1 3 2 3 3 2 1 1 3 3 2 2 3 1 2 2 2 3 3 2 3 1 1 3 1 2 3 1 1 2 2 1 2 2 1 3
9 8 9 8 4 6 6 6 5 6 4 5 4 5 4 4 5 6 6 6 6 5 4 5 6 4 5 5 5 5 6 4 4 5 6 4 6 6 6 4 6 4 5 6 5 5 5 5 6 4 6 6 4 4 4 6 6 6 5 5 6 4 4 4 6 6 5 6 5 4 5 3 2 1 2 2 1 3 3 2 1 2 3 2 1 1 2 3 3 1 2 3 2 1 1 3 1 2 3 3 2 2 2 2 2 3 3 1 2 3 3 1 3 3 1 3 3 2 2 1 3 1 1 1 1 1 1 1 1 2 1 3 1 3 2 3 2 3 3 3 1 3 3 3 3 1 2 3 1 3 2 2 2 3 1 1 3 3 2 2 2 1 3 1 1 3 2 2 2 3 2 3 3 2 1 2 3 2 1 2 1 1 3 2 1 3 2 2 2 1 2 2 1 2 3 1 1 1 2 3
8 7 10 10 7 4 5 5 5 4 6 6 6 6 6 6 5 4 4 5 6 4 6 4 4 4 6 4 6 6 4 6 5 6 5 6 6 6 6 5 4 5 4 6 5 4 4 5 4 5 6 6 4 5 4 6 4 6 6 4 6 4 6 5 6 6 5 6 4 6 4 5 1 2 3 3 3 1 3 3 2 2 1 1 2 2 3 3 3 1 2 1 2 3 1 3 2 3 1 2 2 1 2 3 1 1 2 3 3 3 1 2 3 2 1 2 1 2 1 2 1 2 3 3 3 1 1 2 3 2 1 2 1 3 3 3 2 2 3 3 2 2 2 2 2 2 2 1 2 3 2 3 3 1 1 3 3 3 2 3 2 1 3 1 3 2 3 2 1 1 3 2 1 1 3 3 3 1 2 2 2 3 2 1 3 1 3 3 2 1 2 3 3 1 1 2 1 3 1 1
10 10 7 8 8 10 4 4 4 4 4 6 6 5 6 4 6 5 6 4 4 5 5 5 4 6 5 4 6 4 5 4 5 5 5 5 6 4 5 6 6 4 6 5 6 4 4 4 5 5 4 6 5 4 6 6 5 6 4 6 6 6 6 6 5 4 4 4 5 4 4 5 5 2 3 2 1 3 3 3 2 3 3 3 2 2 1 3 3 1 3 3 1 3 2 3 3 1 1 3 2 2 3 2 1 3 3 3 2 1 1 1 1 2 3 3 3 2 1 1 3 1 2 1 3 2 2 1 3 2 2 2 1 3 3 1 2 1 1 3 2 3 3 3 3 1 2 2 2 1 3 2 1 1 1 3 2 1 2 1 1 3 3 3 2 1 3 3 2 2 2 3 3 3 1 2 1 1 1 1 2 2 3 2 3 3 1 2 3 1 2 3 1 3 1 1 3 1 3 2
9 9 8 9 10 10 8 5 6 6 4 4 5 4 4 4 5 6 5 5 4 6 4 4 6 6 5 4 4 4 5 4 4 5 6 6 6 6 6 5 4 6 6 5 5 4 6 6 4 4 4 6 4 6 6 6 6 5 5 4 4 5 5 4 5 6 4 5 4 6 4 5 5 5 2 3 2 1 1 2 2 1 2 2 1 1 2 2 2 3 3 2 3 2 1 2 2 3 3 1 1 1 2 3 2 3 2 2 2 1 2 2 2 1 3 3 2 2 2 3 3 2 1 1 1 1 3 1 2 1 2 1 1 3 1 2 3 1 3 1 3 3 1 2 3 2 2 1 3 3 3 3 2 2 3 2 2 1 3 1 3 3 2 1 2 3 2 2 2 1 3 1 1 2 2 2 2 1 2 3 1 1 2 1 2 2 1 2 2 1 1 3 2 1 2 2 3 1 2 3
8 7 9 10 8 9 7 8 6 6 6 4 6 4 4 5 4 6 4 5 6 5 6 4 6 4 5 6 4 4 4 5 5 6 4 5 6 5 6 6 4 5 4 6 6 6 5 6 6 5 6 6 6 6 4 6 4 4 4 5 6 4 4 6 4 5 6 4 5 4 5 5 4 4 4 2 3 3 3 3 2 2 3 2 2 3 3 1 1 2 3 1 2 2 2 2 2 3 3 1 3 1 1 1 1 2 1 2 2 2 2 2 2 3 2 1 1 2 2 3 2 3 3 2 2 1 3 3 3 1 1 2 1 1 1 3 1 3 3 3 1 2 2 3 3 2 3 1 1 1 3 2 1 3 2 2 2 3 3 3 3 1 3 1 3 2 1 3 2 3 3 2 1 2 3 1 2 1 3 3 3 3 2 2 2 3 2 2 3 2 1 2 3 1 2 3 3 2 1 2
9 9 10 7 9 9 7 8 8 5 5 5 4 5 6 4 6 5 6 4 4 5 4 5 4 5 4 5 4 6 6 4 5 6 4 6 5 4 6 6 5 5 6 6 5 4 6 6 5 5 6 4 6 4 5 6 6 6 4 6 5 4 5 4 5 6 5 4 6 6 4 5 4 6 4 4 2 3 3 1 3 2 3 2 1 3 1 2 2 3 1 1 1 1 1 3 3 1 2 3 1 3 1 2 2 1 3 3 1 2 1 1 2 1 1 3 1 2 3 2 1 3 2 2 2 2 3 3 3 3 2 1 1 3 2 1 3 3 3 2 3 1 1 2 3 1 1 3 2 1 1 3 2 2 1 1 3 3 3 1 3 3 1 1 3 1 2 2 1 1 1 1 2 1 3 1 1 1 2 2 3 2 3 1 2 1 2 1 2 3 1 2 3 2 2 3 1 2 1 3
8 10 9 7 8 7 10 10 8 10 4 6 6 6 4 6 5 6 4 5 5 5 6 5 4 6 4 4 5 6 5 6 5 4 4 5 4 6 6 5 5 6 4 5 4 6 6 6 4 6 6 5 5 4 4 4 5 6 6 5 4 6 5 5 4 5 4 4 6 4 5 4 4 5 6 4 4 1 3 2 3 1 1 1 2 2 2 2 2 2 2 3 2 2 3 1 1 2 2 1 1 2 1 1 2 1 3 1 3 1 3 3 2 2 2 3 3 2 1 3 3 2 1 2 2 3 2 1 2 2 2 3 1 1 2 2 1 1 2 2 1 2 3 3 3 1 1 1 3 1 1 1 1 2 1 1 3 3 1 3 3 2 2 3 1 2 2 2 2 2 2 2 2 2 2 2 3 2 1 3 1 3 2 1 2 3 3 3 2 3 3 1 1 3 3 1 2 3 1 1
9 8 9 10 10 8 7 8 10 8 10 5 4 4 6 6 6 4 5 4 5 4 5 6 4 6 6 4 6 4 4 5 6 4 6 6 4 4 6 4 4 4 6 5 5 5 5 5 4 5 5 6 6 6 6 4 5 5 5 6 4 6 4 5 6 4 6 6 4 6 5 6 4 5 6 4 4 5 2 1 2 3 2 1 3 3 3 1 3 2 1 3 2 3 3 1 1 1 1 3 3 3 3 1 3 3 2 1 1 1 1 1 2 3 2 2 2 3 3 2 1 2 1 1 3 3 3 2 1 2 2 1 3 1 1 3 2 1 2 3 2 1 1 1 3 3 3 2 2 1 2 1 3 3 3 1 1 3 1 3 2 1 2 3 2 1 3 1 2 2 3 2 3 2 3 2 2 1 2 1 1 1 2 3 1 1 1 2 1 2 3 1 2 1 2 2 1 2 2 1
10 10 7 7 8 8 7 10 9 9 7 9 4 6 6 6 6 6 6 4 6 5 5 6 6 5 5 4 5 4 5 5 6 5 4 5 5 6 6 5 5 4 4 6 4 4 5 4 6 4 4 6 4 4 5 4 4 5 6 4 4 4 4 6 6 5 4 4 4 4 5 5 5 4 6 6 5 5 4 2 1 3 3 1 2 2 2 2 3 3 1 3 1 2 2 2 1 1 3 1 1 2 2 1 3 2 1 1 3 2 1 3 1 1 2 1 2 3 2 1 3 1 1 2 1 1 2 2 3 2 1 3 3 1 3 2 1 2 2 1 3 1 3 3 2 1 2 1 3 2 1 2 3 2 1 3 2 1 1 2 2 2 1 1 1 2 1 3 1 3 2 1 2 2 1 2 2 1 2 1 3 2 3 1 2 2 1 2 3 1 2 2 2 3 3 2 2 1 2 3
7 9 8 9 10 7 7 7 8 9 9 7 10 4 6 6 5 5 4 5 4 6 6 6 5 6 5 4 5 5 6 6 6 5 4 4 4 5 5 6 6 6 6 6 6 4 4 5 5 6 6 5 6 5 4 5 5 4 5 6 6 5 4 5 4 5 4 6 4 5 6 4 5 4 5 5 6 6 4 6 2 2 3 3 3 3 1 2 1 2 1 3 1 1 3 3 3 2 1 3 3 3 3 2 2 1 2 3 1 1 1 1 1 2 3 2 3 3 1 1 3 1 1 2 2 3 2 3 2 1 2 1 3 2 3 2 2 1 1 1 3 3 3 1 1 2 3 3 2 2 2 1 2 3 2 2 3 2 3 2 1 3 1 3 1 1 2 2 1 3 2 2 3 3 3 3 3 2 1 2 1 2 1 1 1 3 3 1 3 1 2 1 2 1 3 2 1 3 2 1
9 7 8 7 9 9 7 8 9 9 7 10 7 9 4 6 6 4 5 6 5 4 6 4 6 4 4 5 4 4 6 5 4 5 4 6 4 6 5 4 6 4 4 4 5 4 5 4 5 4 5 6 4 5 6 5 5 4 4 4 5 4 6 4 4 5 6 4 5 5 6 4 5 5 4 6 6 6 6 4 4 3 3 2 1 3 1 1 1 1 2 1 2 3 3 1 2 1 1 2 2 3 3 1 3 2 1 3 2 3 3 1 3 3 2 3 1 2 1 3 1 1 2 3 3 1 1 1 1 1 2 2 2 2 1 3 3 1 1 1 3 3 3 3 2 2 3 3 3 3 2 1 1 2 2 3 2 3 3 2 1 1 3 3 2 2 2 1 1 2 3 2 3 3 2 2 2 2 1 3 2 2 3 3 3 3 1 3 3 1 1 2 3 3 3 1 1 3 3 2
9 8 8 9 9 10 10 7 9 8 9 10 7 9 10 5 6 4 6 6 5 4 6 6 4 6 4 4 4 6 6 6 6 4 6 4 4 5 5 5 4 5 6 5 6 5 4 5 5 5 5 5 4 5 5 6 4 6 4 6 5 6 5 5 5 5 6 4 4 5 6 5 6 6 5 4 5 5 6 5 4 6 2 1 3 3 1 2 3 2 1 3 3 2 1 2 1 1 2 3 2 1 2 3 1 3 2 3 2 1 1 3 3 2 1 3 1 3 3 1 3 3 2 3 2 3 3 2 1 1 3 3 3 2 2 1 1 1 2 2 1 1 1 3 1 3 3 3 3 2 1 3 1 3 3 3 1 3 3 2 1 3 3 3 3 3 1 3 2 2 1 2 3 1 3 2 2 2 1 3 3 2 3 2 1 1 3 3 1 2 1 1 2 1 2 3 1 2 2 1
10 9 9 10 10 8 9 7 8 9 9 7 8 8 9 8 4 5 4 6 5 6 6 6 4 4 4 6 5 4 4 6 4 5 5 4 5 5 5 5 5 4 6 4 5 6 6 4 5 4 5 5 5 5 5 5 4 4 5 6 4 6 4 5 5 6 4 6 4 5 6 4 6 6 6 5 4 4 6 6 6 6 4 1 3 3 3 3 2 3 2 3 2 3 2 3 2 1 1 1 2 2 1 1 3 3 3 3 1 1 2 1 1 1 3 3 3 3 1 3 2 1 2 3 2 2 3 3 2 1 1 1 2 2 2 2 3 3 1 2 2 1 1 2 2 3 3 2 1 1 3 2 3 1 2 1 2 3 2 3 2 2 2 2 2 3 1 3 2 1 3 3 2 1 3 1 1 1 1 3 2 2 1 1 3 1 1 1 2 2 3 2 1 3 2 2 1 1 1 3
9 8 9 9 10 8 10 7 9 10 8 7 10 10 9 10 7 5 6 6 6 6 6 6 5 6 4 4 5 6 4 4 6 6 4 5 4 4 5 6 5 5 6 6 6 4 5 4 5 4 5 4 6 4 6 4 6 6 4 6 5 6 4 5 5 6 5 5 4 6 6 5 4 5 6 6 4 5 6 4 4 5 5 6 3 1 1 1 1 3 3 1 3 3 2 2 2 2 3 2 2 1 3 2 3 2 1 2 3 3 3 2 3 3 2 2 2 1 3 2 3 2 2 3 1 3 2 3 3 3 3 1 3 2 3 2 1 3 3 2 1 1 3 2 2 2 2 3 3 2 2 3 2 3 2 3 3 2 3 2 1 2 3 1 1 2 3 1 3 3 3 2 3 2 2 3 1 3 2 1 2 3 2 3 1 3 1 2 2 3 2 2 2 2 1 2 3 1 3 1
7 10 8 9 10 10 10 9 8 7 7 10 10 10 10 8 10 10 6 5 4 5 5 4 6 5 5 4 4 5 5 6 5 4 5 5 6 4 6 4 5 5 4 6 5 4 6 4 4 6 5 6 4 5 4 4 5 5 5 5 6 4 4 5 6 4 4 6 6 6 4 4 5 5 5 5 6 6 6 4 5 5 5 5 6 1 1 3 3 2 2 2 3 3 2 3 2 1 3 3 3 1 3 3 2 2 2 2 3 3 1 3 1 1 3 3 2 2 2 3 1 3 1 3 1 3 1 3 3 3 3 2 2 1 3 3 1 3 2 1 1 2 1 1 1 1 1 2 1 3 2 3 3 2 1 2 2 1 1 3 1 2 3 2 2 3 2 3 2 2 1 2 3 3 3 3 1 3 1 2 2 3 1 2 1 1 1 1 2 1 2 3 2 2 2 3 1 3 2 1
9 9 9 7 9 8 8 7 9 9 10 9 8 8 9 9 7 9 8 4 5 5 4 4 5 6 4 4 4 6 5 6 6 4 5 6 5 5 5 6 5 5 4 4 5 6 5 5 6 6 4 6 5 5 6 6 4 4 5 4 6 4 4 5 6 4 5 5 4 5 5 6 4 5 6 4 5 6 6 6 5 4 6 4 6 4 1 3 1 1 1 3 3 3 1 3 1 1 3 2 2 1 1 1 2 3 2 1 2 3 3 2 1 2 2 1 1 3 1 1 1 1 3 1 3 2 3 1 1 1 1 3 3 3 2 1 1 1 2 1 2 3 1 3 2 3 3 1 2 3 3 1 2 3 3 1 1 3 3 1 2 1 2 3 3 2 2 1 1 3 3 3 1 1 3 1 1 1 2 3 1 3 1 2 3 3 3 2 2 1 1 3 2 3 1 2 3 2 3 3
7 9 10 10 7 7 10 8 8 10 8 7 10 9 10 7 7 7 8 8 6 6 4 6 4 4 4 6 5 5 5 5 5 5 6 6 4 5 5 5 4 5 5 4 6 5 6 5 6 4 4 4 6 4 4 4 6 5 6 6 4 6 6 6 6 5 6 4 5 6 6 5 4 4 4 6 5 6 4 4 6 4 5 6 4 6 6 3 1 3 3 1 2 3 3 3 3 1 2 3 3 2 3 1 2 1 1 1 2 1 2 3 3 3 3 2 2 1 2 1 3 3 2 3 1 1 3 2 1 1 1 2 1 3 3 3 2 2 2 3 1 1 2 1 1 3 2 1 1 1 3 1 1 3 3 2 2 1 2 1 1 3 1 3 3 2 2 3 3 3 1 2 2 3 2 2 1 1 1 2 2 3 2 3 3 1 3 2 1 1 1 1 2 1 1 3 1 1 1 2
7 7 9 8 9 9 9 9 7 10 10 10 9 9 9 9 7 8 7 9 10 5 4 4 5 6 6 5 6 6 4 5 5 4 6 5 6 5 4 4 5 6 5 4 6 5 5 4 5 4 6 5 4 4 6 6 4 5 5 5 4 6 5 6 6 5 6 4 6 5 4 4 4 6 4 4 5 4 6 6 4 4 6 4 5 6 4 4 3 2 1 3 2 1 1 1 3 2 3 1 2 1 3 2 3 3 1 2 2 2 1 2 1 1 3 1 3 3 1 1 1 1 3 2 3 3 2 2 2 3 2 3 2 1 2 1 3 3 2 3 1 3 2 2 1 3 3 2 1 1 3 1 1 2 2 1 2 1 3 1 3 1 1 2 3 3 3 3 2 1 1 3 2 3 1 1 1 2 3 3 3 3 1 3 3 1 1 1 1 2 1 3 1 1 2 1 1 3 3 2
10 8 9 10 9 7 7 9 8 10 7 8 10 7 9 10 10 8 9 9 7 9 4 6 6 5 6 6 4 5 4 5 6 4 4 6 6 6 6 6 5 5 6 4 6 5 4 5 5 5 5 6 6 6 4 4 6 6 4 6 6 4 6 5 5 4 5 4 4 6 4 4 4 5 5 4 4 5 4 4 6 5 4 5 5 6 6 6 6 2 2 1 2 2 1 3 3 2 2 2 3 2 1 3 3 3 2 1 1 3 1 1 3 2 1 3 3 2 1 2 3 1 2 2 3 3 3 2 1 2 2 1 2 3 3 3 3 3 2 3 2 2 2 3 3 3 3 1 3 2 1 3 1 3 3 3 2 1 1 2 1 2 3 3 3 3 3 3 3 2 2 1 2 1 3 1 2 3 3 2 1 2 1 2 2 2 3 2 3 3 1 1 2 2 3 3 3 1 3 1
10 8 7 8 7 9 7 9 7 7 8 8 8 9 7 7 10 8 10 8 9 7 9 6 6 4 5 4 4 4 6 4 4 5 5 4 5 4 5 6 4 4 5 4 4 4 6 6 5 5 5 6 5 5 6 5 4 6 6 6 6 5 6 4 6 4 4 6 5 5 6 5 4 4 6 4 4 4 6 5 4 6 5 4 5 5 4 4 6 6 2 3 3 1 2 2 3 3 2 3 1 1 1 2 3 1 2 2 3 2 2 3 1 3 1 1 1 3 1 1 2 1 2 1 3 2 3 1 3 3 1 1 1 1 1 1 2 2 3 2 2 1 2 2 1 1 2 3 2 2 2 3 3 3 1 3 2 3 1 3 1 1 2 3 1 2 3 3 1 3 2 2 2 2 3 3 1 3 1 3 3 2 3 3 2 1 1 1 2 2 3 3 3 2 1 2 2 3 1 1
7 7 7 8 8 7 7 9 7 7 7 8 10 10 9 7 9 7 9 7 10 7 8 8 5 6 5 5 5 4 4 4 6 6 4 6 6 5 5 6 6 4 6 6 5 4 4 6 5 6 4 4 4 4 4 4 4 6 5 4 6 5 5 4 5 5 4 6 4 4 4 4 4 5 6 6 4 6 6 6 4 4 5 4 6 4 6 4 4 5 4 1 3 2 3 1 2 2 1 2 2 3 1 1 3 3 1 2 3 1 1 3 3 1 2 1 1 3 2 1 1 3 3 2 3 2 2 2 1 2 1 3 3 2 2 1 3 1 1 3 2 2 3 3 2 1 2 1 1 2 1 1 1 2 3 3 3 1 3 3 1 2 3 2 3 1 3 3 2 2 2 2 3 3 1 3 3 2 2 3 2 3 2 1 2 3 1 2 2 1 2 3 1 2 2 1 3 1 2 2
9 8 8 10 7 8 9 9 10 7 8 9 8 8 8 9 7 10 7 8 10 7 10 10 10 6 4 4 4 4 5 4 6 5 5 6 6 4 5 4 6 6 5 6 4 5 5 4 4 4 4 5 5 5 6 5 4 5 5 5 4 5 4 5 4 4 5 5 4 5 6 4 5 6 4 4 5 4 6 4 6 4 4 4 6 4 4 5 4 5 5 5 3 3 2 1 1 1 2 3 2 1 2 1 1 2 3 3 2 3 2 1 3 2 1 1 1 2 2 1 2 1 1 3 3 2 1 1 2 1 3 1 1 1 2 2 2 1 3 1 3 2 1 1 3 1 3 1 3 1 2 1 2 1 1 1 1 3 1 3 1 2 1 2 1 2 3 1 3 1 2 2 2 2 3 3 1 3 1 1 2 2 2 1 3 2 3 2 2 3 3 1 1 2 3 1 1 1 1 3
10 9 9 10 9 7 9 10 8 8 10 8 7 9 7 7 8 7 9 8 10 10 10 9 10 9 5 6 6 4 5 5 6 5 5 5 4 5 5 6 4 5 5 6 4 4 4 6 5 6 5 5 5 6 5 6 4 4 4 5 5 6 6 4 4 6 5 4 6 4 4 6 6 5 4 4 6 6 4 4 6 4 4 6 6 5 6 6 4 6 6 4 4 1 2 3 3 2 3 2 3 2 1 1 2 2 2 1 1 2 3 3 2 2 1 2 3 3 2 3 1 3 3 3 1 2 1 1 3 2 3 1 2 3 1 2 1 1 2 3 3 2 2 3 1 2 2 2 1 1 3 3 2 2 3 2 2 2 3 1 2 2 3 3 3 2 2 1 1 2 3 3 1 2 3 2 2 3 3 3 1 3 2 2 2 2 2 2 3 1 2 1 2 2 2 3 3 3 3 1
8 7 9 8 10 8 10 8 8 7 7 10 8 8 8 9 7 8 10 9 10 10 10 7 10 7 7 5 5 4 5 5 6 5 4 4 4 5 4 6 5 4 6 5 4 6 6 5 4 5 6 4 5 5 5 6 6 6 6 4 5 4 5 6 6 4 4 4 6 6 5 6 4 6 6 5 6 4 5 4 5 5 4 6 6 6 4 4 6 5 5 4 6 5 2 1 2 1 3 1 2 2 2 2 1 2 1 3 3 1 3 3 1 2 2 2 2 3 3 3 3 1 1 3 1 3 2 3 2 3 3 3 3 3 3 1 2 3 3 3 1 3 3 3 3 1 2 2 2 1 2 2 3 2 3 3 2 2 1 3 1 1 3 2 2 1 2 1 3 2 1 2 1 3 3 3 2 2 1 3 1 1 1 1 2 2 1 3 1 2 2 2 2 2 3 3 3 1 3 2
7 10 9 10 9 9 9 10 8 10 9 10 9 9 7 7 7 9 10 9 9 10 9 8 10 7 9 10 5 4 4 4 5 6 5 4 4 6 5 4 6 4 6 5 6 4 6 4 5 4 6 4 5 4 6 5 5 4 5 5 6 4 6 5 4 6 5 4 6 6 4 4 5 6 4 5 5 4 6 6 5 6 5 4 5 6 5 4 5 4 6 5 4 5 6 2 1 3 1 2 2 3 2 1 1 3 3 2 2 2 2 1 3 2 1 3 1 3 1 3 1 3 1 2 2 3 3 2 1 3 3 1 2 3 2 1 2 2 2 3 1 1 3 2 3 3 2 2 3 1 3 2 3 3 3 2 2 1 3 1 3 3 1 2 3 2 2 2 1 2 3 3 1 2 2 3 2 2 3 1 1 3 1 2 3 2 3 3 1 3 2 3 3 1 3 2 3 3 2 1
10 7 7 9 10 7 9 9 8 7 8 10 8 8 7 10 9 9 10 9 8 10 7 10 9 9 8 8 7 6 6 5 6 5 5 6 5 5 6 5 4 4 6 4 6 4 4 4 4 5 4 4 6 6 6 4 4 4 5 4 5 6 4 4 6 6 6 5 6 4 5 6 5 5 6 5 6 4 6 6 6 4 6 5 4 5 6 5 4 5 4 4 5 5 5 6 3 1 1 2 2 3 2 1 3 3 2 3 2 2 2 1 3 3 3 2 1 2 1 2 3 1 2 3 2 1 2 2 3 2 3 1 1 1 3 2 2 2 1 1 1 3 3 2 1 2 1 2 2 3 3 3 3 1 1 2 3 2 3 1 2 1 2 1 1 2 1 2 3 3 2 1 1 2 3 1 3 3 1 1 1 3 1 3 1 3 3 1 2 1 2 3 1 2 2 1 2 1 2 2
7 7 10 8 10 9 10 7 10 10 7 9 8 9 9 9 8 9 9 7 10 9 10 8 8 7 7 9 8 9 4 6 4 4 5 5 5 6 4 4 5 5 4 5 4 4 5 5 4 5 5 5 6 4 6 4 4 4 5 5 4 5 4 5 6 5 6 4 5 5 6 5 4 5 6 5 4 4 5 6 6 6 6 6 5 5 6 4 6 4 4 6 4 6 6 4 6 1 3 2 3 3 1 2 3 2 1 3 2 1 1 1 1 3 2 2 2 3 1 2 1 1 3 3 3 3 1 2 2 2 3 1 1 3 2 3 3 1 2 1 2 2 1 1 2 2 3 1 2 1 2 2 1 2 3 1 3 2 3 2 3 3 3 2 3 2 2 2 3 3 3 3 2 3 2 1 2 3 3 3 2 3 2 1 3 1 3 1 2 2 2 2 1 1 3 1 3 1 3 2
9 10 9 10 10 8 8 10 9 9 10 8 10 9 7 10 7 8 8 10 8 7 7 7 8 8 7 10 8 8 7 6 4 4 5 5 4 5 6 6 4 4 4 5 6 5 6 5 4 6 6 6 6 6 6 5 4 4 4 4 4 4 6 4 6 5 4 4 4 6 5 4 6 6 6 6 5 6 6 5 6 6 6 5 5 4 5 5 6 4 5 6 4 5 5 5 4 5 2 1 3 3 3 2 1 3 1 1 1 3 3 1 3 2 3 1 1 2 3 2 2 3 2 1 3 1 2 2 3 1 2 3 2 3 2 3 2 2 3 1 2 1 2 3 3 2 3 1 2 1 1 3 2 2 1 1 3 2 1 1 3 3 1 1 2 2 2 3 1 2 1 1 3 2 1 1 3 1 3 1 3 1 2 3 1 1 1 3 3 2 2 2 1 1 2 3 2 1 3 3
8 9 9 10 10 7 8 8 7 7 7 9 9 9 8 9 7 7 9 10 10 8 7 7 10 10 9 7 10 10 10 9 4 5 4 6 6 4 6 5 4 4 5 6 5 5 5 4 5 6 4 5 6 6 6 5 4 5 4 4 6 4 4 4 6 4 6 4 4 5 6 5 4 6 5 5 4 4 6 6 4 6 5 4 5 6 4 5 4 4 6 6 5 4 6 6 4 4 6 2 2 1 1 1 1 1 1 1 3 2 1 3 3 2 2 1 3 3 1 1 1 3 1 3 3 1 2 1 1 3 3 3 1 3 1 1 3 2 3 2 3 1 2 1 1 3 2 2 2 2 1 3 3 1 2 3 3 2 3 2 3 2 3 2 3 2 3 2 3 3 1 1 3 3 3 2 2 2 2 1 2 2 2 1 3 1 2 2 1 2 3 1 1 3 3 3 1 1 3 3
7 8 8 8 7 7 7 9 10 7 9 9 8 7 8 10 10 9 8 7 9 7 9 7 7 8 7 10 7 10 7 7 9 6 5 6 5 6 4 4 6 4 5 4 4 4 4 5 4 4 5 6 4 4 4 6 6 6 4 4 5 5 6 6 6 6 4 4 5 6 4 4 5 4 6 6 6 6 6 5 6 6 4 4 6 5 4 6 5 6 5 6 6 4 6 4 6 6 4 5 1 1 2 3 1 1 3 3 2 3 3 1 3 2 3 2 1 2 2 2 2 3 2 3 1 1 2 2 2 1 2 2 3 2 3 1 1 1 3 2 2 1 2 1 1 3 1 2 2 2 3 3 2 1 3 3 1 2 3 3 2 1 2 3 1 1 1 1 1 3 1 1 1 3 1 1 3 2 2 2 3 2 2 2 2 2 3 1 3 1 1 3 3 3 3 2 1 2 1 1
8 10 9 8 9 9 7 10 10 8 7 10 9 10 9 7 7 9 10 7 10 10 7 8 10 8 8 7 9 7 8 8 10 10 4 6 6 4 4 4 4 4 5 5 5 4 4 5 5 5 4 6 6 5 5 6 4 6 4 4 5 6 6 4 5 6 5 4 4 5 6 6 4 5 4 5 6 5 4 5 6 4 5 6 5 6 5 5 4 6 4 5 5 6 5 5 5 6 6 5 6 3 2 3 1 2 3 3 2 3 2 3 2 2 2 2 3 2 2 1 2 3 2 3 3 3 1 2 2 1 3 2 1 1 3 2 2 3 3 2 2 1 1 1 1 1 2 1 1 1 3 2 3 2 2 3 3 1 2 1 2 3 2 3 3 3 2 3 3 2 1 2 1 2 2 2 3 3 1 2 2 1 1 2 2 1 2 2 1 3 3 1 3 3 2 1 2 3 2 1
8 10 10 9 8 10 10 9 7 7 8 10 10 10 10 10 10 7 8 8 7 9 9 10 8 9 7 8 10 8 8 7 9 7 9 5 6 6 4 4 4 4 4 5 6 6 5 4 6 4 5 6 4 5 6 5 4 5 6 4 5 6 6 6 5 4 6 6 5 4 4 6 6 5 6 6 5 6 6 4 4 5 5 4 4 5 6 5 6 5 4 6 5 4 6 5 6 5 5 6 5 4 2 2 1 2 3 2 1 2 3 2 1 1 3 1 2 2 3 1 2 1 3 3 3 1 1 2 1 2 1 3 3 1 2 3 2 3 2 2 3 1 3 1 1 3 2 2 2 1 1 1 3 2 1 2 3 2 3 1 2 2 1 2 2 3 3 1 1 2 2 2 3 1 3 3 2 3 3 2 3 3 1 3 3 1 2 1 3 2 3 2 1 1 3 3 1 1 2 3
7 7 8 8 9 9 9 7 7 7 8 7 9 7 7 8 8 8 10 8 10 10 7 8 7 8 8 9 10 10 9 8 7 9 9 10 4 6 5 4 6 6 6 5 6 6 5 5 4 5 5 6 4 6 5 4 6 5 4 4 5 5 6 5 6 6 4 5 5 5 6 4 5 5 4 6 5 5 5 4 5 6 4 4 4 6 4 5 5 4 4 4 5 6 4 4 5 6 5 4 4 4 6 3 2 1 3 3 1 1 3 3 2 2 1 3 3 1 3 3 3 2 3 2 2 1 1 1 1 3 3 2 2 1 1 2 1 2 3 1 3 2 2 1 1 2 3 3 1 3 2 3 1 1 3 2 1 1 3 1 2 3 2 1 1 3 1 2 3 2 1 1 3 1 1 1 3 1 1 3 2 1 2 2 1 3 3 1 3 3 2 3 2 1 2 3 2 3 3 2
7 7 10 10 10 8 9 8 8 8 10 8 9 7 9 10 7 9 10 7 10 10 8 10 7 7 7 9 9 9 8 10 10 9 9 9 7 4 5 5 6 4 4 4 5 5 5 5 4 6 5 4 5 4 4 6 5 6 6 5 5 6 4 4 6 6 5 6 6 5 4 5 4 4 6 5 6 6 4 5 6 6 5 5 6 6 6 4 5 4 6 5 5 5 4 4 5 6 4 6 6 5 4 5 2 1 2 3 3 2 3 3 1 1 3 1 2 2 2 2 1 3 3 1 1 3 2 2 3 1 1 1 1 1 1 3 1 3 2 2 3 2 1 2 2 1 1 3 3 1 1 2 3 2 3 3 3 2 1 2 2 3 1 2 1 3 1 2 2 3 3 3 2 2 3 2 3 1 2 2 1 1 3 3 3 2 2 3 1 2 2 1 1 2 1 2 1 3 1 2
10 8 7 8 10 7 10 7 7 9 9 7 7 7 10 8 7 10 7 8 10 9 10 9 8 8 7 8 10 9 10 7 8 10 7 7 9 10 5 6 5 4 4 4 4 5 4 4 4 6 6 4 4 4 5 4 5 4 4 4 5 6 5 5 4 6 4 5 4 5 6 6 5 4 5 5 5 4 6 6 5 5 6 6 6 4 5 4 6 6 4 4 6 4 4 4 5 5 4 6 4 4 4 5 5 1 2 2 2 3 1 1 2 3 3 3 2 3 3 1 2 1 3 2 3 1 2 1 3 1 3 2 3 2 1 2 3 3 3 2 2 3 1 3 1 1 2 1 3 2 2 3 3 3 3 3 2 3 2 1 3 3 3 3 1 3 2 3 1 3 3 1 2 2 3 3 1 2 1 2 2 3 3 2 1 1 2 2 2 3 3 1 3 1 3 1 2 2 1 3
7 8 8 10 8 10 7 7 10 10 8 9 8 10 9 10 8 9 7 7 10 7 10 9 8 9 8 9 9 9 8 8 9 7 10 8 10 8 10 4 5 4 5 5 6 5 6 4 5 4 4 4 5 6 4 4 4 4 5 6 4 6 5 4 5 5 4 4 5 6 6 6 6 6 5 6 5 5 5 4 6 5 4 5 5 6 4 5 5 4 5 4 4 4 5 6 6 5 5 4 4 4 4 4 6 5 1 3 1 1 1 3 2 3 1 1 1 2 1 1 2 2 3 2 2 3 3 3 2 1 2 2 1 1 2 2 2 1 1 1 2 3 2 2 2 3 1 1 1 1 2 1 2 2 1 2 3 3 1 1 1 1 2 1 2 1 3 1 2 1 3 3 2 3 1 2 1 1 3 3 3 2 2 3 1 1 1 1 3 2 1 3 2 3 2 1 3 1 3 3
8 8 7 9 7 7 8 7 9 8 7 10 7 8 8 8 10 7 9 7 8 8 10 7 8 8 7 7 10 8 9 7 7 7 8 10 7 8 7 7 6 5 4 6 4 5 4 5 4 6 4 4 5 5 4 5 5 5 6 6 6 4 4 4 4 6 6 6 6 6 6 4 6 5 5 6 5 5 5 4 6 6 4 5 5 5 6 4 4 4 4 4 5 6 5 4 4 5 6 6 6 4 5 5 4 6 4 3 1 3 1 1 2 2 1 3 3 2 2 2 2 2 2 2 3 2 2 3 2 1 3 2 2 1 1 2 2 1 1 1 2 1 2 2 3 2 1 3 2 3 1 3 3 1 1 2 1 1 1 2 1 3 1 3 1 1 3 3 2 3 2 2 3 2 2 3 1 1 1 3 3 3 1 2 2 1 1 2 3 1 1 1 2 2 2 1 2 1 1 3
9 10 10 8 7 7 8 9 9 8 10 9 8 10 9 7 9 9 7 10 10 9 8 10 10 9 7 7 7 8 8 10 10 9 9 10 7 8 9 7 10 5 4 5 6 5 5 5 4 4 5 4 6 5 5 5 4 6 4 5 4 5 4 5 6 6 6 4 6 4 5 5 4 5 4 4 5 6 6 6 6 4 6 4 5 6 6 6 5 4 5 4 5 5 4 6 6 5 4 5 5 5 4 6 5 5 5 5 2 3 2 2 3 1 2 1 1 1 2 3 3 3 1 2 2 1 2 3 1 3 1 2 3 2 3 3 3 1 2 1 2 1 1 2 1 3 2 2 3 2 1 3 1 1 2 3 1 3 1 2 2 1 1 2 2 3 3 2 3 1 3 1 3 1 1 2 1 2 3 2 3 1 3 1 3 3 3 3 3 2 2 2 2 3 3 3 3 3 2 3
10 7 8 9 9 8 8 8 8 10 10 9 10 10 10 7 9 9 9 8 9 9 8 8 10 8 10 8 7 10 8 10 10 7 7 7 8 9 8 8 7 7 5 6 6 5 4 5 5 5 5 4 6 4 6 5 6 5 4 6 6 5 6 6 5 5 4 6 4 4 5 5 6 4 5 4 5 4 5 4 5 4 5 4 5 6 5 5 6 5 6 4 5 6 5 5 5 6 5 6 5 5 4 5 4 4 6 5 6 1 1 1 1 1 3 1 3 1 1 1 1 2 1 3 1 1 3 3 1 1 3 2 3 3 2 1 1 3 2 2 1 2 2 1 3 2 1 1 3 1 2 1 2 3 3 3 2 3 3 3 2 2 2 1 3 3 1 1 3 3 2 3 3 3 1 2 1 1 3 1 2 1 3 2 3 1 3 3 1 3 3 2 1 3 3 3 1 2 2 1
8 9 9 10 9 9 8 8 8 8 10 9 8 7 8 7 10 8 10 9 10 10 8 7 7 9 9 7 8 10 7 9 9 10 8 10 9 10 8 7 9 10 10 4 6 6 5 5 5 4 6 4 6 6 4 4 5 6 5 6 5 6 5 5 4 6 6 4 4 4 5 6 4 4 5 4 6 4 5 4 4 6 5 6 4 6 5 4 5 5 4 4 5 4 5 6 4 5 4 6 5 5 5 4 6 4 4 4 5 5 3 2 3 2 3 2 1 3 2 2 3 3 3 3 3 1 3 3 1 3 1 3 2 1 3 1 3 1 3 1 2 1 2 2 3 2 2 1 3 1 2 1 1 3 3 1 1 2 2 3 1 1 1 1 3 1 1 2 3 2 3 2 2 3 1 1 2 1 3 1 2 1 2 1 3 3 2 2 2 1 1 3 3 2 3 2 3 1 3 2
7 8 7 8 9 10 9 8 7 9 9 7 10 10 7 10 8 7 7 7 8 10 7 7 9 10 10 8 10 8 10 8 10 10 10 7 9 8 10 10 8 9 8 8 6 5 5 6 5 6 4 5 6 5 4 6 6 5 6 4 5 4 5 6 6 5 5 4 6 5 6 6 6 4 5 5 5 5 6 6 6 5 4 6 6 6 6 6 5 4 5 5 5 5 5 6 5 6 6 6 6 6 4 5 4 4 4 5 4 4 4 1 2 3 2 3 1 1 3 3 2 3 1 1 1 1 2 2 2 1 1 1 1 3 3 1 3 3 2 3 3 3 3 1 1 3 3 3 2 3 2 3 3 3 2 2 2 3 2 3 3 1 2 3 3 1 3 3 2 2 1 3 3 3 3 1 1 2 3 1 3 3 1 2 3 3 2 1 1 3 2 2 3 1 1 1 2 2 1 3
8 8 9 9 8 10 7 10 10 10 9 8 9 7 7 10 8 7 9 10 9 10 8 8 10 7 8 9 7 10 7 9 10 9 7 7 8 7 10 9 9 8 7 7 9 4 5 5 5 4 4 5 4 5 5 5 5 6 5 5 5 6 5 4 4 4 5 5 6 5 6 5 4 6 6 5 4 5 4 6 6 6 5 5 5 4 5 4 5 5 6 5 5 5 6 4 5 5 5 5 4 6 5 4 4 6 6 6 6 6 4 4 3 1 1 3 3 1 1 2 1 2 2 3 1 2 3 3 3 3 1 1 1 3 2 2 2 1 1 3 2 3 3 3 3 2 2 1 1 2 2 1 3 1 3 2 2 1 3 2 2 1 1 2 1 2 1 1 1 1 3 1 2 3 1 1 3 1 3 2 3 2 3 3 3 3 1 3 2 3 3 1 1 1 3 1 3 2 2 1
8 7 8 8 10 8 10 8 10 10 7 9 9 7 10 8 9 10 7 10 8 7 7 10 7 9 7 8 8 8 7 8 10 10 7 8 8 10 10 10 7 9 8 8 9 8 4 6 5 6 5 5 5 6 4 4 6 5 5 5 5 5 5 6 6 5 5 6 6 6 4 5 5 6 4 6 5 4 4 4 4 6 4 5 4 5 4 5 5 6 6 5 6 4 6 5 6 4 5 4 5 4 6 5 5 6 6 6 5 5 4 4 4 1 2 1 2 2 2 3 1 2 3 2 1 2 3 1 3 2 2 3 3 3 2 3 3 1 1 1 2 2 1 3 3 3 2 3 2 2 3 3 3 3 1 2 3 1 2 1 1 1 2 3 2 1 2 1 3 3 2 2 1 3 1 2 3 2 2 1 1 1 3 2 2 3 3 2 3 1 1 2 2 1 3 2 3 2 3 3
8 9 10 9 8 9 9 8 10 9 10 10 7 9 10 9 9 9 10 7 9 9 10 7 9 9 7 8 9 7 10 8 10 9 10 7 7 10 9 8 8 8 9 10 8 9 9 5 6 6 5 6 4 6 6 6 5 4 4 6 5 6 5 5 5 5 5 5 5 4 6 6 6 4 6 5 6 6 5 6 4 6 5 6 6 6 5 4 6 6 6 4 5 5 4 5 6 4 5 6 5 6 4 5 6 6 5 5 4 4 5 6 6 5 3 3 2 1 3 1 1 3 1 3 1 2 1 1 1 3 3 2 3 3 1 3 1 3 3 1 1 3 1 2 1 3 1 2 3 3 3 3 2 3 3 3 2 3 1 1 2 3 1 1 3 1 2 3 2 3 3 2 2 2 3 2 1 1 2 3 1 1 1 2 3 3 3 3 1 3 3 2 2 2 3 3 1 3 1 2
9 10 8 8 9 7 8 10 10 8 9 7 10 7 7 7 7 10 7 7 7 9 8 10 10 10 9 9 9 9 9 7 7 7 8 9 8 10 7 8 8 7 9 8 8 9 8 7 5 6 4 6 6 6 6 4 6 5 4 6 6 6 6 4 6 6 6 6 4 6 4 5 6 4 5 4 6 5 5 6 4 6 6 6 5 6 6 5 4 5 6 5 6 6 5 5 4 4 6 5 4 5 6 5 4 5 6 5 5 6 4 4 6 6 4 2 1 2 2 2 3 3 2 2 3 3 2 1 1 1 3 2 3 1 1 3 1 1 3 3 1 3 1 1 3 3 1 2 1 2 1 2 1 2 2 1 2 2 3 2 3 1 1 3 1 1 3 2 3 3 2 2 2 1 1 1 3 2 2 2 3 3 1 1 1 3 1 2 2 1 2 3 2 1 1 2 2 1 1 2
10 8 10 10 8 9 7 7 9 9 10 7 10 9 9 10 7 8 8 9 8 9 8 8 8 9 9 8 8 8 8 10 7 10 9 7 7 9 7 7 7 8 9 7 10 7 10 9 7 6 6 5 6 5 5 6 4 5 4 4 5 5 6 5 4 6 6 4 4 6 6 5 6 4 5 4 6 6 5 5 4 4 6 4 4 4 4 4 4 5 5 5 6 4 4 5 5 6 5 6 5 5 6 5 5 5 4 6 4 5 4 4 6 6 4 5 3 3 3 3 1 2 3 2 3 2 1 1 1 3 2 2 3 1 2 1 3 2 1 1 1 2 1 2 3 3 3 3 1 1 1 1 1 1 2 2 3 2 2 1 1 2 2 1 2 3 2 1 1 1 1 1 3 3 3 3 2 1 3 2 3 3 3 3 3 3 3 3 2 2 1 1 2 2 3 2 1 2 1 3
7 7 10 8 10 8 8 8 7 8 9 7 9 8 10 9 9 9 7 8 8 8 8 10 10 7 9 9 7 8 10 10 10 8 7 10 9 7 10 9 10 7 10 9 8 7 10 7 10 9 5 4 4 6 6 4 4 5 5 5 5 5 6 6 5 5 4 6 6 4 6 6 4 5 6 6 4 5 5 5 6 4 6 6 4 5 5 5 4 6 4 4 4 6 4 5 6 5 5 5 6 6 4 6 5 6 6 5 5 5 4 4 5 6 5 4 5 3 3 1 3 3 1 1 1 1 3 2 3 2 2 1 3 3 3 3 3 1 3 2 2 2 1 3 1 3 1 1 1 3 1 1 2 3 3 1 2 1 2 1 2 2 3 3 3 2 3 1 1 3 2 3 2 3 3 3 2 3 1 3 2 2 1 1 1 3 2 2 3 2 2 1 1 3 2 3 2 3 2 1
7 10 10 8 10 9 8 9 9 8 9 9 10 8 9 8 9 8 7 10 9 10 8 7 8 8 10 7 10 9 7 9 7 10 10 10 8 9 9 7 9 10 7 9 9 7 8 8 9 8 10 4 6 4 5 4 4 4 5 4 4 6 6 4 4 4 6 5 6 5 5 4 4 6 6 5 5 4 5 6 4 6 6 5 4 4 6 5 4 5 6 4 4 6 6 6 5 5 6 5 5 4 6 5 6 6 6 4 4 4 6 5 4 6 6 6 4 6 3 3 2 1 2 3 1 2 3 2 2 2 3 1 1 3 1 2 2 3 2 2 1 1 2 3 1 1 1 1 2 3 2 1 1 3 2 1 2 1 3 1 2 3 3 1 3 3 2 1 3 2 1 2 3 2 3 3 3 3 3 3 1 2 3 2 1 1 3 1 3 3 1 3 1 2 2 1 1 2 3 1
7 8 7 10 10 7 7 8 7 10 7 9 10 8 7 8 7 10 8 10 7 7 8 9 7 9 9 10 7 9 7 8 7 10 8 9 8 7 10 7 10 9 10 7 8 8 10 7 9 10 8 8 5 5 4 5 5 4 5 5 4 5 4 4 6 4 4 4 4 5 4 6 5 5 4 5 6 5 4 4 4 5 4 4 4 6 5 4 4 5 6 4 4 4 4 4 6 5 4 6 5 4 6 5 4 5 6 5 4 6 6 6 6 4 4 5 5 6 5 1 2 3 1 1 2 2 3 1 2 2 1 1 3 1 2 2 2 3 3 2 2 1 1 2 2 2 1 2 2 2 3 1 1 3 1 2 3 3 3 3 2 2 1 3 2 2 2 3 1 1 1 2 3 2 2 2 2 2 2 2 2 3 1 2 2 3 3 1 2 3 3 2 1 3 2 3 2 2 3 2
9 8 7 10 8 10 7 9 7 9 10 8 10 8 7 10 7 9 7 7 9 7 8 9 9 8 10 8 8 9 7 10 8 10 10 8 8 10 9 7 8 7 7 8 10 7 10 10 7 7 9 10 10 4 4 5 5 5 5 5 4 4 5 6 6 6 4 6 5 6 4 5 4 4 6 5 4 6 5 4 6 6 6 4 5 4 4 4 5 4 5 6 5 4 4 5 5 4 5 4 4 6 4 6 5 6 4 4 6 4 5 4 4 6 4 6 6 5 4 6 3 3 2 1 2 2 1 3 2 3 1 1 3 1 1 2 2 1 2 3 3 1 2 3 2 1 3 1 1 3 2 1 3 1 2 3 1 3 2 2 1 3 2 2 3 1 1 3 1 1 3 3 2 3 3 2 2 3 3 2 1 2 2 3 1 2 2 2 2 2 1 3 1 1 3 3 3 3 2 2
9 9 8 7 9 7 9 9 9 8 7 9 7 10 9 7 8 7 7 7 9 9 7 10 8 8 8 9 9 10 8 8 7 8 10 7 8 8 9 9 7 9 7 9 10 9 8 7 7 9 8 10 7 9 6 4 5 4 5 6 5 4 5 4 6 6 5 4 5 5 4 5 6 5 6 5 6 6 4 4 5 4 4 5 4 4 6 6 5 5 4 5 4 5 5 5 6 5 5 6 6 4 6 6 6 4 6 4 4 6 6 4 5 4 4 5 6 5 6 6 4 3 2 1 1 3 2 2 3 3 1 1 3 2 1 1 2 3 3 2 1 3 2 2 1 1 3 1 1 2 1 1 2 1 2 1 3 3 1 3 2 2 3 3 1 3 1 3 1 3 1 1 3 3 2 2 1 1 3 3 3 2 3 2 3 2 3 3 1 3 1 2 3 3 2 2 1 2 1 2
7 10 9 10 7 9 7 10 10 10 7 10 8 10 8 9 10 10 7 9 9 10 10 10 10 7 7 9 7 7 8 7 8 8 7 9 10 8 9 8 10 8 7 9 9 8 7 8 7 10 8 7 7 7 8 6 6 4 6 6 6 5 5 4 5 5 4 4 5 4 6 6 4 6 5 5 4 5 5 4 4 4 6 6 6 6 5 4 6 5 6 4 6 4 5 5 5 6 6 6 4 6 5 5 6 4 4 4 5 5 4 4 5 6 5 5 4 5 5 6 4 6 1 3 2 3 3 1 2 2 2 2 2 3 1 1 3 1 3 1 2 1 3 2 1 1 2 3 2 3 3 3 3 2 2 2 3 2 2 2 3 2 2 3 3 1 1 1 1 3 3 3 2 3 2 2 1 3 3 3 2 3 3 1 1 3 3 2 2 3 3 2 1 1 1 2 3 2 2 3
8 9 7 10 7 9 10 9 10 9 9 9 10 7 7 10 7 9 7 7 8 9 10 8 8 8 8 10 8 8 7 7 9 8 10 10 10 8 10 8 8 8 7 9 9 7 8 10 8 7 7 9 7 7 9 7 6 4 6 6 4 5 4 4 5 4 4 6 4 6 4 4 5 4 5 6 4 4 5 6 4 5 4 5 4 4 6 5 4 6 5 4 6 4 5 5 5 4 4 4 4 5 6 4 5 6 5 5 5 5 6 4 4 6 5 6 6 4 4 6 6 5 5 3 2 1 3 3 2 3 1 1 2 2 3 2 3 1 2 3 3 2 3 3 3 1 3 3 3 1 3 2 2 2 3 3 2 1 3 2 1 3 2 1 3 2 1 3 1 3 2 2 1 1 2 3 2 3 3 1 1 2 2 3 3 1 2 2 3 3 1 2 2 3 1 2 2 3 3 3
10 8 7 10 7 8 9 9 7 7 7 10 10 10 8 10 10 10 8 9 9 8 9 8 8 10 10 7 7 8 9 7 10 9 8 8 8 9 8 10 9 7 10 8 7 9 9 9 8 10 8 7 8 9 7 10 7 5 4 5 4 5 6 6 4 6 6 6 4 6 6 4 5 5 6 5 5 6 4 6 5 4 5 5 6 5 6 6 5 4 6 5 4 6 4 5 5 4 4 4 4 6 5 6 6 4 6 4 5 5 4 5 6 4 5 4 5 6 5 5 4 5 4 5 1 1 3 2 3 1 3 1 3 1 2 3 2 2 2 3 3 3 2 1 1 2 2 1 3 1 2 3 2 3 2 1 1 1 3 3 2 1 3 3 1 3 3 1 3 1 1 1 2 1 1 2 1 2 2 2 3 2 3 1 3 1 2 1 3 2 1 1 3 1 2 1 3 1 2 2
7 8 7 8 7 10 9 7 10 10 9 10 9 10 7 10 8 10 8 10 7 8 9 9 10 8 10 10 8 7 9 9 9 9 8 9 10 9 9 7 9 8 7 7 10 10 7 9 8 8 9 9 7 9 10 8 9 9 4 5 5 4 4 5 6 6 4 5 4 5 5 6 6 4 4 5 5 6 5 4 4 5 4 6 4 6 4 4 6 4 5 6 6 5 4 5 5 5 4 5 6 4 5 6 5 5 5 6 4 4 6 6 4 5 5 4 6 4 5 4 4 6 5 6 6 3 1 2 2 3 1 1 2 1 3 2 3 2 2 1 2 2 1 1 3 3 3 2 3 2 3 2 2 2 1 1 2 3 1 2 1 2 1 1 3 2 3 2 1 1 2 1 3 3 3 1 3 1 2 3 1 1 3 2 3 1 1 2 1 1 3 3 2 3 3 2 2 2 2 1
7 9 8 10 9 7 10 10 9 7 8 10 7 9 10 9 10 7 8 10 8 7 10 7 9 7 10 8 8 9 9 10 9 8 10 9 9 7 10 10 8 9 7 10 10 9 7 10 10 8 10 9 10 9 9 7 9 7 8 5 4 5 6 5 5 5 5 5 5 5 5 6 6 5 6 5 5 6 6 4 6 5 5 4 6 5 6 5 4 6 4 6 5 5 6 6 4 5 5 5 4 4 5 6 4 5 4 4 5 5 4 6 4 6 6 6 5 6 5 4 5 6 4 6 4 4 1 2 2 2 3 2 3 2 3 3 3 1 3 2 2 1 1 1 3 1 1 3 2 1 2 1 2 3 3 2 3 1 2 3 3 2 1 3 2 2 1 1 2 1 1 3 3 2 1 1 3 3 1 1 1 1 2 3 3 1 1 1 2 2 2 2 1 2 1 1 2 3 2 1
9 9 7 9 9 7 7 7 8 9 9 8 8 10 8 9 8 7 10 9 10 7 8 7 8 10 7 10 10 10 8 7 10 9 9 7 10 8 9 9 7 8 8 9 8 8 9 10 7 9 8 10 9 7 9 9 10 9 10 9 5 5 4 6 6 4 6 5 5 6 5 4 5 5 5 5 4 6 5 5 6 6 4 5 4 4 4 6 5 4 4 4 4 6 5 4 6 6 5 6 5 4 6 6 6 5 4 6 4 4 6 5 6 4 5 5 5 6 6 4 6 6 6 5 6 4 4 3 3 2 2 2 1 1 3 2 3 1 1 1 2 3 2 1 1 2 3 3 1 3 3 2 1 2 3 3 3 2 1 1 1 2 1 2 3 3 1 3 3 1 2 2 2 1 1 3 2 1 2 2 3 2 1 2 3 1 1 2 3 1 3 1 2 3 1 3 1 2 3 3
8 7 7 9 9 9 10 7 7 9 9 9 7 8 10 8 8 9 9 9 8 9 8 7 7 8 8 10 7 8 10 9 9 10 10 9 9 9 7 8 7 9 9 8 9 10 7 10 7 7 7 10 8 8 9 10 10 9 8 7 9 4 6 4 5 4 5 4 6 4 6 6 4 6 5 6 5 4 5 4 4 5 6 5 6 5 6 6 5 6 6 4 6 4 6 5 6 6 5 5 4 5 4 6 6 6 5 5 6 5 5 6 6 4 4 6 4 4 4 6 5 5 4 5 4 4 6 4 2 1 2 3 1 1 1 2 3 3 2 1 2 2 1 2 2 2 3 2 3 2 3 2 3 1 1 2 3 3 2 3 1 2 1 2 3 2 2 3 2 1 1 1 3 2 1 3 3 1 3 2 1 3 2 1 1 2 2 2 1 2 1 2 3 3 3 1 3 1 1 1
10 8 8 7 10 9 8 9 9 9 8 8 7 8 9 9 9 9 9 9 10 8 9 9 7 8 8 9 10 8 8 8 10 8 8 10 9 9 7 7 10 8 7 7 9 9 9 9 10 9 7 8 9 7 7 8 10 10 7 8 10 9 4 4 4 5 5 5 4 5 5 4 5 5 5 4 5 4 4 4 5 5 5 4 4 4 6 4 6 6 6 6 5 6 6 4 6 6 4 6 4 6 5 6 6 5 6 5 5 6 5 6 4 4 6 4 6 5 5 5 4 4 4 4 4 5 4 4 6 1 1 3 3 3 2 2 3 1 1 2 1 1 1 1 1 2 2 1 3 1 1 3 3 2 2 2 3 2 1 1 3 2 2 3 2 3 2 2 3 1 3 3 2 3 1 3 3 2 3 3 1 1 1 3 2 1 1 2 2 1 3 3 1 3 3 2 1 1 3 1
10 8 9 10 8 9 10 10 8 8 7 8 10 7 7 10 10 10 7 9 7 10 8 8 8 10 10 7 8 8 10 10 9 8 10 10 10 10 7 10 9 7 10 10 10 8 7 9 10 10 9 10 7 8 10 9 9 9 7 10 9 9 8 4 6 5 6 5 6 6 6 6 4 6 5 5 6 5 4 4 6 6 4 6 4 4 4 4 4 6 5 5 5 6 6 4 5 4 6 4 4 6 6 6 4 4 6 4 5 5 6 5 4 4 4 4 5 5 6 4 4 4 5 6 4 6 4 4 4 4 2 3 3 3 3 1 3 1 1 3 2 1 2 3 3 3 1 2 1 1 2 1 2 2 3 3 2 1 2 2 2 1 1 2 1 2 1 2 2 1 2 2 2 2 1 1 2 1 1 3 3 3 1 2 3 3 1 3 2 3 3 3 3 3 1 1 1 2 3 3
8 7 8 8 9 10 9 9 7 7 8 7 7 10 7 9 9 10 8 9 8 8 10 8 10 7 9 7 7 8 9 7 7 7 7 7 10 10 9 7 10 7 9 8 8 10 10 8 8 9 8 9 8 9 8 9 9 8 10 8 9 10 7 10 4 4 4 6 6 5 4 6 4 6 4 4 5 6 4 5 6 5 5 6 6 4 5 5 4 4 6 4 6 5 6 5 5 6 6 5 5 4 5 4 6 6 6 5 6 5 4 5 5 6 6 5 5 4 5 4 4 6 5 6 5 6 4 6 4 5 6 3 2 2 3 2 1 1 2 3 1 3 1 3 3 1 1 1 2 1 1 3 1 2 3 3 2 1 1 3 2 2 1 3 3 3 3 2 3 1 2 3 1 3 2 1 3 1 1 1 2 3 3 3 2 2 1 2 1 2 3 2 2 3 1 2 1 3 2 2
8 8 7 10 10 9 10 7 8 7 10 8 8 7 10 9 7 8 7 8 8 7 10 8 8 8 8 7 7 9 9 10 10 9 7 8 9 7 7 10 9 8 9 10 10 9 7 8 8 9 8 9 7 8 9 8 7 7 9 10 9 8 9 7 10 4 4 5 5 6 4 5 6 6 5 4 5 6 4 6 4 5 5 4 6 4 5 6 6 5 5 5 6 5 5 6 4 6 4 5 4 5 6 4 4 6 4 5 4 5 6 4 5 6 4 6 4 4 6 6 4 6 5 6 5 5 4 4 5 6 6 4 1 1 2 2 3 2 2 2 3 3 3 3 3 1 2 3 2 2 1 2 1 1 3 1 1 1 3 2 3 1 1 3 1 2 3 1 2 3 3 3 3 1 3 1 1 2 3 2 1 3 2 3 3 1 1 2 3 1 2 3 2 3 2 3 2 3 3 2
8 9 8 8 8 10 7 9 9 8 8 8 10 9 8 7 9 8 9 10 9 9 10 10 7 9 7 9 8 7 9 10 8 10 8 8 8 7 8 8 10 7 10 10 9 10 8 10 8 10 8 9 7 8 8 7 9 7 7 7 7 8 7 7 7 7 4 6 5 6 4 5 6 4 6 4 5 5 4 4 5 5 4 6 4 6 6 5 4 4 5 6 6 5 4 4 4 6 4 4 6 6 5 5 5 4 5 5 6 6 6 5 6 5 4 4 5 5 5 4 5 6 6 6 6 6 5 5 5 6 5 6 5 2 3 1 3 2 1 1 3 2 1 3 1 3 2 2 1 3 1 2 1 1 1 3 1 2 2 2 1 1 3 1 1 2 1 2 3 3 3 1 2 1 2 2 1 2 2 3 1 2 2 2 2 2 2 1 2 1 3 2 1 3 1 1 1 1 2 3