100
6 1
6 72
7 40
3 74
3 58
5 20
16 14
14 68
12 73
11 61
18 52
20 44
7 8
12 67
15 19
11 19
12 25
17 28
12 62
11 72
19 46
6 30
18 24
10 9
9 20
18 57
17 20
7 5
8 6
11 21
14 29
9 68
20 71
3 30
3 16
14 49
3 25
5 26
14 18
8 73
11 34
18 73
19 8
13 22
18 62
17 34
6 71
14 59
6 34
10 51
15 32
3 43
8 2
12 23
13 73
18 69
7 54
13 30
12 24
4 70
4 49
18 44
10 53
7 56
17 15
11 57
16 55
11 14
4 68
11 28
20 64
12 73
4 53
3 8
19 19
4 55
20 13
18 32
19 49
4 20
4 75
4 35
12 55
9 28
9 64
13 11
20 57
8 57
4 16
17 17
17 56
19 51
5 66
19 24
15 47
3 65
6 14
20 27
8 5
20 3
0 1 4 1 2 4 2 4 2 4 3 3 2 4 2 1 1 3 4 2 2 2 4 3 2 3 3 1 1 1 2 1 2 1 1 1 3 3 4 3 3 1 3 1 1 3 3 2 4 4 4 1 2 4 2 4 2 4 3 1 1 4 4 2 4 4 1 1 1 3 4 2 4 2 4 3 3 3 1 1 3 4 2 3 4 1 4 1 3 2 3 2 1 1 4 2 4 3 3 1 
4 0 2 4 1 2 4 3 4 3 3 1 4 4 2 3 1 1 2 3 1 2 4 4 4 4 2 3 1 1 1 3 2 4 3 3 3 3 1 1 1 4 1 2 4 2 4 4 1 1 2 2 3 1 4 1 4 4 1 2 3 4 2 1 3 3 3 3 2 1 1 3 1 2 1 4 2 1 4 2 2 3 1 1 3 3 3 4 2 1 3 3 1 3 2 3 3 3 3 4 
1 1 0 1 1 3 4 2 3 2 3 1 2 3 2 1 1 2 1 2 2 1 1 2 3 3 3 2 4 1 2 4 3 1 1 2 1 4 1 2 1 1 2 1 3 4 1 4 3 1 4 1 3 2 2 3 2 2 3 4 1 1 1 3 3 4 2 1 2 1 2 2 3 1 4 4 4 2 4 1 3 4 3 4 1 3 2 4 2 1 1 3 2 3 4 1 1 1 1 4 
3 2 1 0 2 4 4 4 2 1 4 1 1 4 2 3 2 1 4 1 2 2 2 3 4 1 2 2 4 1 4 3 4 3 3 4 1 1 4 1 4 2 2 2 4 3 1 2 3 3 4 1 3 2 1 2 1 1 1 3 3 3 2 3 2 3 2 3 4 1 3 4 2 2 3 4 1 4 1 4 1 1 1 1 1 4 3 4 3 2 4 1 3 3 2 3 1 1 3 2 
2 1 3 1 0 4 4 4 2 1 4 1 2 4 1 4 4 3 2 3 2 2 2 4 3 3 3 4 4 4 2 1 3 3 4 4 1 2 2 2 3 4 2 1 1 3 4 2 4 1 4 3 2 4 1 1 4 4 1 2 4 3 1 2 4 4 3 4 2 4 2 2 3 1 1 2 2 3 4 4 1 3 4 4 2 2 1 2 4 2 2 2 2 4 4 1 1 2 4 3 
2 4 4 3 4 0 4 4 2 1 4 4 3 2 2 1 2 1 2 4 1 4 4 4 2 4 2 2 1 1 4 1 2 4 2 4 3 4 4 4 4 4 3 3 1 3 4 1 4 2 2 4 1 2 4 1 2 3 1 2 3 3 2 4 1 3 1 3 2 4 4 3 4 1 2 4 1 4 3 3 4 2 3 2 1 3 1 4 4 3 4 1 1 1 2 4 4 2 3 3 
1 4 4 1 1 3 0 4 4 1 3 1 2 4 1 1 1 4 1 2 2 1 2 3 1 4 3 4 4 2 1 3 2 3 4 4 3 4 2 1 3 1 2 1 1 3 2 2 2 3 3 1 4 4 2 4 4 2 3 2 4 4 1 2 4 1 1 4 3 2 2 4 4 2 2 2 3 4 4 3 2 3 2 3 4 2 2 2 2 1 3 2 2 2 1 2 2 3 1 3 
1 4 2 1 1 4 3 0 2 3 3 3 4 4 2 2 2 2 4 3 2 4 4 2 3 1 4 4 1 1 1 3 2 2 4 3 4 3 3 3 4 2 1 1 1 2 2 4 3 1 4 1 2 1 3 2 2 3 4 2 2 4 4 2 4 1 3 3 2 3 4 4 4 2 2 3 1 3 3 2 3 3 3 4 4 2 4 1 4 1 2 4 2 4 3 4 2 3 1 4 
4 1 1 1 2 1 4 3 0 3 1 4 4 2 4 1 4 3 4 2 4 1 4 4 1 2 4 3 1 4 4 4 2 4 2 4 4 3 3 3 3 1 3 2 2 1 2 2 1 2 1 4 2 3 1 1 4 2 3 4 4 1 3 4 2 2 4 3 3 4 1 4 3 2 3 1 3 2 3 4 4 1 1 3 2 2 3 3 1 1 3 1 4 4 3 3 1 2 2 2 
1 2 3 4 2 3 4 1 2 0 2 1 3 1 2 1 1 4 4 4 1 2 2 3 3 1 2 1 1 4 3 3 3 2 4 2 1 1 1 4 2 4 3 1 4 4 1 4 4 1 3 1 4 1 2 1 3 3 4 1 1 4 3 4 4 1 3 4 2 1 4 4 2 4 2 3 1 2 4 1 3 4 4 1 1 1 2 1 3 3 1 2 2 1 3 1 2 2 1 3 
4 2 1 3 3 4 1 1 2 2 0 2 1 3 1 3 2 1 1 3 1 3 3 4 4 2 3 2 4 2 4 3 4 1 1 2 4 4 4 4 4 3 1 2 2 1 1 1 3 2 1 1 2 1 2 4 2 3 2 4 2 1 3 1 1 4 3 4 1 2 3 1 3 1 4 2 3 4 2 3 3 3 1 2 2 3 2 2 2 4 1 3 2 1 3 4 1 1 2 4 
3 1 3 2 2 2 3 1 3 1 4 0 2 2 4 4 4 3 1 3 3 2 4 4 4 4 3 4 4 4 3 3 1 1 2 4 4 4 3 4 2 4 4 1 4 2 2 2 4 3 3 3 3 3 4 3 4 4 2 4 4 3 1 2 1 1 3 4 2 3 2 1 3 2 2 2 1 3 2 2 4 3 1 3 2 2 2 4 2 1 4 2 4 1 4 1 1 2 4 1 
4 3 1 1 1 1 2 3 4 2 4 1 0 3 3 3 4 3 2 1 3 2 3 1 1 1 4 3 1 1 1 1 2 1 3 3 1 1 2 3 2 2 1 2 2 3 4 4 3 4 1 3 3 2 1 2 4 3 3 2 4 3 1 1 1 1 3 4 1 3 4 3 1 4 2 2 2 3 3 2 3 3 3 2 1 1 1 3 3 3 3 4 1 4 4 2 3 2 1 1 
1 3 1 4 1 1 3 3 1 4 3 1 4 0 4 3 2 3 3 4 4 1 2 2 2 2 3 4 4 4 2 4 4 4 1 1 1 3 3 2 1 2 4 4 2 3 1 3 3 3 2 3 1 1 1 2 1 2 1 4 3 3 2 4 2 3 2 2 2 4 4 4 3 4 3 3 2 3 3 2 2 2 2 1 3 2 3 3 4 1 2 3 1 1 3 4 3 1 3 3 
3 3 1 3 3 2 1 2 1 4 3 2 3 2 0 2 1 4 1 3 4 2 2 3 4 2 2 3 4 3 3 1 3 1 1 3 2 4 3 3 3 1 1 3 2 1 4 1 4 1 4 3 4 4 2 4 3 4 2 4 3 4 3 2 4 3 2 1 2 4 1 1 2 3 4 4 3 1 2 2 2 3 3 3 2 1 1 4 2 2 3 1 2 3 1 4 1 3 2 4 
1 4 4 2 4 1 3 3 2 3 4 4 3 2 4 0 2 1 1 4 1 4 1 3 3 1 2 4 2 1 2 4 3 1 1 2 2 4 2 1 1 2 4 3 4 1 3 2 3 1 2 1 3 4 3 2 3 2 1 4 4 2 2 3 3 4 3 2 3 2 3 1 4 4 1 4 2 3 1 2 3 4 1 3 3 2 3 2 2 3 3 4 2 1 1 4 1 1 1 4 
2 4 2 1 1 1 3 4 4 4 4 1 4 3 2 2 0 4 4 2 1 3 2 1 1 3 1 2 1 3 4 3 2 1 2 4 1 1 4 1 2 3 4 2 1 1 2 1 1 4 3 4 4 3 3 1 3 2 3 4 4 3 1 1 4 1 2 1 2 3 2 3 2 1 3 1 1 3 1 4 3 1 2 4 1 1 2 4 3 4 3 3 1 2 3 2 1 1 3 4 
2 2 1 2 4 1 2 4 3 3 4 2 1 4 1 1 2 0 2 3 3 3 1 4 3 1 3 2 1 3 2 2 1 2 4 3 2 2 2 1 2 2 2 2 2 3 2 1 2 1 1 3 2 3 3 4 4 3 2 4 1 3 3 1 3 4 3 3 2 4 1 4 4 2 4 1 4 3 4 2 1 3 1 1 3 4 2 1 3 3 4 3 1 1 2 4 2 1 4 1 
3 2 4 1 2 3 4 2 1 2 4 1 3 1 4 3 2 2 0 2 4 4 2 4 2 2 4 2 4 2 4 4 1 1 1 3 3 1 2 2 3 3 1 4 3 2 2 1 1 4 1 3 4 1 2 2 1 1 1 2 2 3 3 3 2 4 1 1 2 3 3 3 2 4 2 1 2 2 3 4 4 1 3 1 1 3 4 2 2 1 1 4 1 4 4 2 4 1 3 2 
4 1 4 3 3 3 2 4 4 3 4 3 3 2 1 3 3 4 3 0 1 1 4 4 2 1 4 3 1 1 4 2 4 1 2 4 4 3 1 4 2 1 2 3 1 2 3 3 2 4 2 3 1 4 4 4 3 3 4 3 2 2 2 4 3 2 1 4 3 4 2 1 4 3 3 4 3 4 1 4 2 3 2 2 1 4 4 1 1 1 1 4 2 1 2 2 1 3 4 1 
3 1 4 1 3 2 1 1 3 3 4 1 3 2 4 4 4 1 3 4 0 4 3 4 4 2 4 3 4 3 2 4 2 1 2 1 4 4 3 4 3 1 2 1 1 1 1 3 2 1 4 1 4 2 1 2 1 3 4 3 3 1 3 3 2 2 4 2 3 1 4 2 1 1 3 2 4 2 4 2 2 2 2 4 1 2 4 1 1 1 4 2 4 3 1 4 3 1 2 2 
3 3 2 1 1 3 3 2 4 3 2 3 4 2 3 1 3 2 4 3 3 0 4 3 3 1 4 4 1 3 1 2 1 4 1 1 2 2 4 2 4 4 3 1 4 4 3 4 3 1 2 1 3 1 1 3 2 1 1 2 1 2 2 1 2 4 1 1 3 4 2 1 4 2 3 4 3 1 4 4 4 4 3 1 2 3 2 3 1 4 4 2 4 2 2 3 4 1 1 2 
4 2 4 1 3 3 3 1 2 3 4 1 3 2 4 2 3 2 3 2 3 2 0 3 4 1 4 1 3 1 1 4 2 4 3 4 2 2 1 3 2 3 4 1 2 4 3 4 2 2 1 4 3 3 4 2 2 3 3 2 4 3 4 2 3 3 2 2 2 2 3 4 1 1 1 4 1 1 4 1 3 4 1 2 2 2 2 1 4 4 4 1 2 1 1 3 3 3 1 1 
3 3 4 4 4 1 3 2 4 1 2 3 3 1 2 1 3 4 4 4 4 4 4 0 2 1 2 3 3 2 2 1 3 4 1 3 2 1 3 2 1 2 2 1 1 1 2 3 3 3 4 4 1 2 1 3 4 3 2 2 1 4 3 1 3 2 3 2 2 1 4 1 1 4 3 2 4 4 1 4 1 2 3 1 2 3 4 2 4 3 3 1 4 4 2 3 2 3 2 3 
4 4 4 2 3 2 1 3 2 4 2 4 4 1 2 3 3 3 4 3 4 3 1 3 0 1 3 4 3 2 4 3 3 2 2 1 3 2 2 4 1 1 2 3 3 4 1 2 1 3 4 4 4 3 4 1 2 4 4 1 4 3 2 2 1 1 1 2 2 4 4 2 2 4 3 1 2 3 2 3 4 3 3 4 4 4 3 3 3 4 1 2 1 1 3 4 2 3 3 2 
2 1 3 3 2 1 1 1 3 1 3 1 4 1 2 1 4 2 3 1 2 1 4 4 2 0 3 2 2 1 2 1 1 2 3 4 3 3 1 2 4 3 1 3 3 4 2 4 2 3 3 3 1 2 1 4 4 4 1 1 1 4 1 4 3 4 2 3 4 1 1 1 4 2 2 3 4 1 1 2 3 3 4 4 2 2 4 3 3 1 1 1 3 4 2 3 2 2 2 1 
1 4 4 1 1 1 3 2 2 2 2 4 3 2 2 1 3 2 1 3 4 4 4 1 1 3 0 2 3 1 1 4 1 1 4 2 2 2 2 3 2 3 2 3 4 4 3 2 1 4 4 1 1 2 4 2 3 2 1 4 1 1 4 2 3 2 1 4 4 3 4 4 3 1 2 3 2 2 3 2 2 3 2 1 3 3 1 4 1 4 3 1 1 1 3 2 2 1 3 3 
1 1 3 4 4 1 4 3 4 4 2 1 3 1 1 3 4 2 4 4 4 4 4 2 3 4 2 0 2 2 4 1 3 2 3 1 1 3 1 2 4 4 1 4 3 3 1 3 4 1 4 1 3 4 4 1 4 3 4 1 4 1 3 3 3 4 1 1 4 2 1 4 4 2 3 2 3 3 3 2 2 4 2 4 2 2 4 3 1 4 3 4 2 3 1 1 4 2 1 1 
2 1 4 1 4 2 1 3 4 4 3 4 3 2 2 3 2 4 1 4 3 2 3 3 1 1 2 4 0 3 3 2 2 2 4 3 2 1 1 4 3 3 2 2 1 2 3 3 4 3 4 1 4 4 2 3 2 3 1 3 3 1 3 1 3 4 2 1 3 3 2 3 1 1 1 1 4 4 3 3 1 4 2 4 2 4 2 2 3 2 4 2 1 4 3 3 4 2 4 1 
1 1 4 4 3 4 1 2 2 1 1 1 3 2 2 4 1 4 4 2 1 3 3 3 3 3 2 3 3 0 4 4 2 3 1 1 1 1 3 4 1 2 1 1 3 4 2 3 2 3 4 1 4 3 2 1 3 4 2 3 2 4 4 1 4 2 1 2 4 2 1 4 1 3 3 3 4 4 4 3 1 3 1 3 4 1 2 4 3 2 1 4 4 1 1 4 2 4 3 3 
4 2 1 2 4 2 1 2 2 3 3 2 1 2 1 2 3 1 4 4 3 3 1 1 1 4 1 4 3 4 0 2 2 4 3 3 2 3 2 2 4 3 1 2 4 2 3 2 4 3 4 3 4 2 4 4 4 1 3 4 2 3 1 4 1 1 1 2 4 4 4 3 1 1 4 2 1 3 1 2 4 1 2 4 2 1 1 3 1 2 2 4 4 1 3 2 1 4 2 2 
2 4 3 4 1 4 4 1 3 3 4 4 3 3 3 4 4 1 4 3 2 2 4 1 3 2 3 2 3 1 1 0 1 4 1 1 3 1 1 2 3 2 4 2 2 4 3 1 2 4 2 4 2 2 1 1 2 1 1 3 3 4 4 4 4 2 1 1 1 4 4 2 1 2 1 2 3 2 1 1 2 2 2 3 3 1 1 4 3 3 1 1 3 2 2 3 3 1 3 3 
1 3 1 1 1 4 2 3 2 3 1 1 2 3 3 2 1 3 4 3 4 4 1 3 3 1 1 3 3 3 2 4 0 3 1 4 2 3 4 4 3 2 4 1 4 1 1 3 2 4 1 3 1 2 2 2 2 3 2 3 3 1 3 1 2 4 3 2 1 1 3 3 3 3 4 4 4 1 1 4 2 1 2 4 3 2 3 4 3 4 2 4 1 2 4 3 1 1 1 1 
1 2 1 2 3 1 4 3 3 3 2 3 3 1 3 1 4 4 4 1 1 1 3 4 3 4 4 4 1 3 1 4 1 0 4 1 1 1 4 4 3 2 3 2 3 2 1 3 4 1 1 3 1 1 4 1 3 3 2 3 2 3 1 1 2 2 2 2 1 3 2 2 1 3 4 3 4 1 1 1 2 4 2 3 1 4 1 3 2 1 4 4 2 3 4 2 3 3 4 3 
3 2 3 1 3 3 1 4 1 4 3 1 2 4 4 3 3 3 1 4 3 3 1 4 2 1 1 4 1 2 2 2 3 2 0 3 2 3 2 3 4 1 2 1 4 3 4 2 2 4 3 3 2 2 2 2 2 1 1 4 2 3 2 1 3 1 3 3 3 1 4 3 4 3 4 2 3 3 3 1 4 3 2 1 2 4 4 4 2 4 4 1 3 1 4 2 1 4 4 1 
4 1 4 1 1 1 4 1 2 2 1 4 1 4 1 3 2 2 2 3 4 4 3 1 1 3 4 1 4 3 1 2 4 4 3 0 4 1 1 4 2 2 3 4 4 1 1 1 4 2 3 1 3 1 1 2 1 2 1 2 1 2 3 2 1 4 1 4 4 3 3 3 4 3 3 2 3 4 4 1 3 2 2 4 2 3 2 3 3 4 1 2 4 1 4 4 1 4 4 4 
3 4 3 3 4 4 2 4 2 1 1 2 1 3 3 1 2 4 4 4 4 4 1 4 4 2 4 3 4 4 1 2 2 1 2 2 0 4 2 3 2 3 4 3 1 2 1 4 1 2 4 2 4 1 1 4 4 2 1 1 4 3 4 4 3 3 4 4 4 1 3 1 3 2 1 2 2 2 4 4 1 4 3 2 2 2 1 1 1 4 4 1 2 1 2 1 3 2 2 4 
2 2 2 4 3 4 3 2 3 3 3 2 1 3 4 2 2 1 2 4 4 3 3 4 2 3 3 4 2 2 4 4 3 1 1 1 4 0 3 2 3 4 1 1 4 3 4 1 2 3 2 4 2 3 2 2 4 2 4 2 1 2 3 4 2 4 3 2 4 4 1 2 4 1 3 3 4 3 3 4 2 4 4 2 4 2 4 4 4 2 4 3 1 4 3 3 3 1 4 2 
1 2 2 4 4 1 2 2 1 4 3 3 4 3 2 2 1 1 1 4 3 2 2 4 3 3 3 4 2 2 1 1 2 3 3 1 2 4 0 1 2 4 3 2 1 2 1 2 1 4 1 2 3 1 4 2 3 4 1 2 2 4 1 3 2 1 4 2 2 2 1 1 4 1 4 4 2 4 4 3 3 3 3 3 3 2 1 2 4 4 3 1 2 3 4 4 4 3 4 1 
1 2 4 3 2 2 1 4 4 1 2 2 1 4 1 2 1 1 3 3 3 1 1 1 4 1 3 4 2 2 2 1 3 2 1 2 3 3 2 0 3 4 4 3 4 2 3 3 4 3 4 3 1 4 3 3 2 4 4 2 4 2 1 1 4 3 4 2 1 4 3 2 4 4 1 2 2 3 1 2 1 2 2 3 4 2 3 2 1 4 2 1 3 3 3 1 4 2 2 1 
1 3 4 2 4 1 3 1 4 3 4 1 2 1 4 4 4 3 2 1 3 3 2 1 2 3 1 4 4 2 1 1 1 1 3 2 3 3 4 3 0 1 3 4 3 1 4 2 2 3 2 4 1 4 2 3 3 1 2 1 2 3 1 3 3 4 2 2 3 1 1 2 4 1 4 1 4 1 2 4 2 3 2 1 3 2 4 2 3 4 4 2 2 2 4 2 2 4 4 3 
2 2 4 4 4 3 2 4 3 3 2 4 3 2 1 2 1 1 3 1 1 4 3 4 1 3 2 4 4 3 1 4 3 2 3 2 1 1 3 3 4 0 2 2 1 4 1 4 2 4 3 4 3 2 1 2 4 3 1 3 1 3 2 1 3 4 2 1 3 2 3 2 4 4 3 1 1 4 2 1 4 4 1 3 2 1 2 1 2 4 4 2 4 3 4 2 4 3 2 2 
3 1 3 1 4 1 2 1 1 1 3 3 4 2 3 1 2 1 4 4 4 1 3 2 3 2 1 1 1 3 2 4 2 2 3 4 4 3 3 2 1 2 0 3 4 3 1 1 4 1 3 4 4 1 1 1 2 3 2 4 1 1 2 1 4 1 4 3 3 4 1 2 2 1 3 1 3 2 4 4 2 1 1 4 2 1 4 1 4 4 2 2 3 2 1 1 2 4 1 4 
3 4 1 3 2 3 2 1 1 4 1 1 3 3 2 3 4 2 3 1 2 3 2 3 2 3 2 4 2 3 3 4 4 2 3 1 2 1 2 2 2 4 1 0 3 1 3 1 3 4 1 4 2 1 4 3 1 4 4 1 2 3 1 3 4 2 1 4 1 1 4 1 1 4 2 1 3 2 2 1 1 4 3 1 3 3 3 4 3 2 2 3 1 1 2 2 3 1 4 3 
1 4 2 4 4 3 2 1 2 1 2 4 2 3 2 2 1 1 1 2 3 2 1 3 1 4 1 1 4 3 2 2 4 3 2 4 3 2 1 4 3 3 3 4 0 2 3 4 2 2 2 3 2 4 4 4 1 1 3 3 2 1 4 4 1 2 3 3 4 1 4 1 1 4 1 2 2 4 4 4 3 2 3 2 3 2 1 4 4 3 3 2 4 3 4 3 4 4 1 4 
3 4 3 4 4 1 4 1 3 3 3 1 1 1 1 4 4 3 2 2 4 1 3 4 3 2 2 3 3 2 1 4 3 2 2 3 3 2 3 3 4 4 3 2 1 0 4 4 1 4 4 4 3 3 3 2 3 1 3 4 2 2 4 2 3 4 1 4 3 4 1 3 3 2 1 4 3 2 1 4 3 3 2 4 2 4 1 4 2 1 1 1 3 1 3 1 2 2 1 4 
1 1 4 1 4 1 2 1 3 2 3 1 1 4 2 4 4 4 3 1 4 2 3 2 3 1 3 3 4 2 4 3 2 4 1 3 2 2 4 2 4 3 3 3 4 1 0 1 2 1 4 4 3 4 4 3 3 3 2 4 1 4 1 3 1 3 3 4 3 1 4 4 1 4 4 2 4 2 3 2 2 2 1 2 4 1 4 2 2 1 3 1 4 3 2 1 2 4 1 4 
4 2 4 2 1 3 2 1 1 2 1 3 1 4 1 3 4 2 2 2 3 3 3 3 1 2 3 4 2 2 2 4 2 3 1 4 3 3 4 4 4 2 1 3 2 4 2 0 4 1 4 2 2 4 2 2 2 4 3 3 4 3 1 1 3 3 3 2 4 2 4 1 3 1 3 1 1 1 1 2 3 3 1 3 2 3 2 2 1 1 4 1 3 1 1 4 2 3 2 1 
4 3 3 3 2 3 4 2 4 3 1 4 1 4 4 1 1 1 4 3 2 3 4 3 4 1 2 3 4 3 3 3 1 2 4 3 2 4 3 2 1 3 4 3 2 3 1 4 0 1 1 2 1 4 2 3 2 3 2 1 3 4 3 3 2 2 1 1 3 2 4 4 4 4 3 1 1 4 4 2 3 4 2 4 3 3 1 3 1 1 1 1 2 4 3 1 2 3 2 1 
3 1 3 1 1 1 3 4 3 4 3 1 4 3 3 3 2 4 1 4 4 4 4 4 2 1 4 4 4 2 4 2 2 3 2 2 1 1 4 1 1 1 1 4 3 4 2 3 2 0 3 4 1 4 4 1 2 4 2 2 4 1 4 3 4 2 1 1 1 1 4 1 4 3 4 3 2 2 2 4 1 4 3 2 2 2 1 3 1 3 2 1 2 1 4 2 3 3 4 3 
4 4 4 3 1 2 1 4 3 4 3 3 2 3 1 2 3 3 3 1 1 4 3 3 4 2 1 4 1 2 2 2 2 1 3 4 1 2 3 3 4 2 4 3 1 1 1 1 1 2 0 1 4 2 2 2 4 4 1 4 4 1 3 1 3 3 3 2 1 1 3 1 1 1 2 2 3 1 1 1 3 2 2 3 4 3 3 3 1 1 3 1 4 2 3 4 1 1 1 1 
1 2 2 4 3 2 3 3 1 2 4 1 2 1 3 4 3 1 3 1 1 2 1 4 3 1 4 3 2 4 4 2 3 2 1 2 3 2 2 4 2 2 2 4 1 4 2 2 1 3 4 0 3 3 2 3 2 4 4 4 4 3 1 2 2 2 4 2 3 4 4 2 4 3 1 2 2 3 1 3 3 4 4 1 4 1 3 1 2 3 4 4 1 1 2 3 2 1 1 2 
1 3 2 3 2 2 4 1 2 1 3 1 4 3 1 4 4 2 3 1 2 4 1 2 2 2 3 4 1 2 3 2 1 1 3 1 1 2 2 1 3 4 3 4 1 3 3 3 4 1 3 1 0 2 3 1 3 4 3 3 4 1 4 4 4 2 2 1 1 1 3 4 3 4 3 2 4 4 4 1 4 2 1 4 3 1 3 1 3 3 1 2 4 4 2 3 2 1 3 4 
2 1 4 1 2 1 4 2 1 1 1 4 4 2 3 2 4 1 2 1 1 1 3 2 1 1 1 2 4 3 1 2 4 2 4 2 3 2 1 2 1 4 3 4 1 3 3 1 2 4 1 1 3 0 1 1 4 3 3 1 3 4 3 3 1 1 1 1 1 2 2 1 1 3 4 2 1 2 4 2 1 1 1 4 1 3 2 2 3 3 1 3 3 2 3 2 1 4 3 3 
1 2 3 4 4 4 2 2 1 3 4 1 3 2 4 3 1 4 4 2 3 2 4 2 3 4 2 2 2 3 3 3 4 4 2 3 4 2 3 1 3 4 1 2 2 4 4 1 2 4 4 2 3 4 0 4 1 4 2 1 2 4 3 4 2 4 1 1 4 3 4 1 4 1 2 1 3 4 4 4 2 4 4 3 2 1 4 3 4 1 3 2 2 2 2 1 2 1 3 2 
1 3 2 4 1 2 2 1 1 4 4 2 4 4 3 1 4 3 3 2 1 3 4 3 3 3 2 1 2 2 2 3 1 3 3 4 2 2 1 1 4 2 3 3 4 2 3 3 2 3 2 3 3 4 4 0 3 1 2 4 1 2 2 2 4 4 3 4 2 1 1 2 2 2 3 4 4 3 1 2 3 2 2 1 2 3 1 1 1 1 2 4 4 3 3 1 1 1 2 2 
3 2 3 1 1 3 3 4 2 4 1 4 3 2 3 4 1 3 1 4 2 1 3 2 4 4 2 1 1 3 3 4 2 4 2 3 4 1 2 4 3 1 3 3 3 1 1 3 2 1 4 1 4 4 4 3 0 1 4 1 3 2 1 2 4 1 1 1 1 1 2 2 4 4 4 3 4 1 4 4 3 4 1 2 3 1 2 2 3 4 4 1 4 1 1 2 3 2 2 3 
3 2 3 3 1 3 2 2 2 1 2 3 2 3 2 1 4 4 1 1 2 1 4 4 1 1 3 4 2 2 2 3 1 3 1 4 3 3 4 3 1 4 2 1 4 4 2 2 2 1 4 2 3 2 4 3 1 0 2 2 3 4 3 1 3 1 2 2 1 3 1 4 3 1 4 1 2 4 1 3 3 4 1 3 1 1 1 1 4 1 1 2 2 2 1 1 4 3 3 3 
1 3 3 4 3 1 2 4 1 3 3 1 1 1 3 3 3 4 1 3 4 4 1 2 1 1 1 1 1 3 1 2 1 2 2 1 3 2 2 1 2 4 3 1 2 2 2 1 1 4 2 3 1 4 4 4 4 2 0 3 1 3 3 2 1 2 2 2 4 4 3 1 4 4 4 3 4 2 1 3 2 2 4 4 3 3 1 4 1 4 3 4 4 2 1 4 2 2 2 3 
1 3 1 3 2 3 1 3 4 4 1 4 2 4 4 4 2 1 1 2 2 1 2 4 3 4 3 1 1 1 1 2 3 1 2 3 1 1 4 4 2 4 4 4 1 4 3 1 4 2 3 2 1 1 1 3 4 1 2 0 2 1 4 4 1 4 4 2 4 4 4 1 2 1 1 3 4 1 4 4 2 3 4 1 4 1 3 3 1 3 2 2 2 1 3 2 3 1 3 1 
1 3 1 1 1 4 2 1 1 2 2 3 2 4 3 3 3 1 2 1 1 2 3 2 1 2 1 4 1 3 4 2 1 3 3 1 4 1 4 3 1 3 1 4 3 1 2 1 3 4 4 4 1 2 3 4 3 4 1 3 0 1 1 1 2 4 2 3 1 4 1 4 4 1 4 2 1 1 2 4 3 2 1 1 1 4 3 1 1 3 3 3 4 1 1 1 1 2 3 2 
3 4 3 1 1 4 2 3 3 4 3 2 2 4 2 4 1 1 1 3 4 2 3 4 3 2 1 1 4 3 2 4 1 2 4 3 2 1 1 3 1 4 2 4 4 1 3 1 4 1 1 1 2 4 1 3 1 1 4 2 2 0 1 3 4 1 3 4 1 3 4 1 2 4 2 2 2 2 4 2 1 1 1 3 3 3 1 4 3 2 2 2 1 2 1 3 4 2 1 3 
1 2 3 4 3 3 4 1 4 2 4 4 4 1 2 2 4 1 4 3 2 4 4 1 3 2 4 4 2 2 1 2 1 4 4 1 2 2 1 4 1 1 1 2 4 1 2 2 2 3 3 2 3 2 2 3 3 3 2 1 2 3 0 4 4 3 2 2 2 3 4 4 4 2 2 3 3 4 2 2 3 4 1 3 3 4 3 3 2 1 2 2 3 3 2 3 4 1 2 1 
2 1 4 2 3 2 2 2 4 3 4 2 1 4 1 4 1 1 1 3 3 2 2 2 1 3 3 3 2 1 1 1 1 4 4 4 3 4 2 4 4 3 1 3 2 3 4 4 3 3 4 1 3 3 3 2 2 4 4 4 1 3 1 0 2 4 3 1 4 1 2 4 2 1 2 1 1 1 3 1 4 3 3 4 4 1 1 3 4 1 4 4 2 2 3 2 2 4 4 1 
1 2 3 3 3 3 2 4 1 4 1 3 2 2 3 1 4 2 1 3 2 1 1 4 1 4 4 4 1 1 2 3 1 2 4 3 1 1 2 2 4 2 2 1 2 4 2 3 4 1 2 3 1 3 4 3 3 4 1 3 4 3 4 4 0 2 3 1 1 1 2 2 4 1 3 4 3 3 3 4 2 1 1 1 1 4 4 2 1 4 3 2 3 1 1 3 4 2 4 1 
4 4 1 1 4 3 2 3 3 1 2 3 4 3 2 1 1 3 2 2 4 1 2 1 1 3 4 2 1 4 4 2 3 1 1 3 4 2 3 3 4 2 2 4 2 1 1 1 4 4 2 2 1 2 1 3 4 2 2 4 2 4 1 2 3 0 2 3 4 4 4 4 1 4 1 3 3 3 1 2 2 1 1 4 4 2 3 4 1 2 3 4 2 1 4 2 4 4 4 2 
4 2 1 3 3 4 4 1 1 4 2 1 4 1 3 2 2 1 1 2 2 2 2 1 2 3 2 1 4 1 3 2 4 4 1 2 4 4 1 1 3 4 3 4 4 4 4 2 3 4 3 2 4 2 2 1 4 3 1 4 4 2 3 3 1 3 0 1 4 4 2 2 2 4 4 3 2 2 3 1 3 4 2 4 2 3 3 1 4 2 4 1 4 3 2 1 3 4 1 4 
2 4 1 2 1 4 4 2 3 3 1 3 2 1 3 2 4 3 2 3 4 1 2 4 1 1 3 2 1 3 4 2 3 2 3 1 1 2 4 2 1 3 4 2 2 1 3 1 3 3 1 4 1 1 2 4 3 1 1 1 3 1 2 4 4 2 2 0 1 4 1 2 3 2 2 4 2 2 1 2 4 4 2 4 2 1 3 2 1 4 3 2 4 4 2 4 1 3 1 4 
2 3 3 3 3 3 2 4 3 1 2 2 1 1 2 1 2 4 3 3 2 1 2 3 2 3 1 3 2 1 1 3 4 4 2 1 4 2 4 1 4 3 3 2 2 4 1 2 1 4 1 4 2 1 1 4 4 4 1 3 2 1 3 4 1 2 1 4 0 1 1 4 4 2 4 1 1 3 4 4 2 3 4 4 1 1 2 2 4 1 4 4 4 3 1 3 4 3 3 3 
1 1 2 4 1 4 4 1 2 1 4 1 1 4 1 3 4 1 2 4 2 2 4 1 4 1 2 4 2 1 4 3 3 1 2 2 2 3 1 3 3 2 2 3 4 1 3 2 3 2 2 4 2 2 3 3 2 2 1 2 4 2 4 1 3 4 3 2 1 0 3 1 1 1 2 2 2 2 3 3 2 4 2 4 3 4 2 2 3 2 4 3 2 3 3 2 1 3 2 1 
1 2 2 1 3 3 3 4 1 1 4 3 2 2 1 1 1 2 3 4 3 3 4 2 4 1 2 2 1 3 2 4 3 3 2 2 4 1 4 3 1 2 3 1 2 4 4 2 2 3 2 2 1 1 1 1 4 2 4 1 4 3 4 2 2 3 2 2 3 3 0 2 3 3 1 3 4 4 2 1 1 2 3 4 3 4 4 1 2 3 3 3 3 4 1 1 1 2 3 1 
4 1 3 4 4 2 3 1 1 1 3 2 4 1 2 3 3 3 3 4 3 4 1 2 1 2 1 4 1 3 1 4 3 4 2 3 2 4 4 1 1 3 1 3 3 2 2 4 1 2 1 4 1 1 4 2 2 3 1 4 4 2 2 4 4 3 4 2 3 3 1 0 3 4 4 4 3 2 2 3 3 2 4 4 1 3 1 3 4 1 2 2 2 3 2 1 1 3 2 2 
4 2 2 4 1 4 1 2 4 4 2 1 4 3 4 4 2 1 4 1 1 3 2 1 3 1 3 3 2 1 3 4 1 1 4 2 2 2 4 1 2 4 1 2 3 2 4 3 3 3 3 3 4 2 2 2 1 4 4 4 2 1 2 3 2 2 1 1 3 1 1 4 0 2 3 2 1 1 1 4 1 2 4 2 3 1 4 3 3 4 1 2 2 4 2 4 1 4 1 1 
4 1 2 1 4 3 1 2 4 3 4 2 4 4 2 1 2 4 1 1 3 1 1 1 2 2 2 4 1 4 2 2 2 2 3 4 4 3 1 1 1 2 1 4 1 3 1 3 4 1 4 2 4 4 1 4 1 3 3 2 1 3 4 3 3 4 1 1 3 1 2 3 1 0 3 1 2 2 1 3 1 3 1 4 1 1 4 2 3 4 3 2 2 3 1 2 4 2 2 3 
3 1 2 4 3 3 1 1 3 2 1 4 2 4 3 4 1 1 2 1 1 2 1 4 4 1 3 3 3 2 3 2 3 3 2 1 4 2 3 4 2 1 2 2 4 1 3 1 4 3 4 3 1 1 1 4 4 2 2 3 2 2 1 1 2 2 1 2 3 1 2 1 1 4 0 4 1 4 2 1 3 3 4 1 4 2 3 4 1 3 2 1 1 3 2 2 3 1 3 1 
2 4 2 2 2 2 4 3 2 2 4 4 1 2 4 3 3 4 3 1 4 4 1 4 4 4 4 2 1 3 2 3 1 3 2 3 4 3 3 3 3 2 3 3 4 3 2 2 2 2 1 1 1 3 2 2 3 4 4 4 2 4 3 4 4 2 1 3 1 4 4 2 3 3 4 0 4 1 3 2 4 3 3 2 1 2 1 3 1 4 1 3 2 3 1 4 2 2 3 2 
4 1 4 1 3 1 3 3 1 1 2 2 4 4 1 1 4 4 4 1 1 4 1 3 3 4 4 2 4 1 3 3 3 3 4 3 2 2 4 3 4 4 2 3 2 2 2 2 2 3 1 2 4 3 2 3 2 4 1 1 4 2 3 1 4 2 3 2 3 4 4 2 4 1 1 3 0 2 3 1 2 3 3 4 4 2 4 4 3 4 3 4 3 1 4 1 3 3 4 2 
2 1 4 2 4 4 1 1 2 2 3 4 2 4 1 3 2 1 1 1 4 4 1 4 1 4 1 3 4 2 1 4 3 1 1 2 3 3 1 4 3 4 3 2 3 3 3 4 4 3 2 2 1 4 4 1 1 4 1 3 1 3 3 2 2 1 1 3 3 3 1 4 3 4 3 1 2 0 1 2 4 4 2 2 4 2 4 2 2 2 3 3 4 1 4 1 2 1 3 2 
4 4 4 2 1 4 4 1 3 3 2 4 1 1 2 1 2 3 4 1 2 1 3 1 3 1 2 3 2 4 4 3 2 2 1 2 4 1 3 2 1 4 3 4 4 2 4 4 1 2 2 3 3 4 2 4 3 1 4 1 4 2 4 2 4 2 4 1 3 1 4 3 2 4 2 2 3 3 0 3 2 2 4 2 1 4 3 4 1 2 2 3 4 2 1 1 3 3 4 3 
1 4 3 1 3 2 3 4 3 3 3 4 4 3 2 2 2 2 4 4 2 1 1 3 4 4 2 3 3 2 3 1 4 3 2 4 1 2 1 2 3 3 3 3 3 4 4 3 4 3 3 4 1 1 1 2 4 3 2 4 3 4 2 1 3 4 1 4 2 3 1 4 2 1 1 3 1 3 2 0 1 4 3 1 1 3 4 3 2 1 3 2 3 3 4 2 4 2 3 4 
3 1 3 2 3 2 4 3 1 1 4 2 2 4 3 3 2 1 3 3 2 2 1 2 1 4 3 3 3 2 3 4 1 2 3 1 1 2 3 1 2 1 2 4 2 2 1 4 1 3 1 1 1 4 3 3 1 3 3 1 2 2 4 4 4 2 3 1 4 4 2 4 1 1 2 3 2 3 2 2 0 4 2 3 3 3 1 3 3 1 4 3 1 3 4 1 3 4 4 3 
1 2 3 1 3 2 2 1 1 4 3 1 3 2 3 4 2 4 3 3 4 3 4 4 1 3 3 1 3 2 3 4 2 2 3 1 4 4 4 1 2 4 1 1 4 4 3 3 2 3 1 3 2 3 2 4 3 4 3 2 2 3 2 4 3 4 1 2 1 3 1 1 1 2 4 1 4 4 3 1 1 0 4 3 3 1 3 3 1 1 3 3 3 2 4 3 1 3 3 1 
3 2 3 4 1 3 2 1 4 1 4 1 1 1 3 1 4 2 3 3 1 3 1 1 2 3 2 4 3 1 2 4 4 1 4 3 4 1 3 3 2 1 4 2 4 1 4 2 3 2 2 1 4 4 3 4 4 2 2 1 1 4 3 1 1 1 3 3 1 4 2 3 3 4 3 4 3 4 2 3 2 4 0 2 1 2 1 3 4 1 4 4 3 4 3 3 2 3 1 3 
3 4 3 4 2 1 3 3 3 1 1 4 2 2 1 3 1 4 4 2 4 1 4 3 4 2 3 4 1 1 1 2 3 3 1 4 3 4 1 2 2 3 4 4 2 1 2 1 4 1 3 2 3 3 3 3 3 3 3 3 4 1 3 1 2 3 4 2 1 4 2 3 4 3 4 2 4 1 1 4 2 4 3 0 4 1 3 2 4 4 4 3 1 3 4 3 2 1 4 4 
2 2 2 4 1 1 2 4 2 4 3 4 3 1 4 1 3 4 3 1 1 1 4 1 3 3 3 3 4 4 3 2 3 4 2 1 2 3 2 4 3 1 1 3 1 1 1 1 2 3 1 4 3 4 3 2 1 3 1 1 3 1 2 2 1 1 2 2 2 1 2 2 2 4 3 2 2 1 3 4 1 2 3 3 0 2 3 1 2 1 4 4 3 4 2 1 2 4 1 4 
1 1 4 3 1 2 1 2 2 3 2 4 3 3 3 3 1 2 3 4 4 1 1 2 1 3 4 1 4 3 3 2 3 1 1 4 2 4 2 3 3 4 1 3 1 2 2 1 3 4 3 4 3 3 1 4 3 2 4 4 1 3 3 3 2 3 1 2 4 4 1 3 3 2 4 3 3 4 3 4 3 2 1 3 1 0 4 3 1 2 4 3 2 4 2 2 2 3 2 1 
4 3 2 1 4 1 2 2 3 2 1 3 3 1 1 3 1 2 2 4 1 1 2 2 3 2 1 2 2 3 1 3 1 1 2 4 2 4 2 2 4 1 4 1 4 1 4 4 2 1 4 4 4 3 3 1 3 3 4 4 4 1 1 3 4 4 3 3 3 4 3 3 3 3 2 4 1 4 1 2 2 3 4 2 4 4 0 2 4 1 1 1 2 4 3 2 3 3 3 1 
3 2 2 3 4 2 3 2 2 2 1 1 4 4 2 4 3 3 1 2 1 2 2 2 4 4 4 1 3 3 2 2 3 4 3 2 2 1 2 1 4 4 2 2 2 4 1 4 3 2 4 3 2 1 3 2 1 2 2 1 1 3 1 4 2 4 2 3 1 1 1 4 2 4 4 3 3 3 3 4 1 2 1 4 4 4 3 0 4 4 2 2 2 1 4 2 2 4 4 3 
3 4 1 4 1 3 2 3 1 2 1 3 3 2 3 2 2 3 3 3 3 3 3 4 3 4 1 2 2 2 1 3 3 4 1 4 3 1 4 4 2 2 1 3 4 1 3 2 3 2 1 4 2 1 3 2 1 4 2 3 1 1 1 1 1 1 3 4 4 2 3 1 2 4 4 4 4 1 3 4 2 4 1 2 3 4 4 1 0 1 1 3 4 2 3 3 3 4 4 1 
3 1 4 1 2 3 4 4 4 2 3 3 3 4 4 1 3 1 4 1 1 1 3 4 1 3 2 2 4 4 2 3 1 3 2 4 3 4 2 4 1 4 3 4 4 2 4 1 2 4 3 4 4 3 1 1 3 2 3 4 4 1 4 2 3 1 1 2 2 1 3 3 3 3 2 3 1 2 3 1 2 2 1 3 1 3 1 3 2 0 1 2 2 3 3 4 4 3 2 3 
4 3 3 3 1 2 2 2 3 2 4 3 1 1 3 1 2 3 1 2 3 3 2 1 1 4 1 2 2 2 1 4 2 2 4 2 3 1 3 2 2 4 4 3 4 1 2 2 2 2 2 4 2 3 3 2 3 3 4 3 1 3 1 3 2 4 4 2 1 2 4 4 4 1 1 1 3 4 4 4 4 4 3 2 4 1 3 1 4 2 0 4 3 3 3 2 2 4 2 3 
3 1 4 4 2 3 2 2 1 1 4 4 3 4 1 1 3 4 1 4 1 2 1 4 2 1 3 4 2 1 4 3 4 3 3 1 2 4 2 4 1 1 4 4 4 1 4 4 3 2 3 4 1 2 3 1 2 1 4 3 2 4 3 3 3 3 3 4 4 2 2 1 4 3 2 1 4 1 1 4 1 1 4 3 4 4 4 3 3 1 4 0 4 4 4 4 2 4 2 2 
4 2 3 2 3 3 4 1 4 2 4 3 4 4 1 4 2 2 2 1 1 4 3 1 4 3 1 1 2 4 3 3 3 1 3 3 3 1 2 1 1 4 4 3 1 2 1 3 4 1 1 1 1 2 4 1 4 2 4 4 3 2 2 3 1 1 2 4 3 1 3 4 1 1 3 4 4 2 4 1 4 3 4 3 4 2 4 2 3 4 2 3 0 3 3 3 3 1 2 3 
2 1 4 2 3 1 4 3 3 3 4 3 1 3 3 2 4 4 3 4 1 4 1 4 2 1 2 1 1 2 1 3 4 3 3 1 1 2 4 2 3 1 2 4 3 1 1 2 2 3 2 3 1 1 2 2 1 3 3 4 1 3 2 4 4 2 3 4 2 4 1 2 1 1 2 4 2 1 3 2 4 4 3 3 4 3 2 3 1 4 4 3 3 0 2 2 3 4 3 1 
3 3 1 2 1 4 4 1 4 4 1 3 2 1 2 2 2 2 2 1 3 2 1 2 4 1 3 1 1 1 1 4 1 3 2 1 4 3 1 2 4 3 4 2 3 2 3 4 1 2 3 1 3 4 2 2 4 2 1 4 1 3 3 2 2 2 3 1 2 2 1 2 2 3 2 1 4 2 2 1 4 2 4 4 1 4 1 1 1 3 2 1 4 2 0 4 4 1 1 1 
1 4 2 1 1 4 2 2 4 4 1 4 3 3 3 3 3 4 3 1 4 4 3 1 2 2 3 3 2 2 4 1 2 4 2 2 4 1 2 2 2 1 1 4 2 4 4 3 4 2 4 4 2 4 2 4 3 4 2 4 1 1 1 3 4 4 4 2 2 3 2 3 2 4 3 2 3 3 3 2 2 4 3 3 2 2 1 1 3 2 2 3 1 3 2 0 4 3 3 2 
3 2 2 1 3 2 3 2 2 1 4 2 3 2 3 1 1 3 1 1 2 2 3 1 2 3 3 1 1 3 2 1 3 4 4 4 3 1 2 2 1 1 4 4 1 2 3 2 3 4 2 2 1 2 2 1 1 2 1 4 1 2 1 2 3 2 2 4 1 4 3 3 1 2 4 1 3 4 2 1 3 1 1 2 4 2 1 1 1 2 3 2 3 3 2 3 0 1 3 2 
2 4 3 2 2 2 3 3 4 4 1 2 4 4 1 1 3 3 1 1 1 4 3 1 3 1 4 4 1 3 3 1 4 3 4 3 1 1 2 1 4 3 2 4 4 4 1 3 1 1 1 1 4 3 3 1 1 4 4 2 4 4 1 3 1 2 3 1 3 4 4 2 2 3 2 1 2 3 1 4 2 4 4 1 3 3 4 3 3 4 2 1 3 3 2 2 1 0 4 4 
3 1 4 4 3 1 4 1 3 1 1 4 1 3 4 4 1 3 1 3 2 4 3 4 4 3 2 1 4 4 4 3 3 3 4 4 1 1 4 3 2 1 4 4 1 3 4 4 2 2 1 2 1 1 3 2 2 1 1 2 4 3 1 2 3 3 3 4 2 4 4 1 4 4 2 3 3 2 4 1 1 4 3 4 4 3 4 3 3 1 3 4 4 4 3 4 1 4 0 3 
1 2 3 4 2 2 3 1 1 3 3 3 2 1 3 4 2 4 4 1 2 2 4 2 2 1 1 3 4 1 3 3 2 4 3 3 4 4 1 4 1 4 1 4 1 3 4 1 1 2 1 3 3 2 4 4 3 1 3 1 4 2 3 2 3 1 2 4 2 2 3 2 1 2 3 1 1 4 2 3 2 3 1 2 1 1 2 4 3 3 2 2 1 2 3 3 2 3 1 0 
