150
23 7322
11 1845
22 2242
46 5767
33 3521
39 761
45 5043
34 5276
4 1946
27 1314
33 3859
1 3406
15 1199
35 6011
37 2572
22 1411
50 5081
13 5242
21 579
46 2056
30 7466
29 996
40 4539
39 2795
47 5581
45 4998
10 5954
16 7481
44 2225
37 1334
39 7040
44 5575
37 7412
44 600
34 2881
46 2752
18 3549
5 2943
5 6203
2 4895
9 2573
46 7385
24 1167
17 4126
11 2819
14 6346
41 2503
38 782
35 1148
39 3461
47 5156
17 4156
10 7291
36 4911
20 981
5 2220
40 6619
29 7429
39 3840
8 5225
20 4070
49 4500
6 5589
32 2979
36 4870
13 7113
34 1534
18 1730
3 904
21 12
44 2494
27 2466
41 7109
24 1266
48 4022
43 1216
41 3658
26 6003
34 3216
7 5734
27 6296
35 7354
22 2568
34 5878
41 3719
46 1578
19 2550
50 1806
43 3312
14 5016
30 4715
30 2018
36 1804
24 0
35 3645
48 1817
50 7068
14 6389
43 6500
9 1552
39 3553
38 7353
9 7350
2 744
36 4402
26 5961
4 3574
43 3251
2 936
3 7431
20 6988
38 3626
11 4954
9 6850
23 2377
35 5016
24 4744
4 6283
50 3814
29 2602
21 1956
16 6916
48 6480
14 906
19 565
17 6502
39 2386
16 7118
24 5461
11 4762
34 4338
36 6179
45 4965
38 5108
49 3650
48 1360
35 7407
40 9
17 1506
32 6729
10 1621
24 4359
31 4575
41 3441
6 4718
42 5265
3 4609
6 6597
41 7238
45 3609
0 4 8 3 5 2 2 2 7 5 1 1 0 7 1 2 1 8 5 4 10 8 7 3 3 6 8 2 0 4 1 10 10 5 5 2 3 6 6 9 0 5 9 10 0 1 5 3 5 4 9 2 5 3 7 2 0 4 0 4 3 4 10 0 8 8 10 4 10 10 7 5 7 3 3 0 10 10 3 6 8 9 9 7 1 8 5 5 1 3 7 0 6 5 3 9 5 6 9 5 0 3 6 10 4 7 4 4 7 4 7 1 8 4 5 10 10 10 2 1 9 4 8 1 0 2 0 5 10 10 2 0 7 8 2 9 5 10 4 8 10 0 1 2 10 2 3 4 5 1
9 0 6 5 4 8 3 2 4 8 6 7 8 2 8 5 2 10 6 10 4 3 1 7 4 1 3 5 3 10 5 3 4 8 5 10 6 2 4 10 7 5 4 2 2 9 1 3 0 5 2 4 2 2 9 8 9 7 6 3 7 3 1 2 2 9 2 3 2 7 0 5 5 7 3 2 10 5 1 9 6 10 1 5 9 6 4 0 5 9 10 2 9 0 5 8 7 4 3 0 0 9 2 8 0 2 0 3 8 7 10 9 6 0 4 4 1 6 6 10 5 0 0 2 0 4 6 4 8 6 0 2 0 0 9 5 7 2 8 3 8 6 1 5 1 2 5 4 10 7
2 8 0 8 0 2 8 4 2 6 4 7 3 5 4 6 4 5 10 6 0 5 6 0 6 2 5 6 5 4 6 3 3 1 2 2 2 0 8 9 3 0 2 3 2 8 1 0 1 5 5 7 7 10 9 1 5 5 8 7 5 8 6 0 1 0 9 6 2 0 3 2 10 9 3 1 10 9 0 1 3 10 3 1 4 3 1 4 2 0 3 10 10 1 4 5 8 6 4 4 6 8 3 5 2 1 0 1 3 8 10 7 2 7 6 5 8 7 7 3 5 6 4 1 8 1 3 6 7 3 7 3 5 1 9 4 0 2 5 2 1 4 10 3 1 1 4 8 8 3
0 5 2 0 0 3 6 7 5 5 3 10 9 10 6 1 8 9 3 3 10 10 7 8 1 2 0 10 1 8 6 4 3 10 4 10 0 7 7 7 1 7 4 6 6 4 8 10 1 6 10 8 5 4 7 10 0 8 7 5 3 3 5 2 2 7 2 3 4 2 2 0 3 4 0 10 7 10 2 2 9 3 7 7 0 9 9 10 6 6 4 0 6 6 4 9 0 7 5 10 10 3 4 10 4 3 4 6 8 10 3 1 2 0 5 6 0 5 3 6 6 5 9 7 4 6 5 1 10 9 6 8 3 3 0 9 2 5 0 6 0 1 0 2 0 6 1 2 3 9
9 3 8 3 0 8 2 0 7 9 10 6 6 0 7 9 9 4 9 8 4 7 5 6 5 6 5 2 0 8 3 0 1 7 6 10 6 1 4 0 10 2 2 8 7 4 8 6 2 10 5 2 6 9 9 2 10 5 2 8 4 9 7 3 7 9 5 8 6 6 9 10 10 10 9 0 4 4 4 7 7 8 2 8 9 6 6 9 10 8 4 3 0 10 8 5 0 8 8 4 1 3 3 0 5 7 1 10 1 6 9 0 0 10 7 0 7 8 7 5 10 2 0 7 6 7 0 2 10 1 7 6 4 4 1 0 9 9 7 7 8 6 3 9 2 9 5 6 8 2
1 5 6 7 1 0 6 4 2 0 5 6 4 8 2 3 6 1 0 3 8 3 5 7 2 7 8 10 5 3 8 6 6 1 10 6 9 2 5 6 2 0 4 2 8 1 1 7 10 6 2 8 0 10 10 0 0 5 6 10 5 7 8 1 7 3 8 1 3 4 4 6 9 9 2 0 7 5 0 6 6 2 8 9 5 1 7 9 0 6 0 4 4 5 3 6 4 7 3 8 2 8 3 1 7 2 0 9 6 4 4 2 10 1 1 5 6 5 8 6 8 7 9 2 1 10 1 4 9 2 9 1 9 1 4 10 10 7 4 0 0 9 0 4 9 8 10 2 7 5
6 9 4 6 6 7 0 8 2 7 1 10 4 9 2 5 1 10 2 1 10 3 3 10 6 3 0 0 9 5 4 4 8 3 6 2 4 2 3 7 7 8 1 4 1 1 6 9 5 4 6 7 4 10 1 3 7 5 5 10 3 3 6 7 0 7 4 9 4 0 10 1 7 5 5 6 9 9 0 2 3 5 2 7 0 9 3 0 4 6 5 10 6 3 1 3 8 3 2 3 4 10 8 10 4 3 9 2 5 2 9 6 2 9 0 2 5 4 8 0 6 7 4 3 10 9 3 2 5 10 10 9 4 1 3 10 6 6 7 5 10 9 9 5 10 3 10 6 3 0
10 5 3 3 6 5 2 0 10 7 7 9 1 9 0 8 0 5 3 7 5 5 10 3 5 1 7 10 1 10 10 6 10 8 5 3 0 10 9 9 3 10 3 5 3 10 9 6 8 8 2 5 4 2 3 8 2 9 9 7 7 9 2 6 3 7 10 0 0 9 5 8 2 3 10 3 7 0 9 4 3 9 0 9 4 1 0 7 9 8 9 3 10 3 0 8 9 3 3 9 2 6 6 9 4 5 6 1 0 8 4 4 3 1 4 2 0 4 3 1 7 10 8 10 4 5 1 2 7 5 4 5 7 4 10 3 9 9 0 7 0 6 1 10 7 10 5 10 8 0
6 5 6 6 0 9 7 8 0 4 3 7 6 5 10 7 4 0 10 4 7 2 2 5 2 6 8 0 9 8 2 4 2 7 5 6 5 9 3 2 9 6 5 6 0 0 7 8 10 5 7 7 0 6 10 10 5 0 9 10 5 2 2 8 10 4 5 9 8 6 3 7 4 9 10 8 3 7 9 10 8 7 6 10 2 9 2 9 3 7 5 8 5 8 1 9 9 7 8 2 7 4 9 1 10 2 5 0 0 5 2 6 0 6 8 4 9 3 2 3 6 8 10 6 5 2 8 2 6 3 5 2 6 0 2 9 7 0 5 4 0 9 2 6 8 3 10 7 5 4
2 1 8 5 1 7 7 2 10 0 8 3 9 7 3 2 1 8 5 6 8 4 2 1 4 9 5 10 10 2 1 8 6 5 10 5 8 0 3 1 7 1 8 8 10 3 7 5 7 3 7 1 3 7 6 0 8 2 3 9 4 3 2 2 5 4 10 3 2 7 6 10 8 9 3 6 3 8 7 6 3 8 5 8 10 2 3 6 8 3 6 9 7 2 9 9 7 7 8 8 6 7 4 10 8 7 4 0 7 5 6 7 2 6 2 2 1 6 2 8 4 4 7 5 9 7 0 6 1 9 8 8 7 5 6 4 8 9 6 6 1 2 0 8 4 9 6 9 9 3
5 3 5 2 0 9 1 6 2 6 0 8 8 10 7 2 10 6 8 10 4 1 4 3 5 4 1 10 5 6 7 4 5 8 5 5 3 5 1 8 3 4 9 1 2 8 7 4 1 1 6 10 3 6 7 6 1 7 5 8 4 2 1 7 7 4 4 3 9 8 6 6 4 5 9 3 9 9 0 2 4 8 2 2 5 9 6 9 6 3 7 2 2 7 2 7 7 10 6 5 3 5 6 2 6 7 5 6 4 2 9 5 10 6 10 1 2 4 3 5 5 10 4 4 9 1 9 7 3 1 7 0 10 2 8 6 10 8 7 4 8 7 4 1 8 3 8 8 7 4
2 4 1 4 7 2 6 10 3 3 9 0 2 8 10 4 2 4 9 5 6 4 3 0 2 3 6 10 10 0 10 4 7 7 1 8 4 4 9 5 7 9 8 7 3 4 4 0 8 2 4 6 3 5 6 7 9 6 8 10 9 1 9 10 9 0 9 8 0 6 8 4 0 6 0 2 9 7 1 6 2 2 1 10 3 2 7 2 3 6 3 0 4 10 1 9 10 9 10 1 1 9 4 0 10 9 0 0 4 4 4 3 8 8 0 10 1 9 5 4 1 8 6 8 0 5 9 4 4 7 1 9 8 0 5 7 6 1 6 0 3 3 0 6 2 7 0 2 6 7
1 1 6 8 0 9 5 7 6 4 4 2 0 1 0 9 5 6 6 9 4 2 1 10 5 1 0 4 9 10 9 10 0 1 10 5 9 2 9 0 1 8 10 7 8 0 4 5 10 8 7 6 4 10 0 10 6 9 8 2 1 1 1 10 2 2 10 10 2 10 5 9 8 10 7 0 6 10 6 4 2 3 3 3 4 4 10 5 3 3 5 3 3 3 8 4 2 2 9 9 3 3 4 1 7 3 5 1 4 5 10 8 10 1 0 4 2 1 4 0 10 8 6 5 3 2 1 0 3 6 3 5 9 4 10 6 9 10 2 8 1 7 8 9 0 7 3 2 9 8
9 3 9 4 1 9 7 3 8 7 2 6 1 0 1 7 1 10 9 2 6 9 2 10 8 6 4 5 7 0 7 8 1 4 2 1 8 1 0 0 0 0 8 3 9 5 10 7 0 1 3 1 3 7 9 1 7 5 2 9 1 3 9 7 5 2 5 9 6 10 5 1 5 8 10 5 7 0 4 4 0 4 6 0 5 5 5 3 2 8 5 9 8 2 1 4 2 5 3 0 0 0 0 5 3 7 10 8 0 6 3 4 0 6 3 7 8 7 10 4 4 3 9 3 9 6 6 9 5 4 9 9 10 0 2 3 1 5 8 1 0 9 2 3 5 2 3 9 7 10
5 8 8 6 4 7 6 0 8 9 6 3 9 4 0 5 3 10 7 5 0 8 2 6 5 5 10 3 6 6 8 6 5 10 3 0 8 8 9 4 9 10 10 4 7 2 5 3 5 1 4 8 5 10 3 9 7 3 4 5 4 9 8 2 10 0 3 4 10 7 4 1 1 1 8 3 5 8 10 6 6 9 10 8 5 0 4 10 5 6 8 7 6 1 1 4 1 4 5 7 2 2 3 3 6 4 5 8 3 5 7 1 0 2 5 5 2 8 6 10 2 1 6 0 2 6 0 5 8 5 9 5 7 2 1 6 3 0 3 5 8 1 10 4 5 2 2 3 8 5
0 5 2 7 8 0 9 10 10 10 2 6 1 7 6 0 3 4 3 10 1 6 8 2 3 6 8 10 3 5 7 10 3 7 6 1 5 3 3 5 7 5 0 6 2 6 9 4 9 0 5 9 1 10 1 1 6 1 1 9 10 1 8 8 6 4 1 7 2 5 1 1 4 4 5 7 2 3 5 9 5 10 3 9 9 2 7 3 1 6 1 1 5 8 2 1 0 3 1 10 2 10 9 3 7 1 3 3 10 4 3 10 8 9 0 4 1 8 6 2 5 7 9 6 10 1 8 8 3 10 0 4 0 3 0 6 0 5 10 3 2 8 4 0 1 10 3 1 1 0
0 6 6 6 9 1 10 10 10 1 5 5 2 1 7 0 0 4 4 7 0 0 5 4 2 6 9 0 3 4 2 5 7 9 8 7 10 5 2 3 4 8 10 0 4 2 6 4 3 2 8 7 7 4 4 3 4 4 8 6 10 6 1 1 5 3 0 1 9 5 2 10 7 10 9 4 2 3 6 6 0 7 7 3 6 5 1 1 7 8 1 10 4 3 0 6 10 0 0 0 1 7 6 7 9 7 5 7 4 3 9 1 8 0 7 1 6 10 6 10 4 4 0 1 0 8 3 8 5 4 9 7 0 10 6 8 5 5 4 2 8 7 1 9 0 8 0 6 0 6
10 0 4 4 6 10 7 0 8 2 1 8 5 4 10 1 8 0 4 5 10 10 1 0 10 0 1 0 6 2 8 7 7 0 9 9 5 3 10 1 8 5 10 5 3 10 3 3 8 3 9 10 3 5 7 2 8 4 4 4 8 3 10 3 4 0 6 7 2 3 7 1 8 6 3 6 10 9 4 10 1 1 9 9 5 6 9 10 4 3 8 5 2 1 3 4 2 1 4 3 8 6 6 10 10 7 10 9 3 8 6 0 10 5 6 1 5 0 2 4 10 8 0 9 7 8 5 9 9 2 9 10 2 1 3 2 7 0 6 2 9 7 7 2 7 1 0 7 3 2
2 1 4 1 9 6 9 9 2 6 6 1 4 10 8 9 4 5 0 1 10 5 3 3 7 6 10 3 10 0 4 3 7 5 1 4 2 1 2 9 2 8 8 0 1 8 9 6 9 7 6 6 0 1 5 9 1 2 3 0 2 10 10 3 2 3 8 3 3 6 10 4 8 10 10 7 0 3 6 7 8 5 3 1 0 6 9 8 7 8 6 9 1 1 9 3 10 1 8 4 10 5 3 5 3 3 0 5 9 8 3 8 9 6 3 4 9 7 9 5 4 5 8 0 4 3 1 7 6 1 6 0 4 3 9 2 7 9 8 10 9 3 1 2 1 9 3 10 6 4
10 10 9 4 10 1 0 1 1 4 5 1 1 2 4 0 1 4 10 0 3 5 0 9 2 7 5 7 1 3 7 10 7 10 10 9 5 2 3 7 3 6 8 9 3 5 7 2 1 3 0 7 10 4 0 8 5 10 4 3 10 8 0 1 5 0 1 5 7 2 7 8 0 10 0 8 2 10 7 5 10 2 3 1 1 9 5 10 9 10 8 6 5 2 9 1 1 8 8 10 6 6 5 3 5 4 1 10 1 4 5 5 1 4 4 4 2 5 1 4 1 8 4 7 9 8 7 0 8 10 1 7 10 10 10 2 8 3 1 7 3 0 7 6 1 7 0 5 1 8
7 0 3 6 4 10 10 7 6 1 8 10 5 7 5 1 6 5 1 10 0 7 4 10 3 3 0 5 10 8 7 9 3 7 8 10 3 0 10 4 10 1 4 1 8 2 4 9 1 10 2 2 0 7 2 1 0 0 1 3 1 4 10 0 7 8 2 10 7 9 7 10 1 2 3 0 7 1 4 4 9 1 4 0 1 6 8 7 4 9 10 9 4 8 8 0 2 6 0 5 3 8 8 0 5 2 2 3 9 3 0 0 4 3 5 5 5 1 5 5 2 3 6 2 9 9 10 9 10 2 3 0 1 0 1 6 8 7 7 8 9 4 10 1 7 0 3 2 0 8
7 6 4 1 7 4 4 2 3 10 1 4 7 4 3 7 6 2 1 5 8 0 10 1 10 0 7 10 8 6 7 7 6 10 4 1 10 10 9 2 10 8 8 5 7 1 7 8 10 6 10 9 2 8 8 9 7 9 2 2 1 6 8 2 2 9 3 8 7 10 6 6 4 1 3 6 6 9 0 3 8 2 8 10 8 7 5 7 10 2 0 5 8 8 6 3 3 2 7 8 4 5 9 4 1 3 4 5 0 7 3 6 8 9 2 9 1 5 10 7 10 8 4 0 0 2 2 0 5 10 4 2 7 9 3 4 1 3 8 6 4 0 8 8 2 4 2 5 8 1
5 10 10 9 10 2 4 6 1 10 10 2 2 1 10 3 0 3 0 2 3 0 0 0 1 0 8 9 4 4 7 7 0 0 1 10 10 7 9 9 10 5 2 10 6 9 4 9 8 5 10 6 3 1 10 7 9 4 7 2 10 2 1 1 9 3 7 9 9 0 1 8 0 9 5 8 8 3 7 8 2 5 6 9 5 4 7 0 6 6 9 4 0 3 5 3 0 2 8 2 6 2 2 0 8 6 6 9 4 9 2 7 7 4 8 9 10 10 6 10 2 9 2 2 8 10 2 10 0 8 5 9 8 6 3 6 7 2 7 6 5 10 10 1 9 2 6 6 7 5
7 9 3 5 2 6 5 6 1 9 1 0 8 7 9 10 1 8 3 4 9 8 2 0 4 0 10 8 5 2 2 2 10 0 5 10 1 3 7 3 0 6 2 10 8 9 8 3 1 0 7 10 2 4 8 7 3 10 5 4 3 10 9 6 0 3 8 5 1 8 10 5 2 8 8 5 0 3 3 8 0 9 1 10 7 3 2 9 2 8 1 6 3 7 5 8 3 6 5 1 5 6 10 6 9 9 8 5 0 6 4 1 8 3 10 0 7 10 2 5 2 3 5 2 3 4 1 7 9 0 2 3 0 3 9 7 1 5 2 0 7 5 5 4 6 6 4 8 6 10
7 3 10 7 3 6 7 4 10 10 0 0 8 8 5 3 9 0 0 0 6 0 10 4 0 5 9 9 6 5 7 2 1 3 8 7 1 10 0 6 9 3 2 4 0 4 3 5 8 10 10 8 4 10 8 7 10 2 1 4 4 7 2 7 3 9 10 0 7 8 0 10 6 7 6 7 2 4 8 0 4 7 1 9 10 3 3 7 5 1 6 8 0 4 9 1 0 3 9 8 7 2 10 4 10 8 5 2 0 5 3 10 8 10 0 5 3 4 10 2 9 8 9 2 3 6 0 9 1 9 10 1 2 1 9 2 10 4 10 9 1 6 6 5 4 2 0 1 9 3
8 0 1 1 7 10 7 6 7 6 5 4 1 8 1 3 1 9 1 2 7 9 2 3 0 0 0 7 5 6 6 2 6 8 7 6 5 2 5 0 3 2 0 2 4 3 0 1 9 3 10 1 10 4 4 3 10 5 7 9 5 9 8 0 10 1 5 5 0 7 6 8 7 3 3 6 7 9 0 5 3 1 6 2 4 5 10 4 2 9 5 1 6 1 7 0 0 4 6 3 0 6 2 1 1 10 8 0 7 3 0 7 8 6 7 7 10 1 3 2 8 2 3 9 1 1 3 9 8 9 3 7 0 1 6 7 3 2 1 0 8 10 8 8 1 7 9 6 6 8
10 5 9 6 7 1 8 7 0 9 3 10 3 3 3 6 9 8 6 3 7 5 4 2 7 8 0 10 4 3 8 3 3 6 0 2 4 7 0 4 8 3 4 6 0 7 5 8 6 5 9 10 10 0 6 3 4 8 7 0 1 7 5 5 0 2 5 8 8 0 10 2 5 4 10 2 3 10 5 4 8 9 10 5 0 5 9 10 10 9 0 9 10 3 6 1 8 9 8 1 0 5 1 6 2 3 8 7 8 9 6 4 8 8 7 5 2 10 10 8 0 4 3 5 3 4 0 9 2 2 4 1 6 9 3 6 9 1 2 5 6 9 5 5 3 8 8 10 7 5
1 3 7 7 7 6 0 10 1 7 2 10 10 9 2 5 10 10 1 8 5 3 6 5 7 7 4 0 1 5 4 7 9 8 2 8 4 7 2 10 9 7 8 1 3 1 1 6 8 10 7 10 5 7 2 4 6 0 6 1 1 9 2 2 3 10 8 6 5 10 3 9 1 9 8 5 10 10 2 10 0 6 10 0 3 0 10 1 3 7 6 1 10 10 1 1 4 1 6 9 10 8 2 1 5 0 5 4 9 10 10 2 2 3 5 8 5 9 1 10 0 8 5 6 8 10 7 10 6 0 6 4 8 7 10 0 7 10 1 9 3 9 3 10 1 4 8 4 3 1
10 2 8 7 9 4 6 2 1 4 6 4 2 0 4 5 6 6 6 2 6 10 4 10 4 4 8 5 0 9 6 2 5 9 5 3 8 3 4 7 6 9 0 7 7 2 10 7 10 5 2 8 1 9 1 1 9 7 1 9 7 6 9 6 7 2 7 3 7 2 10 9 1 7 9 2 0 3 1 10 6 3 6 8 4 7 0 1 5 2 2 4 2 2 9 4 9 7 2 10 1 6 7 1 6 10 10 1 10 2 9 10 6 4 0 9 6 9 10 7 7 5 4 8 2 5 3 5 10 5 10 5 9 4 5 8 5 7 0 10 5 10 5 2 10 6 0 2 2 0
5 0 8 7 3 6 5 8 4 10 5 9 7 10 10 8 3 6 3 1 9 0 3 8 6 3 7 1 1 0 0 3 4 3 9 5 8 8 3 0 10 1 8 8 10 2 4 3 7 6 0 0 6 9 8 0 3 1 8 3 10 10 10 5 3 3 3 4 5 6 9 6 0 7 9 4 10 7 5 4 4 6 6 8 3 3 2 4 3 0 0 8 4 4 5 8 5 0 7 4 5 8 5 2 6 6 4 0 9 10 6 7 7 6 2 6 6 10 5 5 2 10 9 2 0 5 5 8 5 2 1 9 4 8 2 5 7 7 2 9 1 7 6 10 6 10 6 9 2 10
2 1 2 3 2 1 1 10 0 7 5 2 10 2 5 7 10 9 5 6 3 0 8 7 3 1 0 5 0 1 0 3 1 0 10 2 9 7 6 7 5 2 6 2 3 5 0 8 10 2 2 8 5 7 6 2 7 1 10 4 10 2 5 10 7 2 8 5 5 8 9 3 1 0 6 1 1 3 8 5 8 0 5 6 7 7 4 10 1 5 3 3 2 0 9 1 1 9 2 5 3 8 2 5 2 10 10 4 8 1 9 3 2 7 9 8 2 10 4 0 7 4 7 9 6 2 8 1 0 5 0 2 9 10 2 8 0 8 0 10 1 5 10 2 2 1 3 10 4 3
7 5 8 9 10 10 5 1 6 3 10 9 4 8 4 6 0 8 3 3 3 3 9 0 1 2 2 9 8 1 8 0 7 0 2 1 7 1 1 10 9 5 6 1 6 2 3 4 7 9 7 8 1 3 10 2 5 2 10 10 5 7 0 1 7 2 2 2 5 8 9 10 2 1 6 6 4 3 7 0 6 3 2 9 8 1 2 5 4 9 0 10 4 3 1 3 4 8 10 6 8 0 2 6 8 4 6 4 0 4 0 0 2 0 0 4 10 6 9 1 10 9 3 10 4 5 5 8 9 5 2 1 6 8 9 5 5 5 0 1 3 5 2 5 5 2 3 7 8 6
5 2 0 4 3 6 4 7 6 6 9 3 7 3 8 5 2 2 10 3 1 4 4 8 0 5 1 0 6 10 9 4 0 0 7 7 5 4 0 10 0 1 3 9 10 3 2 8 3 2 1 9 4 0 9 10 4 1 1 5 7 4 8 2 7 3 4 7 6 0 1 8 3 5 10 8 3 0 0 2 3 1 1 4 7 9 3 3 0 2 9 8 2 1 4 9 5 7 6 9 2 4 6 10 4 0 7 1 10 5 7 5 9 8 7 4 4 0 4 8 4 10 1 3 3 6 8 8 4 3 3 2 8 6 8 0 4 3 9 3 7 8 6 9 6 6 7 8 3 5
6 3 4 6 8 7 3 1 9 5 2 1 7 2 3 8 9 4 4 8 10 3 6 10 8 7 5 4 9 5 9 10 10 0 10 3 7 9 1 10 8 3 8 9 5 1 3 2 3 1 1 0 2 6 4 7 7 6 7 8 6 3 5 0 7 2 9 1 3 3 8 4 10 7 8 5 10 3 0 4 9 2 4 6 3 3 4 6 9 10 7 8 3 2 7 7 4 4 10 3 3 7 8 9 5 4 10 8 6 6 10 3 5 5 2 2 2 3 8 4 9 4 2 6 0 4 8 1 1 1 7 1 1 0 0 0 5 1 10 6 3 1 8 2 6 10 9 4 3 3
1 10 8 2 10 6 1 0 2 4 2 1 2 6 0 2 5 10 1 8 10 6 5 3 6 2 1 3 7 3 1 10 10 4 0 2 6 8 3 9 7 4 8 9 3 3 7 6 4 0 3 4 8 10 6 3 7 7 8 9 0 9 4 4 7 5 10 2 8 8 3 0 4 6 4 2 9 2 5 9 0 8 1 10 7 9 1 10 5 5 1 5 8 4 10 1 6 7 5 6 8 9 2 10 9 2 3 9 2 1 0 6 10 0 9 10 4 4 4 10 10 1 10 5 1 2 2 9 0 7 2 1 2 0 7 1 6 5 2 3 0 10 7 3 0 5 4 6 10 7
9 5 2 8 2 6 7 7 1 5 6 2 0 2 5 1 2 7 3 10 7 9 1 4 2 7 2 2 4 1 6 7 7 1 1 0 3 4 0 1 7 8 3 5 4 0 7 7 0 10 10 4 8 9 10 7 9 1 8 9 4 4 6 9 4 10 8 4 9 2 8 1 2 4 2 0 4 7 0 8 2 3 6 2 0 0 8 8 2 3 3 3 9 10 2 7 1 5 7 7 1 7 5 9 7 5 10 9 9 8 5 1 4 7 6 0 6 8 4 9 10 7 1 5 3 5 3 9 9 10 9 7 10 2 6 1 4 8 8 5 2 2 6 1 1 4 2 1 0 7
0 8 1 7 1 2 10 8 10 4 8 4 0 1 3 6 7 7 2 0 8 7 4 10 2 0 8 7 4 1 3 6 9 7 0 1 0 8 0 8 1 10 2 10 8 1 6 9 8 4 2 0 7 5 7 0 7 10 8 5 10 2 10 6 10 1 6 5 2 2 5 10 3 7 1 5 10 4 1 6 0 3 3 6 5 3 7 6 6 6 1 7 8 6 0 4 7 5 1 8 8 6 9 10 3 0 9 3 2 6 8 5 9 10 2 3 1 1 7 3 9 4 2 4 5 8 1 3 5 2 2 0 10 2 3 0 5 10 8 9 0 2 1 8 8 7 2 5 1 1
5 1 2 2 8 1 10 0 6 8 5 10 6 0 8 10 10 6 0 6 0 0 10 3 9 6 1 6 9 10 1 5 4 1 2 0 7 0 10 0 4 5 8 6 10 10 4 0 5 7 6 2 7 4 8 2 5 0 0 1 3 10 3 10 6 10 9 10 1 9 2 6 5 9 4 4 2 3 0 10 0 2 2 10 5 8 6 6 7 10 8 10 9 2 0 10 9 5 5 3 4 8 4 9 1 8 1 9 6 8 9 10 6 3 6 6 7 0 4 2 1 7 1 5 9 6 1 5 2 4 8 5 9 3 6 3 1 9 5 8 10 1 10 2 1 4 4 0 5 0
9 4 8 1 7 4 3 4 2 0 5 2 0 7 6 5 7 2 5 6 2 1 5 10 9 1 9 4 8 0 10 0 7 2 8 2 0 4 0 7 1 1 4 3 0 3 9 7 9 4 10 8 10 2 10 4 8 9 5 7 5 0 0 7 5 0 4 4 4 0 10 7 1 3 7 4 4 7 4 6 7 10 10 2 2 1 8 2 8 9 4 10 0 9 0 4 3 3 3 0 4 0 10 2 4 8 10 4 1 6 9 9 10 1 7 8 2 3 4 4 4 2 5 0 3 3 10 0 6 0 3 10 7 3 4 6 10 8 10 6 8 10 4 9 4 10 10 10 8 10
8 9 10 4 1 7 7 4 8 1 2 8 5 7 3 3 1 9 9 8 8 4 8 8 10 2 10 9 4 6 8 4 0 4 0 0 10 4 7 0 10 8 6 3 0 9 5 3 2 6 9 9 7 2 4 3 8 5 8 3 1 6 4 5 4 8 0 2 6 3 0 8 8 2 10 8 1 7 8 1 8 8 1 2 5 7 2 8 4 0 7 5 10 2 4 6 3 3 5 8 0 6 7 1 3 7 2 5 0 6 6 10 5 9 10 0 8 8 7 2 4 6 10 7 3 2 6 7 6 6 2 6 9 7 10 0 7 3 9 0 2 3 9 8 6 3 2 5 6 6
9 7 3 9 3 3 8 3 7 4 1 0 10 0 3 10 0 7 5 4 7 0 10 4 1 2 6 8 2 9 8 3 5 10 6 6 0 9 0 5 0 7 4 10 7 2 5 0 3 3 9 1 2 3 10 9 5 8 5 8 10 7 3 9 8 6 1 0 7 8 0 1 1 4 7 3 5 1 8 2 5 4 2 3 1 2 1 3 9 7 4 10 5 9 2 3 5 1 0 1 2 10 4 0 0 5 2 2 1 9 1 2 5 2 7 5 9 2 2 4 7 5 4 9 10 6 1 5 4 7 7 7 8 0 8 1 7 1 8 0 1 4 0 0 1 1 10 3 5 1
4 6 3 1 1 0 6 1 5 1 3 5 9 3 10 3 2 4 7 1 5 10 3 7 8 0 5 6 7 10 4 2 10 9 2 8 4 7 0 2 9 0 4 7 10 5 0 7 4 3 2 8 1 0 1 6 3 3 10 1 7 2 6 8 5 8 7 7 8 4 6 9 7 0 2 4 5 4 8 0 10 1 0 5 3 7 2 0 2 8 3 0 6 8 6 10 2 3 6 1 10 3 3 4 9 2 9 10 6 10 3 6 5 9 9 6 7 4 7 1 4 9 4 4 1 4 8 6 5 0 3 7 9 5 9 4 2 6 8 7 1 4 9 10 2 6 10 7 3 10
1 9 9 10 1 1 2 5 1 10 4 2 6 3 1 5 4 8 9 5 2 1 5 1 7 7 9 7 3 9 10 8 2 5 3 2 7 6 2 9 5 10 0 8 4 2 3 9 8 6 9 3 10 5 4 4 8 6 7 10 0 6 4 2 4 10 3 0 7 5 7 8 5 5 6 2 6 2 3 1 10 8 7 10 9 5 3 10 7 0 3 9 0 8 3 10 9 1 10 0 9 1 5 3 5 6 8 6 5 0 9 1 0 1 9 9 2 3 10 1 8 7 2 7 5 6 9 2 8 8 1 0 1 1 10 8 7 9 7 1 5 7 8 3 8 9 2 3 8 5
8 1 4 9 2 5 1 2 3 3 0 4 7 10 3 0 10 3 5 0 7 4 1 3 0 6 7 2 7 5 10 3 4 8 10 7 4 10 1 0 4 3 6 0 1 10 4 4 9 8 10 3 5 5 6 3 8 10 6 8 1 2 3 0 1 0 7 5 2 8 7 10 0 7 3 9 8 9 2 1 9 4 5 8 10 0 4 10 9 8 2 3 8 3 1 1 6 1 4 8 5 10 6 10 9 9 1 5 10 0 3 6 10 8 3 1 10 7 8 1 9 8 1 7 6 6 3 2 9 7 6 8 3 1 8 5 10 2 9 10 9 6 0 3 9 9 7 5 3 10
7 1 4 0 2 10 2 9 1 8 5 2 7 10 0 2 0 5 1 1 1 8 4 6 4 4 1 5 9 4 8 5 5 7 1 1 6 7 7 1 5 1 0 4 0 0 2 1 5 8 10 2 5 1 3 8 1 4 3 8 4 0 10 4 10 6 10 8 1 1 6 6 4 3 5 1 7 6 0 10 4 6 9 3 4 5 1 0 4 3 5 0 0 4 9 6 9 3 7 3 4 0 0 10 8 3 6 2 0 6 2 2 3 9 6 5 5 6 6 5 0 6 10 7 5 7 2 2 7 0 3 8 7 9 3 10 9 10 4 1 3 5 5 2 8 5 5 9 0 9
0 3 0 1 3 0 6 1 8 3 2 9 2 7 10 10 0 3 10 9 6 8 6 1 9 2 7 4 2 6 4 4 3 2 0 10 6 3 10 4 1 3 9 6 9 0 4 7 0 6 1 5 3 3 9 8 9 10 7 2 10 8 3 5 2 0 2 4 6 3 3 1 5 9 7 1 8 3 6 9 1 8 2 1 1 2 10 0 3 1 0 1 9 1 5 7 0 8 6 10 5 1 4 10 4 2 8 7 5 6 9 9 8 0 1 3 0 5 2 9 5 3 3 2 2 0 4 0 8 8 0 9 9 8 4 0 2 3 2 9 5 9 1 6 10 4 5 6 6 10
10 8 9 8 10 2 4 8 2 5 7 3 10 9 7 3 4 1 7 6 6 5 6 0 6 1 0 2 0 10 4 8 7 7 10 9 1 8 6 10 8 4 2 5 3 7 0 8 5 0 10 9 9 2 10 3 4 1 9 3 9 10 7 7 5 5 0 5 4 5 1 0 6 9 4 6 9 9 5 7 10 7 0 10 3 7 5 8 4 0 4 8 0 1 8 1 4 7 3 1 7 0 10 0 0 10 7 5 1 1 2 4 7 9 9 4 6 5 10 3 3 6 8 8 8 8 5 1 0 4 6 9 6 8 10 4 2 3 1 10 7 6 6 10 4 6 6 9 6 0
1 7 3 6 1 6 9 3 3 7 6 2 3 0 8 9 0 9 7 7 4 3 8 0 7 1 4 4 8 10 9 2 1 9 8 6 7 9 8 8 10 1 2 3 0 9 10 0 4 10 1 0 7 0 6 1 1 4 6 9 5 3 6 0 3 2 6 7 7 5 2 10 5 7 0 2 3 4 4 4 9 5 1 9 1 8 7 10 3 5 10 5 3 5 8 9 7 10 5 8 7 2 4 9 6 8 1 10 9 2 8 6 8 4 9 8 5 1 6 10 7 9 1 2 9 7 3 1 4 4 4 9 7 0 8 0 1 2 7 6 7 5 3 10 8 0 4 3 9 8
9 8 3 10 3 5 2 6 6 6 2 10 3 3 4 2 3 9 5 5 6 5 9 10 7 8 1 10 9 3 5 0 0 5 9 2 5 6 5 0 2 2 6 10 9 1 2 7 0 7 10 10 10 1 3 10 8 6 8 4 3 4 0 3 2 10 10 2 2 5 10 6 4 5 10 7 6 0 4 2 7 6 0 4 5 2 8 4 9 1 1 3 0 9 7 0 4 1 9 8 6 7 9 10 0 6 1 0 3 0 7 7 5 9 0 5 8 6 7 10 7 4 2 5 4 5 7 3 0 4 7 2 3 9 10 9 1 2 3 9 7 7 8 3 5 1 4 5 2 0
7 0 3 2 3 9 7 3 4 2 8 1 8 2 7 0 3 4 8 5 0 2 9 7 7 2 9 8 3 9 8 6 6 6 5 6 2 8 4 5 0 10 7 1 0 3 5 9 0 0 2 8 0 8 7 0 2 8 0 8 8 4 10 1 5 0 1 6 2 3 8 6 8 6 9 7 0 3 8 6 3 5 3 4 2 0 5 0 2 2 5 10 10 2 5 8 3 8 2 8 7 7 10 7 0 3 0 9 8 5 0 6 6 9 5 8 5 6 3 10 2 8 10 10 9 0 2 3 2 3 1 5 9 8 2 2 0 2 10 7 2 1 2 9 8 8 2 10 5 4
7 3 1 3 10 7 2 1 8 1 3 4 10 5 10 2 6 0 2 6 3 3 3 6 4 9 0 4 8 1 2 1 6 0 7 7 4 8 6 1 7 10 9 7 9 0 9 5 6 8 0 1 5 4 8 1 7 1 6 9 1 6 6 2 2 6 10 4 5 2 2 7 6 4 3 5 10 0 2 10 6 9 6 10 0 3 4 7 4 6 2 3 7 8 1 9 10 0 9 5 2 9 7 6 1 6 4 3 4 4 1 7 2 5 7 9 9 3 2 6 8 10 2 6 0 0 2 1 10 2 9 2 0 4 8 7 2 0 0 9 10 8 5 1 5 5 8 9 6 10
10 6 2 5 2 1 1 4 10 7 9 10 8 9 0 9 8 3 6 10 0 0 1 2 3 7 9 8 0 3 9 0 3 3 4 5 3 8 6 4 6 3 0 1 10 7 5 5 9 10 8 0 1 9 2 3 6 9 2 8 6 5 6 4 7 5 5 5 10 1 4 7 3 6 8 3 10 10 5 6 0 8 1 3 5 9 8 3 0 0 7 9 6 7 10 4 10 3 5 5 5 3 5 0 10 6 4 3 9 10 9 4 9 8 5 6 10 8 6 5 8 9 8 0 2 0 5 6 8 3 5 8 10 3 3 6 4 7 5 5 7 10 1 4 8 7 5 6 6 3
3 5 3 0 6 7 4 7 10 5 8 7 0 10 0 3 4 3 1 2 2 9 6 4 5 5 3 1 4 2 0 6 1 1 9 6 3 0 9 7 3 0 0 9 2 10 0 6 8 8 7 2 0 0 10 3 9 6 4 8 8 4 4 10 4 9 7 4 0 9 0 5 10 5 6 3 4 10 3 0 5 10 6 2 0 1 10 4 1 0 4 8 5 10 1 6 2 8 0 2 5 1 10 8 5 8 0 4 0 9 10 3 5 5 8 8 9 9 4 5 5 7 8 2 4 9 7 8 2 9 0 7 9 10 9 6 0 8 1 3 8 6 10 4 5 4 5 2 8 0
10 3 4 6 5 3 9 4 9 8 9 0 5 10 3 9 1 5 3 5 1 5 1 1 9 5 4 9 4 10 10 0 10 7 0 6 5 8 6 6 5 3 3 6 10 7 5 4 4 10 4 5 4 0 6 8 9 3 5 9 0 0 0 4 2 1 3 5 8 3 2 7 0 3 10 8 2 3 7 7 6 8 1 2 0 9 2 8 9 3 2 3 8 5 4 8 8 8 1 4 10 9 1 1 5 6 3 7 3 10 4 8 2 6 1 9 0 6 8 0 3 9 4 6 1 6 8 5 6 3 6 10 10 9 4 10 8 7 8 10 9 6 2 8 3 3 8 9 2 4
9 6 1 3 2 10 3 10 2 9 4 0 10 10 5 10 2 1 2 0 1 7 4 0 4 5 1 1 9 0 0 5 5 0 10 9 4 2 7 6 7 9 4 10 0 8 0 8 10 10 6 6 1 2 0 10 9 0 9 5 0 3 1 8 1 5 7 9 10 8 8 5 4 7 0 10 4 3 7 9 4 0 4 2 1 2 6 0 10 7 4 10 9 9 1 7 5 5 8 7 9 0 5 3 8 3 2 2 4 0 2 6 4 7 9 9 4 10 5 9 4 8 6 0 4 0 9 4 5 3 5 2 9 7 0 0 7 0 8 10 7 8 10 3 3 3 9 5 2 1
9 7 4 4 9 7 6 2 1 3 7 2 1 1 8 3 3 0 9 3 7 4 1 0 1 10 6 0 10 6 0 5 4 4 4 5 4 6 0 7 10 4 0 8 6 8 6 10 1 5 9 9 9 0 7 0 6 4 6 8 0 4 1 3 1 3 10 1 10 9 0 2 4 7 7 0 7 0 5 2 5 0 6 6 5 7 2 3 6 10 4 1 3 0 2 7 10 5 4 3 3 7 4 6 6 9 0 8 9 1 10 4 3 3 8 5 10 1 0 0 5 6 2 6 0 4 2 1 10 3 3 3 5 6 4 5 7 1 9 0 9 3 3 7 9 3 10 2 8 1
6 2 2 0 0 1 3 7 10 10 0 7 7 2 0 4 10 0 9 6 5 9 0 9 10 8 7 3 5 3 1 10 9 0 10 4 4 2 5 2 7 0 2 1 0 3 8 9 0 1 1 4 5 10 6 10 0 10 6 1 7 3 3 2 0 4 10 2 10 0 1 10 1 5 3 10 8 0 1 4 8 7 5 4 4 1 4 10 7 8 6 9 5 1 7 7 3 2 0 3 7 1 6 7 2 0 6 6 4 3 10 5 9 3 1 0 0 6 6 10 2 9 2 5 9 9 5 8 8 7 8 1 7 5 6 3 6 10 4 2 1 3 5 7 8 10 10 6 7 4
4 0 9 6 3 3 4 5 4 9 10 8 6 6 3 8 7 3 10 0 0 0 0 8 8 5 1 3 4 5 8 4 9 7 1 0 0 2 7 1 8 3 5 5 2 10 8 5 9 3 5 6 6 1 8 5 6 0 1 2 5 3 6 5 0 4 3 1 6 10 5 1 1 2 8 6 5 4 6 5 9 3 3 1 9 8 5 10 5 0 5 1 10 6 10 10 2 0 2 1 0 6 2 8 9 0 0 2 4 8 10 10 7 10 0 7 7 4 1 1 2 6 0 4 5 0 10 0 2 0 8 0 4 8 1 3 3 10 4 1 8 5 3 10 7 2 6 0 0 7
0 9 5 9 3 2 2 4 6 0 2 6 5 5 6 6 6 9 6 10 10 1 0 3 10 9 2 5 9 3 6 0 10 4 7 0 6 8 5 9 7 2 6 0 8 7 7 2 2 6 5 1 8 8 10 9 1 9 0 3 6 6 4 1 9 8 9 10 5 8 4 5 0 1 3 0 5 3 1 0 7 2 2 3 7 3 9 8 7 8 1 3 2 7 7 3 2 1 4 4 1 7 2 6 4 6 5 6 5 1 3 9 2 3 8 3 5 1 2 8 2 3 10 9 6 8 1 0 0 3 8 0 6 10 9 4 8 10 8 10 10 0 9 4 8 6 7 10 9 3
9 8 10 4 1 10 7 0 6 9 9 6 9 3 9 1 2 1 9 5 1 0 8 1 0 8 9 9 4 7 8 5 0 2 3 10 8 1 7 4 7 3 7 10 2 4 9 2 8 0 4 9 2 9 10 10 3 0 3 0 2 6 2 2 0 1 9 10 4 8 9 2 4 2 3 9 9 6 7 10 2 10 9 7 0 6 3 9 5 7 4 5 8 9 7 7 4 7 1 6 4 2 2 7 5 4 4 10 3 7 1 0 7 5 3 9 0 7 9 0 1 2 6 4 5 4 6 2 3 4 3 10 0 6 0 4 8 9 2 3 5 9 2 0 5 1 6 2 4 10
10 4 6 0 8 3 6 10 1 0 2 4 0 2 9 7 2 1 10 3 8 8 5 8 7 10 7 4 4 10 1 9 0 4 3 1 8 6 8 4 5 5 5 5 3 4 7 4 8 0 1 7 4 3 10 1 7 9 7 4 0 7 3 0 9 5 8 2 4 6 10 2 3 2 4 6 4 1 2 1 4 8 3 3 3 0 6 1 4 8 2 3 5 4 3 3 6 2 3 0 7 6 6 0 5 7 2 0 9 4 2 2 9 7 1 8 10 7 9 2 7 2 10 5 10 4 1 9 2 8 0 5 9 9 9 5 1 9 8 7 8 1 9 2 1 3 3 3 2 9
8 6 10 2 1 2 3 4 8 4 9 10 5 4 8 6 1 1 8 10 3 10 6 6 4 0 1 6 7 0 0 1 2 7 1 5 3 3 7 2 2 6 1 1 4 9 1 2 10 10 0 8 2 3 7 9 0 0 4 10 2 0 10 2 8 10 8 6 2 7 8 9 1 3 5 0 5 6 1 8 5 2 2 3 7 8 3 7 0 2 0 2 1 5 1 9 7 10 2 3 0 1 8 5 5 6 1 7 3 10 9 2 1 6 2 10 8 1 6 10 3 0 0 6 0 4 0 1 0 1 9 0 8 6 3 9 2 0 0 2 6 3 7 9 1 9 2 10 9 6
7 2 3 9 0 10 5 7 10 8 10 10 2 2 7 9 0 4 6 0 4 3 7 9 2 0 3 3 10 9 10 8 4 0 6 3 1 5 6 1 8 2 4 7 4 0 4 7 4 0 9 2 9 1 1 5 4 8 7 5 8 7 0 9 10 9 9 4 4 1 5 5 8 9 9 6 1 1 0 1 4 5 7 8 1 10 8 0 1 9 0 7 7 7 8 9 0 3 5 5 6 8 0 1 3 2 2 9 0 3 9 6 5 10 4 9 2 6 7 5 4 9 7 0 6 8 9 4 9 10 0 7 2 6 3 8 2 7 8 7 1 2 4 0 2 2 7 1 9 6
7 5 7 2 7 10 3 10 9 0 1 3 3 9 10 7 7 9 8 2 6 0 10 7 1 8 2 5 0 3 0 0 0 2 7 9 0 3 0 6 9 1 10 7 7 4 4 1 0 1 6 6 1 3 1 4 2 0 4 1 8 9 4 0 10 0 1 10 0 0 8 8 0 9 2 4 8 9 3 6 4 1 5 8 0 4 4 6 6 5 6 6 10 10 5 7 4 6 10 7 5 1 2 2 3 3 8 0 8 2 2 3 8 2 4 2 1 3 1 2 0 10 2 6 5 1 6 3 4 1 5 8 4 1 0 2 6 4 7 1 6 0 0 1 0 4 2 10 2 0
7 0 7 1 9 7 1 2 2 2 7 1 2 4 2 3 7 4 4 10 9 5 0 5 0 3 9 9 0 8 9 9 10 7 5 2 10 2 0 9 0 8 8 1 10 1 8 8 7 0 3 1 0 1 2 6 4 8 2 9 6 7 0 10 0 2 5 3 0 8 0 3 8 6 7 7 0 10 4 6 7 1 9 2 4 5 0 7 7 9 0 4 10 1 6 1 3 9 8 10 1 3 3 10 3 5 7 4 9 9 5 1 4 6 0 6 3 5 3 6 5 0 4 3 3 10 0 10 1 3 5 7 0 4 9 9 5 1 10 6 5 9 9 7 10 5 8 1 0 7
3 10 2 5 10 2 3 10 7 6 1 6 1 2 0 7 1 8 10 1 10 0 1 2 6 8 0 2 6 8 1 3 0 10 5 7 5 6 2 4 9 4 7 4 10 9 6 5 7 2 4 4 4 8 7 10 6 0 0 6 5 10 2 9 3 0 9 3 5 8 3 7 7 4 6 4 8 4 5 7 3 7 5 0 7 3 10 3 7 0 8 2 5 2 8 2 6 1 1 4 8 7 8 4 3 4 3 3 10 0 1 3 6 2 7 8 5 6 9 8 4 4 3 2 6 3 7 8 10 3 9 3 7 10 10 10 8 4 10 10 9 8 10 2 6 1 1 10 2 1
4 2 6 6 3 1 0 6 6 8 7 0 9 8 4 4 6 7 10 2 8 3 6 1 5 8 9 1 6 0 9 0 6 1 3 6 5 0 0 1 6 0 0 1 4 5 3 10 3 5 0 2 7 6 2 5 9 10 10 9 5 0 9 10 1 2 0 1 9 5 5 0 2 8 7 7 6 0 4 6 6 4 7 0 2 8 9 4 0 3 4 2 8 6 2 8 6 2 3 10 5 6 10 5 6 2 6 10 2 3 2 5 9 10 9 8 5 9 7 10 8 9 4 1 9 1 10 5 9 7 5 9 7 0 10 6 2 7 2 6 3 8 0 10 3 4 1 1 1 8
9 0 9 0 5 0 10 4 10 8 5 7 7 9 7 5 2 7 6 10 9 0 4 5 2 6 9 0 4 10 5 0 6 1 5 4 6 0 6 7 6 0 6 1 5 9 6 6 3 4 2 4 4 6 7 6 5 9 4 9 7 3 8 5 3 2 1 0 9 8 4 8 5 6 5 5 1 2 9 6 4 8 10 9 10 2 0 5 2 0 3 0 10 1 0 6 6 3 0 10 5 9 0 6 3 8 5 1 1 10 7 7 1 0 8 8 2 8 4 0 0 10 3 9 6 2 0 4 10 5 10 2 1 8 6 6 1 5 0 0 10 6 5 1 10 8 1 6 5 2
6 6 4 6 6 0 3 4 3 9 3 8 6 10 7 9 8 1 0 6 7 7 0 1 3 10 0 4 6 10 1 1 7 9 9 5 4 1 9 2 3 8 7 5 4 5 6 3 8 0 4 1 8 5 7 7 3 5 3 8 7 3 2 2 10 3 5 10 0 5 8 9 5 4 9 0 9 10 9 9 8 8 6 8 0 10 7 9 2 3 5 8 2 6 2 2 5 3 5 7 7 6 8 8 1 5 5 6 6 10 7 9 1 8 6 6 6 4 2 3 1 5 4 8 6 0 9 8 1 2 0 8 9 3 8 9 9 6 7 3 6 0 1 7 0 6 6 3 9 8
8 9 9 2 7 0 9 0 8 7 1 4 3 5 1 1 4 8 7 3 3 2 2 3 6 6 9 9 10 3 4 5 9 2 3 6 4 7 2 3 9 7 2 8 3 8 0 6 10 10 2 9 5 10 8 7 10 3 4 6 1 4 1 1 2 5 9 1 6 0 9 8 5 9 5 0 10 6 6 3 0 6 3 10 7 4 2 3 4 9 3 0 6 6 3 9 5 8 1 8 8 4 6 7 10 7 7 5 6 2 10 4 0 7 8 7 9 1 6 10 0 10 6 10 3 10 9 3 7 0 8 8 4 10 2 0 10 4 10 3 1 9 4 2 7 4 4 3 4 0
8 3 4 4 8 7 0 0 1 1 3 6 6 0 5 2 8 8 3 3 0 9 7 8 3 8 5 5 8 5 2 2 5 3 1 1 1 1 2 2 9 4 9 5 4 2 5 8 2 5 9 5 10 1 4 5 9 7 3 5 7 0 0 3 0 3 4 7 9 10 0 4 10 6 8 1 4 1 4 7 0 8 2 2 10 5 6 0 0 8 6 5 7 8 7 10 6 0 3 8 0 2 4 7 4 0 9 3 3 9 8 6 4 9 6 0 8 6 5 4 7 3 2 4 1 8 7 6 1 6 10 8 6 6 7 2 4 6 6 4 8 4 3 1 1 7 3 9 10 7
5 6 0 4 4 5 7 2 10 1 8 4 5 7 8 8 8 2 1 0 2 5 3 6 8 2 3 3 4 8 9 1 10 10 1 9 7 4 0 4 6 0 8 1 10 8 0 3 9 6 2 5 10 5 7 1 6 9 1 8 9 5 9 10 8 3 0 9 8 8 10 0 8 2 0 10 3 4 8 9 3 8 6 3 3 5 6 6 6 2 7 6 8 6 4 6 8 4 0 9 1 2 6 6 4 1 3 4 0 3 6 4 5 1 4 10 0 9 10 2 9 2 2 4 2 0 9 2 2 2 5 3 10 4 9 6 0 6 5 8 0 0 5 6 9 7 10 4 6 0
9 1 2 3 5 8 4 0 3 9 2 6 0 6 10 7 3 5 8 1 7 5 2 9 1 1 8 10 8 8 0 0 8 2 3 8 2 3 3 10 0 9 5 9 8 10 2 5 10 2 8 1 7 9 8 10 2 0 5 8 3 4 2 2 2 0 2 6 10 8 2 2 0 4 9 9 5 2 6 0 5 8 1 8 2 1 0 8 1 1 7 5 10 6 3 9 10 5 8 2 1 7 2 7 6 10 4 0 10 9 0 2 4 6 4 2 9 7 4 7 3 4 2 0 2 4 8 10 3 8 9 8 0 10 8 0 9 7 1 4 6 0 5 3 7 2 9 5 6 5
3 7 9 4 6 4 6 4 6 7 8 7 9 3 8 3 9 5 6 0 5 8 5 0 0 6 9 2 10 6 1 10 9 1 0 3 10 8 1 10 8 9 6 0 6 3 10 10 0 5 0 2 4 0 8 3 7 4 6 8 3 9 6 7 5 9 5 4 5 3 10 0 10 0 0 10 8 3 3 5 10 4 7 1 1 7 0 3 0 2 1 2 7 6 4 5 3 8 6 0 6 9 2 5 9 3 1 0 7 3 3 4 4 3 9 6 2 7 10 3 1 9 1 9 7 8 3 8 3 10 3 5 5 10 3 9 8 4 4 3 7 3 2 1 7 7 5 9 0 8
8 9 2 7 10 10 6 7 5 6 8 0 1 0 0 8 3 10 3 4 1 1 4 3 6 4 4 9 4 4 4 2 6 10 10 10 4 2 1 4 8 2 10 6 1 10 2 10 4 6 2 8 7 3 5 7 10 5 7 4 1 1 1 6 2 6 5 2 1 4 10 3 6 5 0 3 6 0 10 5 5 2 7 3 7 10 9 7 10 5 8 9 8 7 8 7 8 9 5 9 5 10 0 10 3 9 9 8 10 5 6 1 10 2 1 9 7 3 3 6 0 0 7 9 1 10 2 0 3 3 6 10 0 5 7 8 10 1 9 3 3 6 6 1 8 4 10 3 1 4
6 3 10 4 0 4 0 8 4 5 6 1 8 0 8 5 4 2 3 10 6 9 0 1 8 0 1 4 10 10 9 6 7 4 1 3 4 8 1 7 4 8 10 0 6 7 0 10 0 10 9 3 2 8 6 2 6 5 4 4 9 3 5 0 4 6 4 6 6 10 1 0 9 3 0 0 3 3 7 1 7 7 5 6 4 3 7 7 2 4 5 3 8 8 1 4 1 2 3 5 2 9 8 8 1 5 0 1 5 10 8 0 5 10 4 2 5 6 2 2 7 4 6 1 9 6 1 9 7 10 7 2 3 8 2 8 4 10 3 6 3 10 6 8 10 2 8 6 10 4
4 2 2 9 5 9 10 1 5 1 0 7 0 8 7 7 4 1 4 1 1 1 3 0 8 8 2 1 4 3 6 10 10 7 10 7 2 4 0 10 9 4 1 0 7 6 1 8 9 9 2 5 6 2 10 1 8 4 2 9 9 5 2 7 0 2 7 4 3 10 7 6 5 6 9 3 0 10 7 6 3 10 2 4 4 6 7 8 8 1 7 5 10 2 3 10 3 6 10 5 6 0 1 2 7 3 4 3 5 5 6 8 3 6 7 8 10 8 4 0 6 5 4 0 7 10 1 6 8 9 3 9 6 9 10 7 4 0 6 3 1 10 0 5 6 2 7 2 5 4
2 5 8 7 3 6 10 5 1 5 0 8 5 9 8 6 2 4 1 6 3 1 7 7 1 1 5 5 9 8 8 4 9 9 7 3 1 8 3 0 10 2 3 7 3 7 7 5 9 8 7 1 2 1 6 8 4 9 1 3 5 0 1 4 10 7 6 7 10 4 8 3 10 2 6 6 3 0 7 1 4 8 9 10 5 4 8 6 8 3 4 1 9 9 7 6 5 0 7 3 3 6 2 5 1 10 1 7 3 7 0 6 9 2 6 7 2 9 8 3 1 7 8 5 9 3 7 7 2 3 7 5 7 8 2 0 4 9 6 1 0 6 9 4 3 3 2 7 10 10
5 4 10 10 3 0 10 3 0 8 5 4 9 1 0 6 8 3 3 6 8 1 10 6 7 6 5 9 4 5 6 6 4 4 2 9 8 6 0 8 4 10 6 5 0 10 6 4 7 5 2 7 10 1 2 6 0 9 1 3 6 8 7 0 8 1 2 1 0 1 9 5 6 1 6 5 3 0 0 5 2 10 9 10 5 3 1 1 7 4 8 8 4 9 7 8 3 4 6 8 0 4 8 5 5 10 2 6 10 2 6 10 7 2 1 9 1 9 3 9 7 3 4 8 9 3 0 3 5 3 4 8 5 7 4 2 10 0 9 9 8 3 9 2 0 5 3 1 10 6
7 6 6 1 10 8 10 3 9 0 4 2 7 1 3 7 9 8 5 0 4 1 10 8 9 3 6 8 6 9 0 4 8 6 6 2 6 7 2 9 6 5 10 10 2 5 1 7 2 1 9 3 3 5 10 2 10 8 1 8 10 1 4 0 4 2 6 5 0 3 5 2 4 4 1 10 0 0 10 0 5 7 5 3 0 7 6 0 6 0 7 10 5 0 9 4 10 9 10 0 4 7 0 4 10 3 7 4 7 10 6 8 0 9 1 4 1 5 2 9 4 9 3 1 2 8 7 2 10 2 7 1 6 3 7 9 3 4 2 4 8 8 0 8 8 4 9 9 9 6
8 5 1 10 1 1 3 7 1 4 7 5 4 7 4 3 10 5 5 6 2 1 0 5 1 6 3 10 6 1 8 10 5 5 9 0 5 8 2 3 2 0 4 1 4 2 4 9 0 7 10 1 7 0 9 10 8 5 10 9 0 8 4 4 1 4 7 1 2 9 1 7 2 4 4 8 3 3 2 8 0 0 3 7 8 1 6 10 10 3 0 7 2 3 4 10 3 4 5 1 7 7 10 4 1 4 4 6 2 5 6 9 10 3 4 6 4 0 7 6 8 6 7 9 7 0 2 3 2 0 9 8 2 7 3 3 10 2 7 5 4 0 9 6 7 1 9 7 2 8
1 5 8 1 4 8 2 1 7 5 8 2 10 3 7 8 1 7 10 1 1 4 4 5 7 2 1 7 2 4 6 2 2 3 1 4 5 1 0 7 3 2 9 0 8 6 8 5 2 2 4 4 8 1 3 9 4 0 8 4 8 2 8 3 5 8 7 6 8 1 6 2 5 3 0 1 0 2 5 9 8 0 2 0 0 5 3 2 1 2 8 10 10 8 10 2 8 4 10 1 1 8 9 9 9 1 1 2 3 0 3 2 3 2 7 1 10 9 1 6 7 0 3 6 3 2 6 0 8 1 8 3 1 10 6 10 7 7 0 7 0 4 0 2 1 9 8 4 6 9
1 9 1 10 0 6 4 6 4 9 6 10 5 2 1 10 2 2 10 8 9 7 9 1 7 8 4 3 8 2 9 7 1 4 3 5 10 10 0 6 10 9 7 0 7 8 1 7 8 7 5 6 2 4 9 7 9 3 8 8 9 9 8 4 4 10 2 5 2 5 0 0 8 5 6 9 5 10 9 5 6 1 0 10 9 4 4 3 5 3 4 2 4 7 6 6 8 4 7 4 4 0 4 9 5 7 2 9 9 8 2 2 3 0 3 8 5 9 2 2 1 0 2 4 4 0 2 1 5 10 6 2 4 4 6 10 7 9 1 0 9 2 1 3 7 5 2 6 9 7
5 3 8 2 10 6 1 3 6 5 5 10 2 0 8 9 7 10 9 1 5 3 7 8 2 0 9 8 8 6 10 10 5 2 0 2 10 9 3 9 4 3 4 5 1 6 4 8 10 9 7 10 7 0 8 0 3 9 2 3 7 3 8 2 1 0 0 4 10 2 5 5 10 0 4 1 3 3 0 0 6 2 1 0 4 6 3 9 0 0 8 0 2 1 5 7 9 7 5 8 8 3 6 2 10 0 5 4 6 1 1 2 7 10 7 10 2 9 7 10 2 2 9 2 7 10 2 0 2 2 5 8 5 5 8 3 0 5 3 3 2 4 2 1 0 3 0 2 4 5
5 4 9 9 4 10 8 4 1 9 0 4 3 9 6 6 2 8 10 4 6 2 6 3 1 7 3 8 8 5 5 0 5 10 3 9 1 3 5 0 10 7 0 6 6 2 10 6 7 0 2 4 9 2 10 10 5 2 4 6 4 0 10 4 4 9 3 1 9 9 5 4 5 7 5 10 8 0 6 6 2 9 10 4 0 8 6 8 0 2 10 1 3 5 2 5 3 7 9 2 4 2 5 9 4 1 1 6 2 6 3 10 3 2 0 5 7 2 2 6 10 7 6 1 9 10 5 6 8 1 8 10 9 9 7 0 8 3 3 5 1 7 4 8 9 4 2 10 4 9
7 10 1 2 2 5 6 1 7 5 2 4 10 2 10 3 7 0 8 3 3 8 8 6 5 4 5 6 8 0 7 5 1 1 6 10 6 4 10 7 1 1 6 2 4 1 9 7 7 1 1 10 5 5 0 6 1 5 1 5 8 10 3 8 6 3 9 7 5 2 0 5 2 8 5 5 2 6 1 2 1 1 7 6 9 0 6 3 3 2 10 2 4 8 3 1 10 10 1 2 1 9 4 6 0 9 8 9 9 9 9 4 6 10 2 9 9 8 8 2 2 5 5 0 7 10 1 9 3 4 6 2 5 2 3 2 10 0 3 4 4 9 6 5 8 3 4 1 0 0
3 2 9 1 4 10 6 3 9 4 6 5 8 2 5 8 7 8 1 8 7 5 3 9 1 3 0 9 1 5 0 3 2 1 0 2 1 5 0 5 8 10 5 7 1 8 2 8 7 0 0 8 10 8 6 1 6 7 0 0 9 9 4 7 2 9 0 8 7 2 4 7 1 3 9 9 6 1 2 9 10 2 2 5 9 8 0 3 1 10 4 4 6 4 1 1 3 5 2 6 3 6 6 3 4 3 10 2 1 2 1 2 5 7 1 3 7 3 1 7 8 9 9 10 1 0 1 4 6 2 6 9 9 3 9 7 6 0 2 9 0 7 2 1 5 3 7 2 3 0
9 1 1 10 5 2 9 4 8 9 8 10 2 9 7 7 4 10 4 6 6 3 7 6 4 6 4 6 3 8 9 9 1 7 4 10 6 2 0 10 3 6 5 7 7 6 7 2 2 0 9 0 4 4 8 8 9 4 5 10 3 0 6 3 10 4 8 5 7 5 0 4 6 8 1 9 10 5 7 5 4 7 0 4 2 3 7 0 8 4 9 1 0 3 5 9 10 3 5 9 0 6 4 8 1 5 6 5 1 8 7 8 2 1 4 0 4 8 5 3 9 4 1 4 6 3 9 6 5 6 10 10 5 1 3 5 10 6 1 8 7 3 7 0 0 2 2 9 8 3
5 9 7 7 6 0 7 9 5 5 10 2 6 9 6 6 5 3 10 3 6 3 6 6 8 10 10 5 4 6 7 1 9 4 10 5 4 10 7 3 8 4 0 3 2 3 3 8 0 6 6 3 8 7 8 1 6 10 5 9 5 2 0 9 8 6 0 3 10 2 7 9 9 4 0 6 8 5 0 6 5 1 1 8 0 6 6 1 0 9 0 8 10 3 8 6 7 2 1 1 2 3 9 2 7 2 9 5 9 10 6 6 4 6 0 4 9 0 8 5 8 6 5 5 8 9 4 10 4 4 8 2 5 9 1 9 9 2 5 0 6 0 6 2 2 5 1 4 7 9
4 0 10 10 9 5 1 6 3 10 7 5 4 10 2 3 7 4 2 5 9 2 0 9 10 3 5 3 10 10 4 1 5 4 1 10 6 5 9 2 3 8 9 4 2 1 0 6 8 3 1 2 5 9 0 1 5 6 3 4 3 5 0 10 2 8 2 10 0 0 3 9 0 9 0 2 2 8 10 1 6 4 2 6 3 8 2 7 5 0 8 5 6 5 1 5 2 3 2 3 6 4 4 0 7 2 8 8 7 10 5 9 4 7 8 5 7 3 7 9 8 2 10 0 3 2 1 2 5 1 3 0 3 3 5 7 5 0 9 0 3 6 1 2 2 6 1 6 3 9
4 5 3 2 2 7 0 10 0 4 3 7 8 7 3 5 3 5 6 6 1 8 7 2 0 8 0 5 4 9 0 3 7 5 5 8 3 5 9 8 2 2 9 7 1 0 6 6 10 0 3 3 1 1 2 1 8 8 0 5 5 1 6 10 4 8 6 4 4 2 9 6 4 3 5 0 6 5 1 7 1 3 4 7 7 3 9 9 2 8 0 3 1 6 7 3 7 10 10 2 1 6 10 10 7 6 1 0 8 4 9 10 1 5 5 6 7 8 7 4 6 2 1 7 5 1 6 4 6 10 0 1 7 1 1 7 7 4 4 2 8 4 2 9 6 4 9 2 7 1
0 0 7 5 2 3 6 6 4 0 9 5 3 3 9 1 5 7 8 4 5 2 1 1 0 10 9 7 6 2 7 6 9 9 8 3 7 5 5 10 0 9 9 4 6 7 8 3 10 3 3 2 8 7 3 8 0 2 0 6 2 8 9 0 7 10 1 0 8 7 6 9 3 7 5 9 5 10 5 0 0 2 2 5 8 3 5 9 10 3 3 0 7 9 9 9 10 10 6 4 7 6 2 0 9 0 10 0 5 4 6 3 7 2 4 1 3 9 6 6 1 5 7 2 8 3 3 6 9 10 5 7 3 2 5 0 1 2 8 0 6 7 10 1 4 7 0 3 4 6
10 7 5 5 9 4 1 9 7 5 5 10 1 0 9 4 1 10 0 10 2 8 7 8 7 9 10 9 7 9 8 0 8 4 7 4 7 4 3 1 9 7 0 8 4 2 8 1 3 3 9 6 1 10 9 5 5 5 7 1 10 3 3 3 3 8 9 4 8 1 2 3 1 2 7 3 9 4 1 9 4 6 1 8 3 10 2 5 0 7 8 9 0 5 2 1 9 10 4 0 2 0 5 0 3 2 9 8 9 8 5 3 9 2 4 1 8 0 8 8 1 7 3 9 6 1 0 6 10 4 10 8 9 3 5 8 0 7 0 6 4 7 4 3 2 1 7 10 4 7
10 5 1 4 9 3 8 4 1 0 1 5 6 5 5 0 0 8 10 7 2 2 9 9 5 6 7 10 6 7 2 8 8 5 2 5 3 0 7 1 9 8 4 9 0 5 9 9 0 8 7 6 9 6 7 10 8 2 0 3 0 10 6 10 3 2 10 0 1 2 6 8 9 7 0 0 8 7 6 5 2 1 3 0 0 8 3 6 9 7 5 1 10 0 3 5 3 9 9 5 6 2 9 8 9 2 1 2 2 2 8 8 2 10 5 0 1 3 7 10 1 5 3 5 8 1 9 2 1 6 7 6 6 1 6 9 4 1 9 10 8 5 5 0 9 3 1 5 5 3
6 7 1 9 9 0 2 6 0 8 2 1 3 6 0 0 2 3 3 0 7 3 8 9 5 1 8 6 2 3 9 10 2 7 0 2 7 8 9 6 3 9 4 0 9 6 3 1 0 8 5 3 10 6 0 4 9 6 5 7 8 0 3 3 3 1 8 7 10 10 2 9 8 0 8 8 5 4 4 8 1 10 9 5 7 9 8 4 3 8 5 0 3 7 0 0 1 9 5 0 2 4 5 4 0 7 5 0 3 2 6 5 10 6 8 3 5 10 4 3 4 10 7 5 7 10 7 10 5 6 3 0 6 9 2 1 7 10 0 10 1 10 7 7 8 9 9 2 8 1
4 0 1 4 7 3 0 6 1 0 6 9 4 1 1 1 10 1 3 9 8 3 2 7 1 0 6 8 1 6 0 5 7 0 5 9 1 6 9 7 0 5 1 2 5 10 2 6 1 3 2 9 9 10 1 6 2 6 0 6 10 6 4 10 4 0 2 7 8 9 9 1 8 10 0 8 5 5 5 7 1 9 4 9 1 10 8 2 1 1 10 0 9 8 4 0 4 6 9 0 10 5 4 6 3 9 0 1 6 3 7 8 9 5 2 3 7 1 2 10 3 7 3 9 4 0 7 6 1 3 0 9 2 6 3 10 2 2 4 8 2 1 0 7 4 9 3 8 5 1
8 1 6 10 5 4 4 9 10 6 3 9 5 7 5 9 2 10 7 7 10 6 3 2 9 2 3 3 6 3 9 4 3 8 5 6 6 4 1 2 9 3 8 0 3 10 7 6 5 4 9 6 1 8 2 9 0 8 1 7 7 4 9 8 3 4 4 5 5 10 4 5 7 6 8 9 9 5 8 10 9 6 10 0 0 4 1 3 9 8 8 0 3 6 4 9 0 1 0 5 1 3 3 1 10 0 8 0 3 9 2 0 1 6 3 8 2 9 1 2 0 10 7 1 3 6 3 1 7 4 3 4 5 1 3 7 0 4 9 9 10 1 6 7 10 4 1 6 0 7
6 6 5 5 0 6 0 5 8 6 1 8 1 9 6 3 2 0 0 0 2 9 1 2 9 0 1 8 4 8 8 2 3 7 3 1 1 10 2 3 1 1 4 2 9 3 8 2 0 5 3 2 5 7 10 2 3 0 3 6 5 0 2 8 9 4 5 6 5 5 2 10 4 1 7 8 10 1 7 4 0 0 0 2 4 10 4 1 0 0 0 6 2 7 5 9 8 0 9 7 10 0 3 0 4 2 7 1 1 9 2 9 9 3 7 3 3 1 6 8 0 2 6 7 1 4 0 8 1 2 5 4 1 3 2 0 8 0 10 2 6 5 6 0 9 9 9 3 9 0
6 2 10 8 8 5 2 0 5 7 9 5 4 8 7 5 5 9 4 0 3 6 6 2 8 0 3 1 1 6 2 9 10 1 0 5 4 0 8 9 4 6 1 1 6 1 5 8 10 1 4 6 4 5 9 0 0 4 4 6 9 2 8 7 4 8 9 1 3 8 5 2 1 6 2 2 6 6 3 0 2 0 3 8 6 2 0 5 3 9 9 10 10 1 4 2 6 7 0 3 5 5 0 0 2 3 0 0 5 9 0 0 6 5 2 1 7 7 2 7 7 5 8 9 9 10 8 3 9 0 5 8 9 6 6 4 6 1 5 2 8 3 5 1 4 4 7 7 7 5
10 8 8 8 5 8 2 9 6 10 9 7 9 7 10 6 3 8 10 10 0 1 1 4 7 0 9 8 0 5 0 9 6 0 8 2 9 1 10 5 5 6 2 1 6 0 6 3 7 5 9 7 10 2 10 5 9 8 3 5 8 8 4 10 10 9 6 6 1 10 9 7 5 4 10 6 8 3 2 0 5 0 2 6 6 6 7 7 0 9 1 1 4 7 7 5 9 0 1 0 6 9 9 10 7 1 7 7 0 1 4 9 2 5 3 7 5 7 5 8 3 10 1 9 1 5 9 7 3 10 4 5 2 7 9 1 10 3 5 4 9 7 9 10 2 0 4 8 1 4
4 2 3 3 10 6 3 5 10 4 4 9 6 6 4 3 8 10 6 0 1 3 6 8 5 8 9 8 6 0 5 9 0 4 5 5 7 4 9 7 10 4 0 4 6 5 6 3 10 0 2 5 4 0 0 3 8 3 10 10 10 9 2 7 5 5 5 2 7 9 6 5 4 5 0 5 6 10 4 6 2 3 0 5 6 8 5 1 4 0 6 6 0 5 1 6 2 5 0 5 0 4 10 9 4 7 7 1 3 0 0 10 1 1 8 1 9 0 0 5 10 2 4 4 2 2 0 4 1 10 9 0 8 5 5 9 5 8 5 6 2 2 5 7 0 7 3 10 1 0
9 5 4 8 9 2 0 10 9 2 7 3 8 9 0 1 5 5 7 0 4 2 10 9 2 7 1 7 3 5 1 9 2 8 9 0 6 1 8 0 7 0 5 8 8 1 4 1 9 7 0 3 1 8 4 5 6 9 5 7 9 0 5 3 9 1 6 2 9 10 1 1 8 0 6 4 10 2 3 10 1 10 2 9 1 8 9 8 9 8 0 9 6 8 8 9 5 10 3 4 7 0 5 9 4 1 8 0 8 1 7 3 10 5 8 3 6 9 1 5 7 1 7 0 0 7 5 1 3 4 1 3 7 6 5 7 8 5 9 3 3 9 2 0 9 10 3 0 9 7
6 3 10 10 0 10 4 3 5 9 10 1 9 3 3 4 5 4 8 5 8 4 6 2 0 1 2 4 4 9 4 3 6 3 10 6 8 0 3 7 2 2 6 9 2 7 2 4 6 3 1 6 3 2 6 1 10 7 3 7 9 8 0 8 4 10 0 6 8 8 1 0 4 7 5 7 6 3 0 4 3 9 5 9 6 4 10 8 10 10 8 1 2 9 5 4 8 2 6 2 2 2 0 1 7 7 3 2 6 4 4 3 1 4 2 0 1 5 9 5 6 1 2 9 9 6 0 5 3 9 1 0 7 5 0 6 4 1 5 1 7 4 3 9 3 3 5 3 4 5
1 7 6 4 9 5 4 6 1 6 2 9 6 7 10 6 3 3 9 0 2 7 0 5 9 8 2 0 1 2 8 0 0 2 0 5 4 5 5 2 5 2 6 0 0 8 2 0 2 8 0 1 1 9 7 2 1 0 5 8 9 8 0 6 2 6 0 3 6 3 3 1 6 8 4 10 9 5 7 7 6 8 5 1 6 4 9 8 0 9 6 9 3 7 6 4 1 10 1 4 0 4 5 0 6 9 6 0 6 8 9 8 1 5 5 10 8 1 3 10 2 0 0 4 7 2 9 5 2 0 8 2 8 7 7 4 2 7 9 7 8 1 6 9 5 7 0 5 8 2
10 9 7 10 2 2 2 10 3 1 0 4 9 4 1 0 1 9 9 9 3 2 8 9 2 10 2 4 7 7 0 1 3 3 10 9 9 1 6 10 4 7 4 8 0 2 2 4 7 5 9 10 10 9 5 1 3 8 8 6 6 0 4 8 0 6 10 0 5 1 9 5 6 6 1 6 10 9 5 2 5 7 10 0 7 8 10 9 8 10 4 7 2 9 10 7 3 10 5 6 1 1 0 4 0 4 1 7 0 3 4 8 3 6 1 5 5 1 10 10 4 10 4 3 10 10 9 8 8 2 2 5 10 8 0 3 10 0 2 2 3 7 1 6 4 3 8 1 4 4
5 1 9 2 7 3 3 3 4 9 9 10 4 7 4 6 2 7 8 9 2 10 1 5 1 4 7 2 6 6 3 9 2 7 9 3 3 8 1 10 9 2 5 9 7 5 6 3 9 0 1 2 7 8 0 8 10 1 9 5 6 3 7 1 0 4 10 9 3 5 2 3 10 0 3 6 7 2 6 2 0 5 0 10 1 2 6 1 3 2 5 4 9 8 2 8 6 8 4 7 9 0 8 7 3 0 5 0 1 10 0 10 10 9 3 1 0 9 10 10 10 10 9 8 6 6 0 7 7 2 1 4 2 5 2 1 7 5 2 4 6 2 3 2 4 0 1 3 0 3
6 2 0 4 3 6 9 8 1 6 5 9 8 5 0 7 10 4 0 1 7 4 5 0 10 6 7 7 10 5 9 2 5 3 1 5 4 2 1 7 8 3 1 5 4 2 7 8 9 8 4 9 6 0 2 0 10 4 4 10 5 3 4 9 9 4 4 6 0 1 2 10 1 6 4 7 3 5 9 9 1 4 7 0 10 1 3 1 2 5 2 1 4 3 3 2 5 1 0 9 0 8 7 3 8 9 0 0 10 8 1 2 3 9 3 8 9 5 0 3 6 1 3 1 8 3 4 4 8 5 10 5 0 0 4 4 4 8 1 8 4 5 5 8 1 2 0 1 3 3
1 5 4 1 0 8 1 8 9 5 5 4 1 4 4 6 3 10 10 7 9 0 4 7 2 9 8 1 5 5 7 5 2 3 9 9 0 0 8 9 7 1 3 9 2 5 2 9 1 0 10 6 6 2 9 6 2 8 8 6 4 2 8 4 6 0 4 2 3 2 7 1 1 6 4 2 9 3 5 2 1 10 5 9 3 7 7 4 3 8 9 7 8 1 0 3 3 2 10 8 6 10 8 6 10 1 2 0 7 1 8 4 5 2 0 0 10 0 7 0 2 1 0 1 9 10 1 1 8 2 9 10 10 9 10 9 9 8 9 2 0 5 10 2 1 5 8 3 10 2
7 10 6 5 5 5 7 10 5 9 3 2 0 9 4 0 3 3 10 9 10 6 0 2 4 0 5 5 1 0 4 0 8 8 8 10 7 7 0 8 5 5 3 6 1 1 6 8 2 9 10 6 1 9 10 7 9 5 1 7 9 3 8 9 1 4 9 0 6 1 6 4 7 10 7 8 3 7 8 4 2 5 4 10 5 2 9 8 3 6 0 7 4 4 6 4 4 8 6 10 2 8 7 0 7 9 3 0 0 10 6 7 8 7 6 3 10 5 6 6 8 0 0 4 3 6 10 8 10 0 8 1 4 10 0 1 3 9 7 5 5 5 4 2 8 0 9 6 9 3
0 2 6 4 9 1 8 6 3 9 1 9 8 6 2 10 9 6 1 1 7 3 4 1 3 3 8 10 3 1 0 5 4 3 4 6 6 3 2 6 0 5 5 1 7 0 7 1 0 0 7 5 2 1 1 10 3 6 8 10 8 0 10 3 8 3 9 7 9 5 1 2 3 0 10 0 2 4 3 8 5 9 1 9 6 8 0 7 9 7 2 0 1 5 0 9 2 7 8 5 8 1 10 5 1 8 2 7 1 0 0 3 6 9 3 10 8 3 9 2 6 5 2 3 10 4 2 4 3 3 4 5 10 10 6 2 4 9 10 4 6 6 4 2 10 4 3 3 5 7
3 6 0 9 1 0 10 1 2 0 4 5 3 10 1 10 4 9 7 0 5 8 5 0 2 4 4 4 1 3 1 4 3 3 7 3 5 1 4 10 4 7 5 3 3 9 7 6 1 10 2 5 0 2 10 6 2 3 9 4 10 6 9 3 1 9 3 1 9 10 9 0 9 6 3 0 1 10 2 1 0 8 6 5 8 4 3 0 10 10 10 5 10 8 2 3 1 1 9 2 4 7 2 4 0 10 2 5 6 7 0 5 3 8 10 3 5 6 4 5 3 7 10 4 8 2 3 4 1 6 4 7 10 8 6 2 5 1 9 8 3 6 3 5 6 0 0 6 6 9
10 5 3 1 7 10 6 4 7 8 7 9 2 4 6 3 3 1 0 8 2 10 7 1 10 1 7 7 2 5 1 3 8 8 9 5 2 8 0 7 4 5 3 4 1 7 2 2 2 0 5 0 8 4 4 7 7 1 0 1 1 1 3 2 5 1 0 8 7 7 8 6 4 9 2 1 10 8 1 9 0 10 7 8 0 9 3 2 5 3 7 5 6 10 4 1 9 3 6 2 10 2 0 5 1 8 5 8 6 0 8 0 10 7 5 4 9 6 3 1 10 7 4 2 6 5 7 1 6 6 10 9 0 7 5 10 3 8 5 0 9 2 5 3 9 2 10 0 9 0
0 5 3 1 9 2 7 4 5 0 0 2 4 9 10 10 2 4 8 8 1 3 3 3 10 4 0 7 8 6 9 0 7 9 8 7 8 2 5 0 7 6 6 3 2 10 2 5 0 3 3 7 8 2 8 3 8 0 9 4 9 1 10 7 7 0 0 1 6 2 3 1 1 9 0 6 9 10 6 4 2 10 1 1 2 8 0 8 8 6 6 2 0 5 10 10 2 4 0 3 7 9 2 9 4 6 3 9 4 5 3 6 0 5 10 6 5 0 6 10 8 4 4 4 3 1 9 10 1 4 8 0 8 0 8 8 9 7 3 1 10 4 8 10 6 4 6 4 2 3
10 0 3 0 2 8 3 9 10 10 6 4 0 9 6 5 5 10 8 4 1 10 10 9 6 10 0 0 5 4 2 4 2 5 6 1 3 7 8 7 8 8 4 4 3 1 1 0 9 3 2 4 9 2 7 1 4 1 3 6 7 1 5 2 6 8 3 4 6 1 3 8 5 1 7 6 1 10 9 4 9 3 1 3 0 3 1 5 6 1 9 10 8 1 9 1 8 2 1 8 6 1 0 1 10 2 0 6 10 7 10 4 6 0 10 2 4 7 0 1 8 3 6 10 2 10 2 5 10 9 3 7 3 3 7 8 5 5 0 1 7 8 5 5 1 3 2 6 10 3
7 8 0 5 4 0 4 10 5 9 3 5 8 2 2 10 0 7 6 8 10 7 0 1 5 10 6 0 8 10 8 9 3 10 3 4 3 3 8 3 1 10 6 10 7 6 6 8 8 7 10 9 3 2 2 3 3 6 5 8 2 10 7 2 5 1 6 6 10 10 10 3 0 0 2 5 6 9 10 0 3 2 5 4 0 3 8 0 4 5 2 1 4 7 6 3 8 3 7 5 5 6 5 8 10 3 6 8 9 0 2 2 7 6 0 7 8 6 4 8 5 5 1 0 4 8 3 3 1 4 0 4 7 6 0 3 9 8 6 5 5 5 1 5 0 1 6 1 5 0
4 3 10 6 9 1 2 3 2 3 9 1 7 8 6 6 9 2 10 7 7 3 7 3 9 10 6 5 8 10 5 3 0 5 1 5 0 4 6 10 10 9 6 8 7 10 2 4 4 10 6 1 0 6 8 8 0 10 9 4 6 3 0 0 3 1 9 8 5 3 2 5 9 2 2 4 7 8 6 6 5 0 6 5 7 3 0 4 5 1 6 10 2 10 6 8 4 0 0 7 6 7 9 1 8 3 1 10 4 5 9 2 9 1 0 0 8 1 10 3 2 8 6 2 9 5 6 10 8 9 3 9 2 9 0 7 4 10 0 4 10 10 9 8 7 4 6 8 8 3
9 1 5 6 3 5 5 1 4 1 10 4 2 8 5 3 5 2 7 4 5 3 3 3 5 6 10 3 1 0 9 1 1 4 4 10 9 3 0 9 0 3 9 2 4 9 7 7 6 5 9 8 10 5 3 9 2 0 9 3 2 6 9 5 8 4 5 9 5 7 10 6 6 2 4 6 4 0 3 8 6 7 5 4 2 10 4 0 0 0 7 8 9 10 6 10 4 2 10 10 0 1 0 7 3 5 2 1 1 0 1 7 8 1 5 5 0 6 8 3 2 9 3 2 8 5 6 7 3 5 5 6 10 0 2 2 5 2 4 3 3 5 8 6 3 0 9 5 8 5
3 3 7 9 4 9 4 4 7 1 2 9 6 4 2 5 10 9 2 6 7 0 7 10 6 4 9 10 2 5 0 3 8 7 8 5 7 6 9 7 9 9 4 8 0 6 9 5 7 1 3 1 3 7 4 6 3 9 6 6 6 0 0 7 7 4 8 6 1 7 10 0 2 4 4 4 3 1 7 5 2 9 0 1 8 7 3 4 3 9 9 1 1 6 6 4 2 9 6 10 4 8 8 7 7 1 5 8 3 4 4 0 1 2 0 9 3 0 9 1 3 6 0 6 7 5 4 10 5 10 9 1 8 10 9 7 10 0 7 6 6 6 5 7 10 2 9 2 4 1
7 4 2 4 9 4 1 7 10 8 5 10 4 10 5 6 1 10 6 6 7 7 7 10 3 9 8 9 3 3 9 3 6 3 5 6 6 10 2 6 3 0 0 8 3 8 9 0 7 2 8 9 10 5 3 4 7 4 9 1 4 5 6 1 1 6 4 9 1 5 2 8 2 9 6 7 4 2 7 2 4 2 1 10 4 5 3 4 5 8 7 6 5 1 5 4 8 6 6 2 3 7 1 6 8 2 6 6 5 3 10 10 3 7 0 5 6 0 0 6 1 2 2 10 10 3 8 5 4 8 5 5 5 2 6 5 3 5 10 8 0 3 9 7 6 4 9 1 9 3
10 0 10 7 8 10 5 9 6 2 8 3 3 6 2 4 3 6 4 10 2 3 9 5 10 9 1 4 2 6 4 10 4 3 9 6 6 7 10 5 1 6 7 4 1 3 9 2 8 0 0 4 0 0 10 2 6 1 7 3 0 2 6 2 0 3 6 10 8 4 6 4 8 6 8 6 5 4 3 0 10 8 0 0 5 5 5 1 10 6 0 10 6 8 7 2 6 2 4 2 10 7 8 5 8 4 10 4 1 3 7 0 0 7 3 7 2 7 0 0 8 2 1 7 2 9 2 7 0 2 2 5 0 9 0 6 10 1 4 10 4 3 7 0 5 7 10 5 7 2
4 0 4 9 8 6 1 10 1 5 7 5 6 9 4 10 8 4 0 9 2 2 0 3 3 5 6 2 0 10 9 3 1 3 6 8 1 10 4 6 5 5 9 4 6 0 6 1 7 1 9 10 7 9 5 10 9 2 7 10 6 5 4 2 5 2 0 2 0 1 4 9 8 8 8 1 2 9 2 8 0 1 4 7 9 3 8 1 10 10 3 8 8 1 5 4 2 0 10 5 9 3 5 5 8 5 9 5 9 4 8 8 6 6 10 10 4 9 4 8 0 1 5 0 8 7 4 8 2 3 3 4 7 10 1 0 3 2 0 9 4 8 5 2 2 8 1 7 9 5
8 8 10 7 8 1 8 9 4 5 0 3 0 7 6 8 9 0 0 4 9 5 4 2 4 10 10 3 9 6 4 2 7 0 4 5 7 10 4 5 4 7 10 2 5 1 7 2 3 9 4 1 0 2 10 5 0 7 5 1 2 5 5 9 5 1 5 1 10 6 9 0 5 10 10 5 2 0 7 6 6 5 9 1 0 8 4 8 7 8 5 10 10 6 9 8 2 8 3 7 4 9 6 8 1 9 4 6 8 7 10 4 1 6 7 5 10 0 9 0 7 0 3 4 3 9 10 9 1 7 0 8 3 3 10 6 2 7 3 6 0 6 6 1 10 8 9 10 8 9
3 6 9 4 8 0 4 0 9 9 1 1 2 9 8 1 0 3 2 4 0 2 10 10 5 6 1 4 3 9 9 6 8 2 1 7 10 6 10 4 8 6 8 9 10 9 6 9 9 8 6 6 5 7 4 2 8 0 0 2 6 9 7 1 10 7 2 3 3 7 7 10 2 5 8 2 6 8 7 5 8 5 9 6 9 0 3 3 1 2 10 7 5 2 8 4 7 3 4 0 6 7 7 2 0 8 0 8 8 3 7 10 8 6 9 8 10 9 6 1 8 2 0 4 7 8 9 10 5 0 4 3 1 4 3 3 7 9 8 0 3 4 3 5 5 3 1 5 2 9
6 0 2 3 6 2 1 6 7 7 6 6 10 6 3 10 0 7 6 10 4 9 0 0 7 10 10 9 6 10 7 3 4 10 6 2 6 7 7 10 10 1 9 2 4 6 4 7 10 2 6 8 3 5 3 2 7 5 2 2 1 2 7 3 10 0 5 6 0 9 3 2 1 10 4 5 1 5 2 10 10 6 0 1 5 1 6 6 1 0 1 6 9 9 6 7 1 2 3 0 3 10 5 4 8 6 5 3 1 2 0 6 9 10 1 7 9 2 10 4 8 9 9 0 7 4 5 1 4 8 0 8 5 4 5 7 2 10 4 9 6 1 7 10 6 6 2 10 4 10
5 4 0 3 10 0 10 4 9 1 8 2 2 9 9 8 0 8 4 9 1 10 4 5 4 0 4 2 8 7 7 1 6 6 3 0 2 6 7 6 9 5 8 6 5 9 1 10 3 2 9 7 7 4 6 3 3 5 10 0 2 8 6 3 3 8 3 1 1 8 8 7 4 2 2 2 2 7 4 2 5 8 5 0 5 5 8 1 3 0 7 3 6 0 1 8 10 6 1 8 2 4 5 3 4 9 0 10 3 10 3 4 3 8 4 0 9 8 9 3 6 5 6 10 0 7 10 10 8 2 0 7 9 6 4 1 4 8 3 0 6 0 9 3 2 1 10 6 7 4
4 0 2 0 3 4 1 7 7 9 0 1 10 10 1 8 10 5 9 0 1 9 1 6 10 8 4 5 1 2 8 4 1 0 0 3 2 9 8 0 3 2 6 8 0 10 1 0 6 0 3 5 6 1 8 1 6 2 4 3 3 2 7 4 1 0 3 8 2 0 7 6 3 5 7 0 6 5 2 8 5 0 10 4 0 6 3 6 7 7 10 9 7 8 5 6 10 10 6 2 2 2 4 6 1 1 5 10 2 8 7 6 2 7 2 0 2 10 8 1 3 1 1 7 5 0 0 8 2 7 9 9 7 8 3 9 5 7 2 4 2 6 2 10 0 5 7 6 4 3
5 10 10 3 8 2 9 3 5 10 4 3 5 5 8 8 2 7 2 3 8 10 8 7 2 2 9 6 0 5 2 7 7 9 10 1 1 3 5 9 9 0 1 0 4 9 10 10 6 3 6 9 4 4 7 1 2 2 1 3 1 3 2 2 3 5 4 1 1 3 4 4 1 8 3 6 7 9 0 4 1 7 10 4 1 6 6 10 7 0 8 7 10 2 7 9 1 3 2 6 8 3 6 8 6 5 4 8 0 5 10 10 2 10 1 1 6 1 6 1 9 7 0 10 4 4 0 2 2 4 7 1 9 4 6 7 0 7 10 7 6 10 10 1 1 4 4 2 6 7
4 10 10 3 0 10 1 8 10 7 7 7 10 0 7 8 5 7 8 2 3 9 1 7 7 2 2 6 5 10 1 2 3 2 7 5 1 5 2 4 9 5 10 10 1 2 7 9 2 6 10 6 8 0 1 9 9 9 2 3 5 10 5 4 9 5 6 9 0 6 8 3 2 0 0 1 8 3 5 3 4 5 9 5 10 5 8 10 7 3 2 2 6 8 1 6 4 0 9 2 0 0 1 4 9 3 3 4 10 6 8 6 1 5 9 1 3 5 1 2 4 4 2 5 3 9 5 0 7 10 4 2 0 10 1 7 4 6 0 6 1 3 6 7 1 6 0 10 5 7
3 5 8 7 10 1 9 4 0 7 9 6 6 10 1 5 6 7 7 8 2 7 5 8 3 7 3 8 5 0 2 9 7 2 5 10 3 6 4 0 3 4 1 4 7 0 7 4 1 1 6 7 7 6 10 1 9 4 7 9 4 2 2 6 9 7 0 1 8 9 6 10 8 7 9 10 2 4 6 4 2 4 0 8 9 10 0 4 0 4 9 10 5 10 6 3 10 6 2 5 3 3 4 5 4 1 3 6 2 9 0 8 1 6 10 8 7 5 4 9 0 3 9 7 5 9 1 0 0 9 1 9 8 2 10 6 8 7 7 6 10 10 0 8 6 5 7 1 0 6
10 10 4 10 0 7 10 0 4 0 0 9 8 10 3 0 5 3 4 9 5 8 7 5 6 4 5 6 1 7 4 1 1 1 7 3 5 4 2 3 3 1 4 0 3 7 8 4 7 8 0 6 5 7 6 8 2 2 9 7 6 7 3 8 10 0 7 3 2 2 8 5 9 1 8 7 4 4 8 8 9 1 3 7 8 8 4 3 3 2 4 6 1 10 3 0 1 10 2 0 5 9 0 6 7 1 4 6 0 4 6 4 0 4 8 5 10 9 8 6 7 9 6 8 8 5 4 1 2 0 2 0 9 9 10 1 1 9 4 7 4 8 4 9 0 2 9 9 0 4
2 9 10 0 6 10 7 0 0 6 6 6 2 7 5 10 4 5 10 4 8 3 3 8 10 3 5 2 8 0 10 3 8 0 1 0 7 10 10 4 3 7 8 1 8 3 1 10 5 9 1 0 5 2 7 4 2 7 7 2 10 6 0 1 7 1 10 2 8 10 4 4 9 1 3 8 8 8 7 7 5 8 7 3 4 6 10 1 0 3 8 6 9 8 3 8 2 9 7 6 1 3 5 3 2 4 3 2 10 5 1 6 10 10 6 3 1 2 8 6 7 3 7 3 4 5 8 10 1 9 0 9 2 4 0 10 5 3 0 2 7 2 0 1 10 2 7 6 10 5
10 8 1 1 3 5 6 10 9 0 9 6 8 1 8 0 2 3 2 4 8 10 0 6 5 5 7 1 10 5 3 5 7 1 7 1 6 8 7 4 9 1 9 3 5 1 3 8 5 1 10 7 1 2 9 8 1 10 5 8 8 10 7 1 2 0 0 5 3 9 7 2 6 3 5 9 7 3 3 7 3 10 8 10 1 7 7 7 3 5 8 3 3 6 8 0 5 10 6 2 1 3 4 5 7 8 6 6 3 0 1 7 2 10 0 2 7 7 7 3 0 9 3 1 1 2 9 4 4 10 4 0 3 6 5 2 1 6 4 1 1 4 7 10 8 6 7 5 0 4
0 0 2 2 9 10 2 0 7 5 4 10 3 9 1 8 5 7 3 7 2 7 8 5 7 7 2 7 3 7 0 7 6 5 7 10 7 0 10 9 10 5 3 2 3 8 9 1 10 6 2 1 6 4 4 9 9 9 10 4 5 9 2 3 4 8 5 8 10 9 7 6 10 9 5 5 10 4 4 4 6 8 2 10 6 3 4 1 8 9 2 0 1 4 1 1 2 2 6 6 8 4 10 1 0 2 9 7 4 3 2 10 9 8 3 10 8 3 0 6 8 1 8 0 7 3 1 2 6 1 4 0 0 4 6 3 7 0 10 2 1 5 3 0 5 10 6 6 5 3
4 0 2 4 8 0 5 1 0 8 1 1 1 9 7 2 0 9 0 8 2 6 2 6 5 9 1 0 1 0 10 0 2 1 4 10 10 6 5 5 6 10 5 4 0 2 4 0 8 3 1 3 10 4 0 0 4 0 10 5 3 5 4 8 2 5 3 1 7 5 8 7 4 5 1 3 10 10 2 5 9 10 8 2 8 2 6 8 4 4 8 7 7 8 1 0 6 3 6 7 9 1 7 4 10 2 8 4 8 2 2 9 3 5 6 8 3 7 8 1 8 2 3 3 7 5 9 10 10 3 10 9 0 0 7 4 4 8 7 10 10 10 2 4 4 2 9 10 4 4
8 8 9 2 10 8 3 1 6 2 5 7 2 1 8 1 10 8 6 6 2 10 9 6 8 2 10 3 3 10 7 7 1 10 0 5 3 6 7 1 2 8 1 1 9 6 1 0 10 0 2 8 2 1 1 9 10 5 8 2 9 10 0 8 5 8 3 10 2 4 7 0 0 0 9 3 0 7 0 3 4 0 3 5 5 9 10 10 8 1 9 5 0 3 5 6 7 7 0 6 1 7 9 3 0 5 8 1 7 7 6 4 0 3 6 7 10 10 7 7 3 2 3 5 5 3 7 7 9 3 7 9 6 2 0 5 7 3 1 3 8 4 8 8 7 3 9 10 2 3
8 2 9 6 4 7 8 5 3 8 5 5 1 9 8 5 0 2 7 0 8 0 4 7 9 10 1 7 9 9 3 6 9 9 8 5 0 1 9 9 6 4 6 0 9 1 4 3 3 10 6 8 2 0 6 4 10 2 7 5 10 8 1 8 0 8 9 6 9 8 9 5 9 6 7 1 7 10 10 1 8 0 10 4 8 10 2 1 0 5 0 6 10 10 8 1 7 10 10 7 0 1 9 3 1 5 9 0 3 6 8 10 3 3 2 5 5 7 4 3 7 5 5 4 0 4 6 1 8 0 1 9 8 10 7 0 4 9 8 9 1 8 5 0 2 3 7 8 8 5
3 8 4 7 3 10 4 9 1 5 5 7 6 10 4 8 1 9 6 7 0 9 1 0 8 4 9 6 9 3 3 10 8 6 0 8 9 6 9 0 7 8 3 10 9 1 3 7 4 3 8 5 0 7 1 8 9 10 7 3 8 8 10 6 3 0 5 5 7 8 5 0 7 7 9 5 10 7 1 5 6 2 10 10 9 8 10 1 5 6 7 10 0 10 9 1 7 9 2 6 7 4 6 9 0 5 3 6 6 8 9 8 9 6 3 4 7 6 8 0 10 2 10 7 4 5 2 6 6 0 5 0 7 4 10 9 0 2 5 9 1 6 9 10 7 2 4 0 4 1
7 2 5 9 9 1 2 2 0 7 6 8 2 7 0 5 10 1 2 8 0 8 3 5 7 0 1 8 0 8 7 7 7 0 9 3 4 6 4 6 3 3 5 9 0 1 2 0 1 7 4 10 7 9 4 10 10 5 7 10 1 5 4 7 5 4 7 1 6 8 3 1 7 9 7 4 7 2 6 8 5 2 1 0 10 5 8 8 9 7 4 3 9 8 10 4 1 8 9 8 8 1 8 6 1 3 8 5 3 10 9 1 3 7 1 6 8 4 9 7 9 1 8 3 7 5 2 3 2 1 10 1 10 5 8 8 0 0 2 9 8 6 2 7 9 0 4 7 3 8
3 1 6 8 10 4 6 2 6 8 4 5 8 7 8 0 3 5 2 0 5 5 8 4 8 4 10 7 8 7 1 8 3 4 8 3 1 2 4 3 8 2 5 9 10 10 3 6 1 1 1 5 7 8 10 6 5 7 9 10 1 7 3 4 10 7 6 2 1 1 8 6 5 9 9 6 6 10 1 4 3 2 1 0 9 5 5 4 0 6 10 9 3 3 6 10 2 1 6 0 6 8 8 10 0 6 3 6 4 8 4 7 6 7 0 5 9 1 6 1 5 7 7 5 9 10 7 0 1 6 10 9 3 4 5 9 2 4 0 3 0 7 7 7 5 3 10 5 4 4
0 10 1 6 7 3 2 5 5 3 5 9 6 6 6 5 10 5 5 1 2 9 4 3 1 2 8 0 0 1 6 8 6 8 7 9 10 10 10 9 0 8 2 4 1 3 5 4 5 4 3 8 5 4 4 8 4 0 6 5 5 7 6 2 0 10 8 5 7 5 5 10 7 8 0 10 6 7 4 4 6 8 10 1 8 5 4 9 0 9 5 6 10 3 0 2 9 6 3 4 1 3 0 3 8 8 10 8 7 4 5 7 3 6 1 0 5 9 7 4 8 1 1 2 4 7 1 6 1 10 7 1 8 1 9 10 1 5 9 0 6 7 1 4 8 6 1 2 1 1
4 5 7 1 2 3 8 6 6 8 0 6 5 8 8 7 3 0 3 8 3 2 8 2 6 7 10 9 9 6 10 8 8 6 6 10 5 6 3 9 0 9 9 0 7 8 4 7 1 10 3 7 2 2 2 5 8 4 10 6 6 0 10 1 3 5 10 0 9 8 5 8 0 10 5 8 8 3 7 6 5 8 0 7 7 1 9 9 3 0 8 7 10 4 9 2 4 2 6 6 6 10 7 0 6 10 10 5 6 0 4 10 3 8 8 7 5 7 6 1 4 8 4 5 1 6 1 6 7 4 9 9 2 10 1 6 0 8 10 7 0 5 9 1 4 1 1 0 6 4
7 5 1 2 4 8 5 3 5 1 0 2 10 0 7 1 5 2 6 7 2 7 9 7 3 2 9 0 1 6 9 8 2 3 8 5 4 5 3 8 0 3 5 6 5 0 4 3 1 10 2 10 4 6 4 2 3 1 9 4 4 0 3 5 4 10 1 3 0 4 4 6 10 5 0 6 3 1 7 6 10 6 2 8 2 4 10 5 9 9 9 8 10 9 2 4 10 0 6 0 0 8 4 4 8 2 2 5 8 6 3 4 8 6 8 0 6 5 1 2 5 1 0 0 9 10 10 9 2 2 10 9 8 8 2 0 0 0 5 7 10 0 7 6 3 4 8 0 0 5
6 7 6 7 1 3 6 2 9 10 9 0 9 8 5 4 2 4 2 6 9 2 3 5 0 8 9 0 1 9 6 6 10 5 5 10 9 6 4 0 2 0 8 8 1 10 8 9 10 1 5 1 2 3 7 1 4 10 3 5 2 9 2 3 3 2 10 0 9 6 3 3 7 5 6 6 9 10 7 5 5 3 0 8 7 9 3 2 2 3 6 1 8 4 3 5 4 4 8 5 8 1 0 9 6 3 3 10 9 7 2 2 0 0 2 8 0 2 10 8 4 8 9 2 2 0 5 1 6 5 2 0 10 6 4 10 8 6 0 10 6 8 0 9 10 3 4 0 1 1
7 0 7 7 9 5 3 6 2 9 2 5 10 10 2 3 10 3 0 5 7 2 0 8 6 4 8 8 2 9 6 10 1 0 5 0 6 7 2 6 4 3 3 6 8 1 2 9 10 1 9 10 9 10 7 9 6 6 10 4 1 8 8 8 3 8 8 8 3 2 9 3 3 1 6 3 7 0 8 2 10 7 1 3 3 4 7 10 1 7 3 9 6 1 1 7 9 1 9 0 1 7 3 7 3 8 6 7 10 8 9 4 1 0 8 2 0 3 10 0 7 3 10 0 3 3 8 8 7 0 3 6 5 8 6 3 5 4 10 4 4 7 4 0 1 4 1 4 7 1
3 5 6 7 9 8 8 8 3 10 2 0 8 0 1 0 4 7 4 10 8 10 9 0 7 0 2 8 2 5 1 8 5 0 1 3 8 10 2 6 2 4 4 3 2 10 6 6 2 6 3 3 10 5 7 10 1 5 10 10 7 4 0 1 6 9 1 10 4 3 8 10 3 3 2 7 1 9 2 10 5 1 2 0 8 7 5 3 0 2 0 10 10 8 0 8 1 8 8 7 4 6 4 10 7 0 0 2 4 3 5 9 5 2 1 6 6 3 2 6 2 2 0 8 8 6 0 3 2 5 7 2 2 9 4 2 1 5 4 0 7 1 4 6 0 4 4 6 4 5
5 10 8 4 3 9 10 7 10 7 0 0 4 8 7 1 4 10 1 8 7 6 3 10 1 4 2 9 1 7 4 4 10 5 8 8 5 1 1 6 1 5 8 2 4 7 2 7 6 6 6 8 10 6 8 7 6 0 2 3 0 3 6 10 6 5 8 4 5 4 5 4 5 4 3 0 3 5 5 5 3 5 10 4 6 8 2 3 3 2 8 10 4 7 3 0 0 5 0 5 7 10 2 2 4 3 4 0 6 7 8 9 8 10 10 5 6 10 10 5 0 0 0 2 5 9 7 10 0 0 1 9 6 0 0 0 10 2 4 3 3 6 3 10 2 0 9 7 8 5
5 6 9 4 10 0 1 8 4 1 0 1 4 5 0 0 2 0 3 7 0 4 4 1 7 7 6 5 0 0 5 7 1 9 1 9 8 2 4 3 5 0 9 10 3 8 2 6 10 10 1 10 8 6 2 7 6 6 10 3 1 10 6 0 0 2 3 1 7 5 8 7 4 6 0 4 3 2 1 0 9 1 3 9 4 10 4 1 3 3 9 7 4 3 1 5 0 5 3 4 2 1 1 0 9 1 4 0 10 2 3 9 3 5 10 3 4 2 10 3 1 5 1 8 2 9 8 4 3 8 10 6 6 5 6 9 0 7 3 5 10 4 8 10 9 4 0 1 5 1
2 7 3 10 3 3 8 5 7 0 8 1 3 5 4 6 3 10 6 3 10 3 10 2 1 4 8 2 5 6 7 7 2 4 5 7 9 10 8 6 10 5 2 5 2 8 6 8 5 6 6 4 9 5 2 1 9 3 6 2 8 6 4 6 9 5 9 1 4 1 3 6 8 1 3 0 8 6 7 7 8 9 7 0 0 9 10 2 2 6 5 4 5 0 0 4 1 0 9 10 2 6 9 0 0 2 9 8 0 5 9 0 4 2 5 6 8 2 10 3 8 6 8 7 0 2 1 9 2 4 2 3 8 5 10 0 2 10 5 3 7 5 9 1 0 10 8 0 3 1
4 3 3 5 5 3 1 2 1 9 1 10 10 3 4 7 5 2 3 10 9 4 0 5 8 2 9 5 7 7 1 10 8 3 7 1 2 10 2 5 9 9 3 10 3 3 1 8 10 1 9 5 6 2 10 10 8 4 0 6 4 8 1 3 5 5 3 8 4 5 3 7 3 7 3 10 0 10 3 9 2 7 4 7 9 3 9 8 2 8 5 7 2 6 2 7 6 3 9 8 5 0 10 1 7 9 4 7 2 3 10 10 0 10 8 6 5 5 0 9 6 3 6 0 0 10 0 7 6 7 0 1 7 0 4 10 4 6 9 3 2 0 9 4 8 3 0 5 0 3
9 4 6 3 2 9 6 8 4 8 3 0 4 10 10 8 1 2 7 4 9 3 3 3 0 2 2 5 10 8 10 8 2 2 1 1 9 5 0 4 5 0 8 0 1 5 0 0 6 7 5 5 4 0 8 10 8 6 7 8 10 1 1 3 6 9 2 4 0 10 6 6 9 6 1 10 1 0 8 6 10 0 1 0 9 7 4 8 2 1 9 2 3 6 9 9 3 6 5 2 0 5 7 6 9 0 5 6 1 6 0 0 8 7 2 7 6 2 9 5 8 1 9 7 1 3 1 3 4 7 1 5 8 2 7 9 5 3 3 9 3 5 2 2 1 6 3 4 10 0
