50
39 21
19 13
23 78
38 64
7 38
31 91
30 29
2 140
15 79
4 84
2 132
15 48
2 148
41 148
46 6
44 8
8 110
34 61
48 40
43 10
6 3
24 113
14 113
4 121
44 143
18 89
50 69
39 19
20 55
35 101
34 41
26 108
48 49
29 138
35 37
3 5
21 110
3 110
4 19
43 48
1 59
8 71
13 7
11 36
38 43
31 14
15 23
26 66
5 55
29 144
1 10 16 23 21 21 16 16 16 20 23 17 5 12 20 11 16 8 23 16 13 9 7 20
2 22 17 3 20 4 8 8 11 19 2 17 17 10 19 2 23 13 17 18 11 13 21 2
3 6 15 13 5 15 14 20 21 17 11 6 16 1 16 1 6 9 21 4 10 10 6 11
4 10 9 20 4 1 20 5 6 6 9 17 15 22 11 20 7 19 6 22 2 7 10 22
5 3 19 23 3 4 8 5 14 21 4 3 18 3 11 20 5 15 10 16 16 10 7 2
6 10 20 18 10 7 8 11 22 11 5 3 23 1 3 18 7 8 14 12 21 5 16 2
7 9 17 17 21 3 14 17 15 23 21 12 6 7 16 21 6 1 6 19 1 13 9 23
8 17 4 5 5 8 8 5 14 21 18 21 23 8 5 15 11 13 16 17 13 10 15 3
9 2 6 12 12 21 9 16 20 20 9 9 3 4 18 3 10 11 18 18 21 11 6 3
10 8 14 8 8 9 4 5 15 1 2 3 4 4 14 9 23 6 22 17 21 11 3 15
11 3 21 8 19 8 8 4 7 18 23 3 16 20 9 17 15 23 8 6 11 1 2 13
12 20 4 3 16 5 6 21 5 1 17 22 22 8 21 14 11 6 16 23 21 5 13 14
13 14 10 6 4 9 20 4 10 16 16 5 5 3 18 11 6 3 3 13 22 5 2 11
14 8 23 15 7 18 20 20 5 9 12 22 12 21 6 19 9 8 17 5 1 2 6 6
15 18 5 18 4 1 5 2 12 10 17 11 5 12 18 11 20 4 16 3 13 10 4 10
16 5 11 4 9 11 17 21 21 3 18 4 23 7 2 7 20 8 2 7 10 10 18 15
17 13 4 10 7 13 16 1 20 2 23 19 11 13 9 9 1 21 4 17 2 12 23 18
18 9 17 15 5 4 13 7 12 6 9 18 17 9 5 22 15 1 7 23 9 21 22 17
19 3 17 3 8 22 18 22 12 2 4 9 11 5 12 18 11 2 8 17 14 9 21 1
20 10 22 20 16 15 14 22 18 11 7 15 6 1 10 8 11 23 4 13 15 4 11 20
21 13 7 22 2 7 10 2 7 9 14 16 20 11 22 22 16 15 13 10 23 4 10 14
22 21 18 17 2 16 23 10 14 12 1 1 1 14 1 19 15 9 6 15 9 13 22 5
23 20 20 3 13 6 11 10 20 15 10 13 17 23 2 21 17 20 10 10 16 9 2 23
24 5 4 1 15 19 16 8 20 18 12 11 19 23 10 7 8 9 14 4 4 14 10 10
25 18 1 10 22 15 7 7 6 23 19 15 12 21 1 21 6 4 8 6 15 12 11 13
26 11 12 18 7 1 5 7 8 21 1 13 1 10 23 6 19 21 12 10 18 23 8 11
27 13 17 3 6 14 7 1 20 13 23 10 20 18 7 3 17 1 16 1 13 8 19 13
28 15 4 7 12 11 9 22 7 8 9 10 10 5 17 18 14 4 18 18 21 15 13 12
29 6 6 2 18 9 1 2 20 2 20 19 12 6 21 8 14 1 19 17 8 12 2 2
30 4 4 6 13 17 13 16 21 2 23 22 3 14 5 15 12 2 23 4 4 11 22 4
31 2 21 5 3 8 22 9 13 1 10 3 7 20 2 8 1 11 6 7 1 3 1 20
32 13 7 20 8 5 8 2 5 17 15 17 18 15 5 3 6 19 20 2 21 4 16 15
33 1 9 13 13 19 17 9 16 20 5 15 6 14 7 16 15 1 2 20 9 13 10 1
34 16 10 1 15 22 15 4 16 8 11 13 3 1 11 18 11 2 22 18 3 3 20 20
35 7 19 11 10 15 23 21 7 4 1 8 3 23 3 7 22 14 8 12 20 22 14 1
36 8 2 3 9 16 15 6 3 22 16 18 17 12 13 21 22 23 3 11 5 21 11 4
37 11 9 20 14 23 8 16 7 4 4 4 11 1 9 3 15 9 23 4 10 15 17 18
38 6 11 5 7 3 6 19 18 20 21 9 11 11 22 22 14 12 4 23 15 13 9 11
39 11 9 12 12 7 12 21 17 3 8 16 5 17 1 9 3 13 22 1 9 22 20 6
40 18 9 13 17 6 20 21 8 17 4 16 2 6 4 11 3 21 5 19 3 15 22 15
41 1 1 6 10 16 3 20 20 22 20 2 22 16 8 11 14 2 4 1 11 2 20 13
42 22 15 6 10 14 23 16 8 14 13 5 10 12 10 18 16 14 20 8 11 1 1 15
43 9 23 22 9 11 20 15 21 2 13 6 10 18 2 9 15 15 13 8 20 14 16 17
44 8 7 7 6 10 7 16 3 4 14 20 20 8 10 14 15 16 4 13 23 3 7 20
45 22 10 6 4 16 2 13 2 21 23 15 22 5 6 21 7 15 14 1 20 20 12 20
46 13 14 21 16 12 15 6 21 15 17 16 1 2 17 3 1 19 23 17 23 8 17 23
47 13 9 7 5 22 17 5 6 18 11 16 12 13 13 22 19 1 9 10 11 6 3 11
48 3 23 1 6 15 7 21 2 10 18 13 13 15 8 23 11 16 14 16 15 16 11 23
49 21 16 15 17 8 17 7 19 17 20 22 23 22 5 15 11 11 14 17 6 4 14 20
50 8 13 23 9 5 8 18 15 23 6 9 21 22 8 14 4 11 6 17 23 1 14 23
