50
414 0
85 3505
386 1577
192 1892
169 1540
109 869
295 2375
112 2613
476 2994
71 3660
213 159
409 1109
426 3505
459 857
413 638
225 2924
196 2910
379 2768
151 2233
272 930
80 305
207 1796
335 1203
95 2698
144 2870
226 3261
446 653
198 2687
389 3138
138 1346
80 1492
452 1082
275 550
301 3489
465 2590
292 1669
201 1655
97 220
332 2166
384 3072
188 112
152 52
372 3134
72 2465
282 636
476 2002
120 3341
383 3934
240 2610
242 1010
0 39 46 42 31 53 56 56 51 31 45 11 47 9 39 39 18 8 9 48 57 15 52 13 52 37 49 21 58 53 5 26 40 31 31 38 19 6 18 12 51 30 43 27 33 8 15 51 13 57
54 0 9 34 41 10 7 31 54 39 59 32 38 58 60 53 54 32 48 60 50 50 48 47 13 15 37 33 6 9 59 56 45 33 47 7 56 47 44 55 15 12 6 36 49 57 49 15 30 42
32 6 0 53 46 11 9 43 50 31 32 54 58 43 32 47 42 55 49 53 46 53 47 49 15 10 30 30 12 5 52 48 53 52 38 8 51 51 45 55 5 13 7 33 51 47 35 13 51 37
44 52 38 0 26 57 59 9 8 15 6 47 8 43 10 24 46 48 54 27 12 55 9 32 39 36 21 58 50 55 53 49 5 10 15 60 55 42 50 32 33 31 57 52 12 30 45 58 48 23
37 30 52 18 0 31 58 24 19 18 30 38 30 50 18 11 55 42 40 8 22 58 18 58 55 51 13 36 60 44 47 42 18 23 22 54 45 50 33 32 33 54 45 34 16 46 59 49 34 10
48 12 10 54 51 0 10 46 32 34 50 43 50 34 33 33 51 30 36 30 33 47 59 51 12 5 48 41 14 13 56 40 52 33 37 14 40 57 56 52 6 10 15 55 47 33 35 7 45 39
38 10 5 47 40 13 0 34 45 58 48 40 37 33 47 56 43 55 41 41 50 50 44 59 8 13 40 39 9 6 46 48 60 55 49 5 36 36 30 30 8 15 13 60 31 60 48 6 36 45
59 41 59 7 18 33 39 0 10 9 7 31 10 44 8 24 33 50 58 21 15 36 8 56 31 33 30 60 32 46 43 59 9 8 9 32 56 37 38 57 38 36 40 54 12 36 30 57 40 19
53 52 30 12 20 45 53 7 0 13 14 46 14 35 6 28 49 47 45 21 8 59 10 44 49 54 18 48 42 56 36 59 12 15 15 50 56 45 40 31 54 37 36 60 7 45 53 60 33 19
31 51 31 8 18 48 56 5 8 0 9 41 14 57 8 18 47 48 59 25 15 47 10 35 59 58 18 32 47 33 59 30 11 9 10 49 60 47 40 33 58 48 44 44 6 55 33 50 50 25
56 39 49 9 26 54 50 13 10 5 0 45 12 44 5 21 55 59 58 18 8 59 8 58 40 46 30 53 30 59 55 46 14 15 5 35 40 53 60 39 39 45 40 48 15 38 30 58 44 27
8 33 38 39 60 58 38 43 49 37 48 0 52 9 48 38 28 6 8 35 47 27 48 5 32 33 38 26 51 39 8 27 45 59 50 32 24 11 28 5 30 39 36 30 34 12 13 51 7 45
49 44 49 7 22 34 54 13 6 13 13 34 0 31 6 21 35 38 58 24 14 49 15 33 30 55 27 42 46 42 30 38 11 12 12 41 48 41 37 50 45 54 43 39 7 47 40 37 33 29
7 50 33 52 35 34 60 40 45 43 34 6 44 0 44 43 16 10 8 31 57 18 57 13 37 49 36 19 39 45 8 22 37 51 38 40 21 13 15 10 41 47 58 19 47 5 15 38 11 34
52 48 35 6 18 49 43 15 13 5 9 53 12 42 0 30 34 40 30 26 11 41 11 42 57 47 18 41 30 51 47 59 8 12 5 36 56 51 38 46 56 57 39 36 5 51 55 41 58 29
55 42 60 15 12 50 39 23 24 26 16 45 28 58 29 0 42 55 53 11 28 47 30 59 41 56 6 58 54 46 47 38 22 23 26 57 38 36 60 57 56 59 47 54 22 36 32 45 52 9
21 48 40 47 36 40 33 40 59 47 44 18 52 19 30 35 0 25 26 56 56 15 30 24 31 34 59 11 47 50 25 15 55 44 51 41 10 29 5 28 43 54 55 11 57 27 25 46 27 56
8 47 30 55 31 34 41 35 41 60 52 10 60 6 48 51 18 0 12 59 56 26 41 14 57 38 41 22 44 46 5 26 60 42 44 57 15 5 26 7 30 35 43 29 47 9 6 37 5 50
12 48 55 37 58 42 45 33 38 34 42 11 31 14 55 30 16 13 0 44 35 23 55 9 32 47 53 17 40 44 5 30 51 38 60 57 24 10 18 9 46 49 54 22 52 5 11 42 7 38
39 49 44 23 10 60 35 15 24 28 17 53 27 60 28 9 59 53 35 0 18 56 28 48 31 47 13 50 52 50 47 32 21 17 18 31 34 59 35 47 50 45 37 55 18 58 34 37 58 13
35 56 44 5 15 57 47 11 10 9 15 42 14 48 6 20 40 52 52 26 0 33 5 42 46 51 17 47 47 55 35 36 8 5 7 32 52 40 50 52 37 33 58 58 14 58 30 35 48 20
27 40 37 54 52 57 59 30 39 45 60 29 60 21 48 45 9 25 17 42 60 0 47 17 37 46 50 10 43 46 28 14 56 38 53 42 6 19 14 25 34 34 37 12 50 24 27 49 15 33
33 51 43 11 18 32 42 9 9 7 13 43 15 34 5 29 56 54 31 20 8 30 0 53 54 31 19 53 45 44 41 54 10 5 14 38 60 59 46 39 55 55 60 57 14 32 58 41 34 30
7 34 40 35 56 50 49 31 45 43 39 7 60 11 47 37 23 13 10 39 58 16 53 0 45 46 52 22 53 47 12 15 39 34 54 52 27 13 26 14 48 32 57 22 32 15 6 43 8 31
56 14 8 56 47 7 11 58 33 46 56 39 50 37 50 40 35 36 38 56 51 41 38 36 0 7 59 32 5 8 34 57 46 54 39 13 40 54 53 49 6 8 6 44 48 42 39 13 53 37
40 6 12 44 57 7 10 30 37 43 33 54 56 49 39 50 36 44 46 58 53 32 35 36 6 0 58 52 14 8 53 51 54 40 60 5 34 32 36 57 9 13 15 39 49 54 47 7 59 47
44 43 60 27 13 60 56 27 25 19 23 43 17 60 17 7 38 45 35 14 26 33 28 55 47 58 0 39 42 41 56 52 19 20 23 49 35 51 42 41 34 44 39 51 19 59 37 32 54 11
22 52 53 52 31 52 60 44 34 39 43 22 50 19 59 42 8 20 17 57 42 9 54 28 51 56 52 0 51 43 21 12 46 36 49 53 6 19 12 18 50 55 43 8 59 22 17 36 28 60
36 15 7 49 44 11 11 38 47 59 49 35 38 45 41 48 47 35 43 46 32 37 32 53 9 6 40 38 0 12 37 56 48 51 33 13 58 34 38 42 5 6 6 36 48 53 46 13 43 46
41 10 10 58 49 6 8 34 59 40 32 46 40 56 37 39 30 39 36 57 51 58 44 46 12 7 53 60 12 0 47 37 38 35 45 7 57 36 42 47 15 11 14 36 43 57 38 11 59 58
13 54 36 60 54 46 31 38 47 40 45 8 39 15 57 57 27 5 6 31 40 25 50 15 43 34 56 22 34 35 0 15 41 32 33 59 28 8 20 10 49 35 45 25 36 10 12 32 9 36
27 42 54 46 56 57 45 47 40 42 32 15 43 22 52 47 9 16 23 60 47 7 43 22 46 53 30 15 52 48 15 0 34 30 35 53 5 21 14 30 53 52 53 14 50 25 22 31 18 31
30 43 53 6 24 39 34 14 10 9 12 31 8 49 7 17 50 53 42 20 5 54 8 54 59 51 23 45 31 50 35 43 0 7 11 48 57 54 47 58 51 47 43 34 5 42 32 42 60 15
38 53 58 12 24 33 59 11 6 7 11 46 12 52 14 21 38 48 31 23 6 38 8 39 53 37 16 35 30 57 43 44 7 0 11 30 33 40 33 30 35 45 33 35 5 50 59 60 42 30
37 52 35 15 24 44 40 5 14 7 12 30 10 34 14 20 44 52 54 20 10 31 7 41 42 46 21 45 52 58 44 41 10 7 0 51 55 33 57 44 39 57 32 36 7 32 37 45 37 28
41 8 7 56 44 10 11 37 57 56 46 39 31 41 32 50 46 36 32 33 55 41 35 58 9 15 41 39 15 9 60 59 33 42 57 0 30 43 48 60 10 11 10 34 49 36 41 15 33 31
20 55 41 60 31 44 44 37 46 44 40 18 33 26 31 43 10 21 21 41 32 13 31 27 35 39 47 9 36 36 29 14 32 35 40 60 0 28 10 16 37 38 42 6 36 19 22 42 24 54
7 41 40 58 47 58 53 38 38 54 52 5 44 5 33 56 20 12 7 35 54 16 56 7 37 55 45 20 43 41 9 28 39 43 38 59 22 0 27 12 45 56 59 22 32 5 12 33 6 49
15 57 31 40 47 43 59 33 48 58 36 18 32 21 38 42 8 17 19 57 42 8 35 17 30 60 30 13 60 50 19 7 60 37 51 35 5 18 0 23 39 35 46 14 53 16 29 60 22 59
13 32 59 59 40 32 45 38 53 53 52 7 55 9 59 53 18 5 7 55 46 16 53 12 31 53 57 19 41 37 14 25 59 32 44 48 24 7 17 0 39 39 30 16 60 6 8 60 14 41
58 15 10 43 43 12 6 33 34 56 43 53 46 45 41 35 53 33 46 50 39 39 32 43 10 11 48 52 10 11 34 31 39 55 58 5 46 43 53 49 0 9 10 55 38 32 31 13 49 49
48 7 7 50 55 10 14 40 42 32 50 47 37 40 60 52 54 49 45 57 32 36 60 48 6 11 34 57 11 15 54 35 36 37 41 9 47 44 50 47 10 0 8 46 38 52 36 8 33 40
59 6 7 37 48 7 12 60 59 40 36 46 43 41 50 57 51 53 39 60 41 38 55 42 5 14 32 36 8 10 40 44 41 55 56 7 46 38 54 60 11 5 0 31 55 34 54 12 34 43
21 42 45 60 57 35 38 34 34 59 42 17 49 17 42 45 6 26 16 58 50 10 55 29 59 37 53 8 39 44 29 12 49 44 40 31 14 28 8 23 33 31 39 0 52 27 21 50 22 50
51 52 33 13 19 44 52 7 15 6 14 48 13 49 14 29 46 43 39 27 14 53 12 42 42 48 26 41 47 43 58 47 11 8 14 30 60 42 44 42 37 30 35 31 0 33 39 58 45 18
9 42 36 38 59 57 52 41 49 52 40 12 45 7 51 37 17 13 13 57 47 29 54 11 37 47 49 19 40 53 14 26 45 56 33 32 15 10 21 13 30 32 54 25 44 0 8 52 5 49
11 39 59 31 41 40 50 45 31 47 54 14 35 8 58 37 17 10 8 51 41 22 43 5 39 38 37 21 37 49 11 23 47 53 44 30 25 14 24 12 47 58 35 28 32 5 0 57 10 53
49 6 11 51 49 10 5 54 35 30 54 60 41 58 34 35 51 60 40 32 54 30 46 57 10 11 48 44 14 5 37 45 55 45 44 12 39 31 60 51 5 12 5 41 43 60 46 0 52 45
6 43 30 58 33 40 30 54 51 58 33 6 54 14 52 53 19 11 8 31 54 28 45 14 34 54 55 24 60 47 6 20 39 54 45 42 16 9 24 8 45 33 51 19 35 14 13 39 0 58
32 58 44 18 7 42 57 28 26 26 28 36 24 49 19 5 40 47 41 8 29 33 18 42 39 51 11 52 30 37 31 41 20 15 21 33 60 34 55 41 50 45 31 30 22 38 47 32 56 0
